11100000001100010111110100111010001011100001100001010110111110000011110001001101001010000000101011011000110010010010001100100110110100000100110011100000010011111101000000100110000000
11100000001100010111110100110010011100111110100001001111001111010010001000001000111010000000101011011000110010010010001100100110110100000100110011100000010011111101000000100110000000
11100000001100010111110100011001011000001110110110001101010101000100001110100100011111100101000011011011000110101011100011100011110010001101000001001100111110011100000011010000000001
11100000001100010110011111001111110101010100000011100110000011101001010100010001110100110011101110000001110011000000110101001110101000111000101101000100110100101000110110000101010011
11100000001100010111110100011001011000001110110110001101000001011010001111101100010101001010101000100110101101101111010001010111011000011101010011100000010011111101000000100110000000
11100000001100010111110100011001011000001110110110001101010101000100001110100100011111100101000011011011000110101011100011100011110010001101000110010010011001110010000011101010100001
11100000001100010111110100111011011110000011111000110000011110010010001100000101001010000000101011011000110010010010001100100110110100000100110011100000010011111101000000100110000000
11100000001100010111110100011001011000001110110110001101010101000100001110100100011111100101000011011011000110101011100011100011110010001101000110010010011001110010000011101010110101
10110110110001110000001100010110100010011010001001110011001010110101100101100011000001000110101111101100001001001011111011001101100110110010100101001100000000111001110001010101111100
10110110110001110000001100010110100010011010001001110011001010110101100101100011000001000110101111101100100001111111000000111000011011011001110011010101101100011100000011010000000001
11100000001100010111110100110010011100111110100001001111110110010001110011100000100001010100101011011000110010010010001100100110110100000100110011100000010011111101000000100110000000
11100000001100010111110100110010011100111110100010100111000011001111010110110000100001010100101011011000110010010010001100100110110100000100110011100000010011111101000000100110000000
11100000001100010110011111001111110101010100000011100110010111110111010100101111010001001010101000100110101101101111010001010111011000011101010011100000010011111101000000100110000000
11100000001100010111110100110011010110110010000111011011110111100101101100111101010000101110011001010110011110100101011000101001011000011101010011100000010011111101000000100110000000
11100000001100010111110100011001011000001110110110001101010101000100001110100100011111100101000011011011000110101011100011100011110010001101000110010010011001110010000011101010100100
11100000001100010111110100110010011100111110100010100111000011001111110111101101001000000001100000101001010000011111001100110111011000011101010011100000010011111101000000100110000000
11100000001100010111110100111010010001010101001101011011001000111111010110110000110101110101011010010111111111101001100000100000000100110111010001110000001110000110100101001010110101
