01001101110100100010000100001000100101010111110110010011011111110011100110110101110111110000001101111001110001110010001001111100011011010011100100110010001010010101110101010100101110
01001100011110010011100110001110010100011010100111111101111111110011100110110101110111110000001101111001110001110010001001111100011011010011100100110010001010010101110101010100101110
01001101110100100010000100001000100101010111110110010011011111110011100110110101110111110000001101111001110001110010001001111100011011010011111011111100101010010101110101010100101110
01001100011110010011100110001110101010110101110110010011011111110011100110110101110111110000001101111001110001110010001001111100011011010011100100110010001010010101110101010100101110
01001100011110010011100110001110010100011010100111111101111111110011100110110101110111110000001101111001110001110010001001111100011011010011111011111100101010010101110101010100101110
01001101110100100010000100001000100101010111110110010011011111110011100110110101110111110000001101111001110001110010001001111100011011010011111001001011001010010101110101010100101110
01001100011110010011100110001110101010110101110110010011011111110011100110110101110111110000001101111001110001110010001001111100011011010011111011111100101010010101110101010100101110
01001100011110010011100110001110010100011010100111111101111111110011100110110101110111110000001101111001110001110010001001111100011011010011111001001011001010010101110101010100101110
01001100011110010011100110001110010100010010010111100001110101111111010000111101111011101011010010000101111011110010101101001100110111011100011100010010001010010101110101010100101110
01001101110100100010000100001000100101010111110110010011011111110011100110110101110111110000001101111001110001110010001001111100011011010011111001001011001011000001011110111011110011
01001100011110010011100110001110101010001011110110010011011111110011100110110101110111110000001101111001110001110010001001111100011011010011100100110010001010010101110101010100101110
01001100011110010011100110001110010100010010010111100001110100100000000111000110101101111110011101111001110001110010001001111100011011010011100100110010001010010101110101010100101110
01001100011110010011100110001110010100100101110110010011011111110011100110110101110111110000001101111001110001110010001001111100011011010011100100110010001010010101110101010100101110
01001100011110010011100110001110010100011010100111111101111111110011100110110101110111110000001101111001110001110010001001111100011011010011111001001011001011000001011110111011110011
01001100011110010011100110001110010100011110110111000011010111101000101111110010001001111111010000010100011100110000110001110110110101101100101100110010100110100010100000010011110011
01001101110100100010000100001000100101010111110110010011011111110011100110110101110111110000001101111001110001110010001001111100011011010011111011111100101101100100111100000111101101
01001100011110010011100110001110010110001101000011111000001001011110111100000000011100100110100000100011000100011001011111010001000001100110001111100100100000111100100101000110101110
