11001010000111001001110010111101110101100000001001100101101101011111010101100000010111010100101111110000101110101101110110110110001110111000110100001100011100111101011110101101110011
11001010000111001001110010111101110101100000001001100101101101011111010101100000010111011010011111110000101110101101110110110110001110111000110100001100011100111101011110101101110011
11001010000111001001110010111101110101100000001001100101101101011111010101100000010110111101111100100100101110101101110110110110001110111000110100001100011100111101011110101101110011
11001010000111001001110010111101110101100000001001100101101101011101111001110011010110011010011111110000101110101101110110110110001110111000110100001100011100111101011110101101110011
11001010000111001001110010111101110101100000001001100101101101011111010101100000010110011010011111110000101110101101110110110110001110111000110100001100011100111101011110101101110011
11001010000111001001110010111101110101100000001001100101101101011111010101100000010110011101111100100100101110101101110110110110001110111000110100001100011100111101011110101101110011
11001010000111001001110010111101110101100000001001100101101101011111010101100000010000000010000010101010011011000110100000011011010100001101011111101101001010111101011110101101110011
11001010000111001001110010111101110101100000001001100101101101011111010101100000010111100001110101000000011010100110100111100100100011111100111000011000110100001000110110000101110011
11001010000111001001110010111101110101100000001001100101101101011101111001110011010110010100101111110000101110101101110110110110001110111000110100001100011100111101011110101101110011
11001010000111001001110010111101110101100000001001100101101100001001100111010110010001111010011111110000101110101101110110110110001110111000110100001100011100111101011110101101110011
11001010000111001001110010111101110101100000001001100101101100001011001011000101010001111101111100100100101110101101110110110110001110111000110100001100011100111101011110101101110011
11001010000111001001110010111101110101100000001001100101101101011111010101100000010110011111011101111101100000010001010101100101100101100000101100001100011100111101011110101101110011
11001010000111001001110010111101110101100000001001100101101101011111010101100000010110010100101111110000101110101101110110110110001110111000110100001100011100111101011110101101110011
11001010000111001001110010111101110101100000001001100101101101011111010101100000010111101101110100110011001010100110100111100100100011111100111000011000110100001000110110000101110011
11001010000111001001110010111101110101100000001001100101101101011111010101100000010111101011110101000000011010100110100111100100100011111100111000011000110100001000110110000101110011
11001010000111001001110010111101110101100000001001100101101100001011101101110100101101010100101111110000101110101101110110110110001110111000110100001100011100111101011110101101110011
11001010000111001001110010111101110101100000001001100101101101010001000001011111110100101111111100100100101110101101110110110110001110111000110100001100011100111101011110101101110011
