01001011100100011000010000000111100000011101100111101000110000001001100111000110000010100010111010111010101110110001011101111011010011011000010011000110000000011101011011011001110110
01001011100001000000110110010101011110010111010010000011100110100100111101110011101001110100010111100000011011011010001011010110001001101101111000010000101101000111101100101101000100
01001011100100011000010000110011010011001101100111101000110000001001100111000110000010100010111010111010101110110001011101111011010011011000010011000110000000011101011011011001110110
01001011100000110111011000110111001000111100111001111001011001111110001101010000111101011001110001001000101110110001011101111011010011011000010011000110000000011101011011011001110110
01001011100100011000010101011011010101011010001100010010001111010011010111100101010110001111011100010010011011011010001011010110001001101101111000010000101101000111101100101101000100
01001011100100011000010000101100001101000111010010000011100110100100111101110011101001110100010111100000011011011010001011010110001001101101111000010000101101000111101100101101000100
01001011100100011000010001010000111000011101100111101000110000001001100111000110000010100010111010111010101110110001011101111011010011011000010011000110000000011101011011011001110110
01001011100001000000110111110001001101000111010010000011100110100100111101110011101001110100010111100000011011011010001011010110001001101101111000010000101101000111101100101101000100
01001011100100011000010101011011010101011010001100010010001111010011010111100101010110001111011100010101101010000111010000000011011001101101111000010000101101000111101100101101000100
01001011100000110111011000110111001000111100111001111001011001111110001101010000111101011001110001001111011111101100000110101110000011011000010011000110000000011101011011011001110110
01001011100000110111111001101110111000011101100111101000110000001001100111000110000010100010111010111010101110110001011101111011010011011000010011000110000000011101011011011001110110
01001011100001000000110011111001010000111100111001111001011001111110001101010000111101011001110001001000101110110001011101111011010011011000010011000110000000011101011011011001110110
01001011100100011000010101011011010101011010001100010010001111010011010111100101010110001110001101010110101110110001011101111011010011011000010011000110000000011101011011011001110110
10101110001100110101100101010001110101011111011001100111010111010111011000110000000110111100011111111000011011011010001011010110001001101101111000010000101101000111101100101101000100
01001011100001000000110011111001010000111100111001111001011001111110001101010000111101011001110001001111011111101100000110101110000011011000010011000110000000011101011011011001110110
01001011100000110010000010000110100000011101100111101000110000001001100111000110000010100010111010111010101110110001011101111011010011011000010011000110000000011101011011011001110110
11111010010101000100110001000100001011101010111011111001101110001101100010100001100111000011000110111110101110110001011101111011010011011000010011000110000000011101011011011001110110
