00011111001110101100101101101011001100100100010001101010011100100011101011001101100111111111001011101011110100000011110011110010011000000010001101101010011010111000010101111000001101
00011111001110101100101101101011001100100100010001101010011100100011101011001101100111111111001011101011110100000011110011110010011000000010001101101010011010111000001010100100001010
00011111001110101100101101101011001100100100010001101010011100100011101011001101100111111111001011101011110100000011110011110010011000000010001101101010011010111011101010100100001010
00011111001110101100101101101011001100100100010001101010011100100011101011001101110110101111001001001100100110001100110011101010111111110111001101110110001110000001010001101011111010
00011111001110101100101101101011001100100100010001101010011100100011101011001101100111111111001011101011110100000011110011110010011000000010001101101010011010110111101000000110001010
00011111001110101100101101101011001100100100010001101010011100100011101011001101110110101111001001001100100110001100110011101010111111110111001101110110001110000100001010100100001010
00011111001110101100101101101011001100100100010001101010011100100011101011001101110110101111001011101011110100000011110011110010011000000010001101101010011010111000010101111000001101
00011111001110101100101101101011001100100100010001101010011100100011101011001101100111111111001011101011110100000011110011110010011000000010001101101010011010111001111001010011111010
00011111001110101100101101101011001100100100010001101010011100100011101011001101110010011100101011101011110100000011110011110010011000000010001101101010011010111000010101111000001101
00011111001110101100101101101011001100100100010001101010011100100011101011001101100111111111001011101011110100000011110011110010011000000010001101101010011010111001111101010011111010
00011111001110101100101101101011001100100100010001101010011100100011101011010010100111111111001011101011110100000011110011110010011000000010001101101010011010111000010101111000001101
00011111001110101100101101101011001100100100010001101010011101110101100010101101100011011111101010000010101100000011110011110010011000000010001101101010011010111000010101111000001101
00011111001110101100101101101011001100100100010001101010011100100011101011001101110110101110011111000001100100010001001001010100110000110101001000001110001100101100001010100100001010
00011111001110101100101101101011001100100100010001001011111111010101101110111101100001000100001010100100000000111111100001111000000111111111111110010101101110001111101010100100001010
00011111001110101100101101101011001100100100010001101010011100100011101011001101100111111111010111111011101101110010111110110000110100011110110101100110101101001111101010100100001010
00011111001110101100101101101011001100100100010001101010011100100011101011001101110010011101001011101011110100000011110011110010011000000010001101101010011010111000010101111000001101
00011111001110101100101101101011001100100100010001101010011100100011101011001101100111111111001011101011110100000011110011110010011000000010001101101010011010111000010101111000001101
