01000001010101110100000010010000101100101100000011101011010101110101101111111010000000100101001110011011101111110101011000110001011110000110000001110010111101000101001101111011110100
01000001010101110110010010110101010000111011110010001100010000010000010111011100010001101110100010011110010000100101000101111101000011000110000001110010111101000101001101111011110100
01000101000001100010011001110110010100001000010011000111100011111111010111011100010001101110100010011110010000100101000101111101000011000110000001110010111101000101001101111011110100
01000001010101110100000010010000101100101110000101100010110001001001010001011111001010101010001110111010110010000011001111011010101110111000011010010000001111101101111101000001011000
10000110101011101000001111111010011101100111110101100100001110111111001000001001110101000100111110001010111111100111010100000000110110000011100100001111111110011010010111001001011000
10000110101011101000001111111010011101100111110101100100001110111111001000001001110101000100111110001010111111111000100100001001001111001001000111101010110011001111000101000001011000
01000101000001011111000110011011001100101110000101100010110001001001010001011111001010101010001110111010110010000011001111011010101110111000011010010000001111101101111101000001011000
01000101000001100010011001110110010100001000010011000000000011011000110101001111101011110011100011000001011010011110001111100011000001000110101011110011111110001000000101000001011000
01000001010101110100000011101100001110110110111100110001001111011000100100111000001000111101101000000101001100000101011000110001011110000110000001110010111101000101001101111011110100
01000001010101110100000010010000101100100111110010001100010000010000010111011100010001101110100010011110010000100101000101111101000011000110000001110010111101000101001101111011110100
01011100001111111000111011000100110010111100100000110110001000101010111000000001011101000010001101000111110110001111011100010011100000011011100000111001011000000100111101000001011000
10000110101011101000001111111010011101100111110101100100001110111111001000001001110101010010000111110101011110101100101000111111010100000101101010100001010010011010010111001001011000
01000001010101110100000010010000101100101110000101100010110001001001010001011111001010101010001110111010110010000011001111011010101110111000011010010000010111000100111101000001011000
01000001010101110100000010010000101100101100000011101011010101110101101111111010001011001010111110111010110010000011001111011010101110111000011010010000001111101101111101000001011000
10000110101011101000001111111010011101100111110101100100001110011111010101110011110010100000100111111010011010000001001001001101000100001010000111101010110011001111000101000001011000
01000001010101110100000010010000101100101100001001011010011001110101111110001101100011101011000101010000010010011110001111100011000001000110101011110011111110001000000101000001011000
01001110110010001110010101100000110101111110001101111101010001001101110110010001110000001110110010001011100111001011011000000000010010110100110101110010000011101001000000001011010111
