11101001110011001101101011011111010000110010001101011100000101100001100100000000010001000001101110111110100001101101101110000011010000000010011000110101111011010111011010000110000010
11101001110011001101101011011111010000110010001101011100000101100001100100010000111101110111010001100110111000100000100100100111111111001010101100001110001101000011111010100110000010
11101001110011001101101011011111010000110010001101001000001100101110011101000100011101010010100111001111100001000100011111100001011111100100101000111011101101011001000010100110000010
11101001110011001101101011011111010000110010001101001000001100101110011101000100011101010010100110000101110111100100110001000001010010101010010101100110011001010111010111101100001101
11101001110011001101101011011111010000110010001101001000001100101110011101000100011101010010100010101010111111010000001010101001101100010000111010110111100000000000101010100110000010
11101001110011001101101011011111010000110010001101001000001100101110011101000100011101010010100111001111100001000100011111100001011111100100101000111011110000100010101010100110000010
11101001110011001101101011011111010000110010001101001000001100101110011101000100011101010010100111001010111001110000100100010100011000011111011001111001101011110000101010100110000010
11101001110011001101101011011111010000110010001101001000001100101110011101000100011101010010100111001010111010011110100101011111010011110011010011111011000001101001110110001011001000
11101001110011001101101011011111010000110010001101001000001100101110011101000100011101010010100010101010111111010000001010110110000010001011001011110101111011010111011010000110000010
11101001110011001101101011011111010000110010001101001000001100101110011101000100011101010010100010101010111111000000111111001010000110011111011001111001101011110000101010100110000010
11101001110011001101101011011111010000110010001101001000001100101110011101000100011101010010100111001111100001000100110100100101010100100110000011001000000100001000111010100110000010
11101001110011001101101001111000101100010000111100010101101000111001111001011110000000101000011001010101011001101011010111101111001100101011100111111100110011000011111010100110000010
11101001110011001101101011011111010000110010001101001000001100101110011101000100011101010010100110000101110111110100000100111111100111001000001100111110001110011100100110001011001000
11101001110011001101101011011111010000110010001101001000001100101110011101000100011101010010100111001010111010001011000111011010101000100101101111101100100011000011001011000110000010
11101001110011001101101011011111010000110010001101001000001100101110011101000100011101010010100101011011010010110011100111111110011000011111011001111001101011110000101010100110000010
11101001110011001101101011011111010000110010001101001000001100101110011101000100011101010010100111001010111010001011000111000100111000101011001011110101111011010111011010000110000010
11101001110011001101101011111110010100101011011001111010101110110011100001001101100000111111001100010001101000101000000001001001010010111010101111000111001110011100100110001011001000
