10111100011000101000101101101101011000100100111011001001110101111010010101101010100010001001010101001111010111001110101111101100101001110101110101111011010110101110111000111110101001
10111100011000101000101101101101011000100100111011001001110101111010010101101010100010001000110110100100000010110000100111001100101001110101110101111011010110101110111000111110101001
10111100011000101000101101101101011000100100111011001001110101111010010101101010100010001000110110100100000010100101010010000101000010010101100001011011010110101110111000111110101001
10111100011000101000101101101101011000100100111011001001110101111010010101101010100010001000110110100100000010100000001001000101000010010101100001011011010110101110111000111110101001
10111100011000101000101101101101011000100100111011001001110101111010010101101010100010001000110110100100000010100101010010000101000010010101100001011011010100111011000100111110101001
10111100011000101000101101101101011000100100111011001001110101111010010101101010100010001000110110100100000010100000001001000101000010010101100001011011010100111011000100111110101001
10110100101110010001011101111110010101111110001110100010100011010111001111011111001001011111111000010101100010100101010010000101000010010101100001011011010110101110111000111110101001
10111100011000101000101101101101011000100100111011001001110101111010010101101010100010001001010101001111010111001110101111101100101001110101110101111011010110101011100000011000101001
10111100011000101000101101101101011000100100111011001001110101111010010101101010100111010010110000001101011111100000100111001100101001110101110101111011010110101110111000111110101001
10111100011000101000101101101101011000100100111011001001110101111010010101101010100010001000110110100100000010100000001001000101000101111011000000110010011001111111001101011110101001
10110100101110010001011101111110010101111110001110100010100011010111001111011111001001011111111000010101100010100101010010000101000010010101100001011011010100111011000100111110101001
10111100011111101100111100010111100010011010010100111111011001101001010001100001001000001111101111011010100100110000100111001100101001110101110101111011010110101110111000111110101001
10111100011000101000101101101101011000100100111011001001110101111010010101101010100010001001010101001111010111001011000111010000101001111110101100111110011011111001000011101000101001
10111100011000101000101101101101011000100100111011001001110101111010010101101010100010001001010101001111010111001110101111101100101001110101110101111011010100111011000100111110101001
10111100011000101000101101101101011000100100111011001001110101111010010101010010100110101110110000001101011111100000100111001100101001110101110101111011010110101110111000111110101001
10111100011000101000101101101101011000100100111011001001110101111010010101101010100010001001010101001111010111001110000100101011011110111100011111111110111100110111000100111110101001
10111100011000101000101101101101011000100100111011001001110101111010010101101010100010001001010101001111010111001110000100101011011110100101010100001101111001011011000101100001000100
