01110011010100010000001010000011101100111111000010010111100011111101010010001111111001101110010010100011100101110110101010101000100101110101111000001000101010100011011000001001101101
01110011010100010000001010000011101100111111000010010111100011111101010010001111111001101110010010100011100101110110101010101000100101110101111000001000101010100011011000011110100001
01110011010100010000001010000011101100111111000010010111100011111101010010001111111001101110010010100011100101110110101010101000100101110101111000001000101010100011011000001001100011
01110011010100010000001010000011101100111111000010010111100011111101010010001111111001101110010010100011100101110110101010101000100101110101111000001000101010100101010000000001110101
01110011010100010000001010000011101100111111000010010111100011111101010010001111111001101110010010100011100101110110101010101000100101110101111000001000101010011110000010101000110101
01110011010100010000001010000011101100111111000010010111100011111101010010001111111001101110010010100011100101110110101110110010101001100000000100000011001000101110011101101110010001
01110011010100010000001010000011101100111111000010010111100011111101010010001111111001101110010010100011100101110110101010101000100101110101111000001000101010100010000010101000110101
01110011010100010000001010000011101100111111000010010111100011111101010010001111111001101110010010100011100101110110101010101000100101110101111000001000101010011110000000111000100001
01110011010100010000001010000011101100111111000010010111100011111101010010001111111001101110010010100011100101110110101010101000100101110101111000001000101010011000000011111001000001
01110011010100010000001010000011101100111111000010010111100011111101010010001111111001101110010010100011100101110110101010101000100101110101111000001000101010011110000011010010100001
01110011010100010000001010000011101100111111000010010111100011111101010010001111111001101110010010100011100101110110101010101000100101110101111000001010100100101110011101101110010001
01110011010100010000001010000011101100111111000010010111100011111101010010001111111001101110010010100011100101110110101010101000100101110101111000001000101010100110000011010010100001
01110011010100010000001010000011101100111111000010010111100011111101010010001111111001101110010010100011100101110110101010101000100101110101111000001000101010011000000001111100110110
01110011010100010000001010000011101100111111000010010111100011111101010010001111111001101110010010100011100101110110101010101000100101110101111000001000101010100011011000010101100101
01110011010100010000001010000011101100111111000010010111100011111101010010001111111001101110010010100011100101110110101010101000100101110101111000001000101010100100000001111100110110
01110011010100010000001010000011101100111111000010010111100011111101010010001111111001101110010010100011100101110110101010101000100101110101111000001000101010011110000000101111100011
01110011010100010000001010000011101100111111000010010111100011111101010010001111111001101110010010100011100101110110101010101000100101110101111000001000101010100011011000001001101101
