11010100101100000110110011011110001000111110101110101100010010001101101000010000111110100111110000001000011011000001111111000010010000101000011100111111000011110101100110010100010000
11010100101100000110110011011110001000111110101110101100010010001101101000010000111110100111110000001000011011000001111111000010010000101010000110000101010110111101100110010100010000
11010100101100000110110011011110001000111110101110101100010010001101101000010000111110100111110000001000011011000001111111000010010000101010100100100111100101100101100110010100010000
11010100101100000110110011011110001000111110101110101100010010001101101000010000111110100111110000001000011011000011101110100101010101101110001010011111110110000101010111011110000000
11010100101100000110110011011110001000111110101110101100010010001101101000010000111110100111110000001000011011000001111111000010010000101000011100111111000011110101100101100100011001
11010100101100000110110011011110001000111110101110101100010010001101101000010000111110100111110000001000011011000011100000001110111000101000011100111111000011110101100110010100010000
11010100101100000110110011011110001000111110101110101100010010001101101000010000111110100111110000001000011011000001111111000010010000100011011000010100010001011001010111011110000000
11010100101100000110110011011110001000111110101110101100010010001101101000010000111110100111110000001000011011000001111111000010010000101010100101101001111000010001101010001100011001
11010100101100000110110011011110001000111110101110101100010010001101101000010000111110100111110000001000011011000011101110100101010101101110001010010110110111110001101010001100011001
11010100101100000110110011011110001000111110101110101100010010001101100111101000111110100111110000001000011011000001111111000010010000101000011100111111000011110101100110010100010000
11010100101100000110110011011110001000111110101110101100010010001101101000010000111110100111110000001000011011000011101110100101010101101101000101011110110101011101111010111110000000
11010100101100000110110011011110001000111110101110101100010010001101100111101000101000010000110101011000100100001011110010100000100011110010010100100111100101100101100110010100010000
11010100101100000110110011011110001000111110101110101100010010001101101000010000111110100111110000001000011011000001111111000010010010001101011011011111000011110101100110010100010000
11010100101100000110110011011110001000111110101110101100010010001101101000010000111110100111110000001000011011000001111111000010010000110101100011011110111110111001010111011110000000
11010100101100000110110011011110001000111110101110101100010010001101101000010000111110100100001111010000101111011001010110000111100100101000011100111111000011110101100110010100010000
11010100101100000110110011011110001000111110101110101100010010001101101000010000111110100111110000001000011011000001111111000010010000101010100001000111100101100101100110010100010000
11010100101100000110110011011110001000111110101110101100010010001101101000010000111110100111110000001000011011000001111111000010010000101000011100111111000011110101100110010100010000
