11111101101100111100110000100110101100100101110111100000111110101010100011000111010100100100011110010001111100000000100101011100000010101011111111100110111001111010101010110110101000
11111101101100111100110000100110101100100101110111100000111110101010100011000111010100100100011100111101101111010011011011010010000111011100011100101011111101011010010010000101001000
11111101101100111100110000100110101100100101110111100000111110101010100011000111010100100100011110010001111100000000100101011100000010101011111111100110111001111011111101111010101000
11100001101010010110011100100110101100100101110111100000111110101010100011000111010100100100011110010001111100000000100101011100000010101011111111100110111001111010101010110110101000
11100001101010010110011100100110101100100101110111100000111110101010100011000111010100100100011100111101101111010011011011010010000111011100011100101011111101011010010010000101001000
11111111000000100011110111110000000001111111000010001011101000000111111001110010111111110010110001100111011110110101010111001110011110010001001111011011111101011010010010000101001000
11111101101100111100110000100110101100100101110111100000111110101010100011000111010100100100011100111101101111010011011011001101010000100111001010100010111000010110000000000111100100
11100001101010010110011100100110101100100101110111100000111110101010100011000111010100100100011110010001111100000000100101011100000010101011111111100110111001111011111101111010101000
11111101101100111100110000100110101100100101110111100000111110101010100011000111010100100100011100111101101011011110000001100011000001111100000010001101010111001010010010000101001000
11100001101010010110011100100110101100100101110111100000111110101010100011000111010100100100011100111101101111010011011011001101010000100111001010100010111000010110000000000111100100
11111111000000100011110111110000000001111111000010001011101000000111111001110010111111110010110001100111011010111000001101100000000001010001110111010101011011011010110000110000100100
11111101101100111100110000100110101100100101110111100000111110101010100011000111010100100100011100111101101111000010101100111000000110000101101001111011001100111110101010110110101000
11111111000000100011110111110000000001111111000010001011101000000111111001110010111111110010110001100111011010111000001101100000000001010001110111010101011011011000001010001000100111
11100001101010010110011100100110101100100101110111100000111110101010100011000111010100100100011100111101101011011110000001100011000001111100000010001101010111001010010010000101001000
11111101101100111100110000100110101100100101110111100000111110101010100011000111010100100100011100111101101111010011011011001101011011100100011100101011111101011010010010000101001000
11111101101100111100110000100110101100100101110111100000111110101010100011000111010100100100011100111101101111010011011011010010000111011100011100101000110011110000011010000101001000
11100110011011101100110000100110101100100101110111100000111110101010100011000111010100100100011100111101101111010011010000100011011010110011010000111111100100100011010100011110010111
