01000011000011100101110011110010000010110111000100111001111000001001010111010001101000101010010000010110001101100111010100101011010001011010111000100000110111110011111110011111100110
01000011000010001100111101000110000001010010101001010001001111110101100110100001101000101010010000010110001101100111010100101011010001011010111000100000110111110011111110011111100110
01000011000011100101110011110010000010110111000100111001111000001001010111010001101000101010010000010110001101100111010100101011010001011010111000101011011110110000101000101010001111
01000011000011100101110011110010000010110111000100111001111000001001010111010001101000101010010000010110001101100111010100101101001010011000110000110011110111110011111110011111100110
01000011000011100101110011110010000010110111000100111001010011001011010111010001101000101010010000010110001101100111010100101011010001011010111000100000110111110011111110011111100110
01000011000011100101110011110010000010110111000100111001111000001111100111011100101010111011100000110011001000001111100110001110001110000001111000100000110111110011111110011111100110
01000011000011100101110011110010000010110111000100111001111000001001010111010001101000101010010000010110001101100111010100101011010001011010111000100000110111110010011101111010001111
01000011000011100101110011110010000010110111000100111001010010101010001000001000111000101010010000010110001101100111010100101011010001011010111000100000110111110011111110011111100110
01000011000010001100111101000110000001010010101001010001001111110101100110100001101000101010010000010110001101100111010100101011010001011010111000101011011110110000101000101010001111
01000011000011100101110011110010000010110111000100111001111000001001010111010001101000101010010000010110001101100111010100101011010001010101011110011000100101110000110000101010001111
01000011000011100101110011110010000010110111000100111001111000001001010111010001101000101010010000010110001101100111010100101011010001011010110101010001101111111100011101111010001111
01000011000011100101110011110010000010110111000100111001111000001001010111010001101000101010010000010110001101100111010100101011010001011010000100101000111011100010001101101010001111
01000011000011100101110011110010000010110111000100111001111000001111100111010110011011110111110011011100011111111100111101101100000010011100010011000100100100110000101000101010001111
01000011000011100101110011110010000010110111000100111001111000001001010111010001101000101010010000010110001101100111010100101011010001011010111000101011010111111100011101111010001111
01000011000011100101110011110010000010110111000100111001111000001001010111010001101000101010010000010110001101100111010100111010100111110011111001111011001011111000110000101010001111
01000011000011100101110011110010000010110111000100111001111000001110001101100100000011111100111101001100111000001100000010000110001011101111010011110110011010101001001000101010001111
01000011000011100101110011110010000010110111000100111001111000001001010111010001101000101010010000010110001101100111010100101011010001011010111000100000110111110011111110011111100110
