100001001000010110100110110110110000000011111100110110011000000001001010111110001100101010101100111100101100100010101011001001110111000001001001101010011000001111110001001101110000
100001001000010110100110110110110000000011111100110110011000000001001010111110001100101010101100111100101100111101001011101010110001010100000101110100101110111011001101001101100011
100001001000010110100110110110110000000011111100110110011000000001001010111110001100101010101100111110001100010101111001010100011110000000001001010100101000100000010010101110000101
100001001000010110100110110110110000000011111100110110011000000001001010111110001100101010101100111101110011001001010111110100000001100011010111110110001111011111001101111110000101
100001001000010110100110110110110000000011111100110110011000000001001010111110000000001110111011001011001111010110100101010000001101101011101001111111010110000001110110100101010011
100001001000010110100110110110110000000011111100110110011000000001001010111110001100101010101100111110001100010100111011001110001101101011101001111111010110000001110110100101010011
100001001000010110100110110110110000000011111100110110011000000001001010111110001100101010101100111100110001010010111011001110001101101011101001111111010110000001110110100101010011
100001001000010110100110110110110000000011111100110110011000000001001010111110001100101010101100111100101100110011011101110001011000000000001001010100101000100000010010101110000101
100001001000010110100110110110110000000011111100110110011000000001001010111110001100101010101100111111001110000110110010011110110000000000001001010100101000100000010010101110000101
100001001000010110100110110110110000000011111100110110011000000001001010111110001100101010101100111110010001010010111011001110001101101011101001111111010110000001110110100101010011
100001001000010110100110110110110000000011111100110110011000000001001010111110001100101010101100111100101100100010101011001001110111000011110000001101010110000001110110100101010011
100001001000010110100110110110110000000011111100110110011000000001001010111110001100101010101100111110010001111110111100010000000001011011101001111111010110000001110110100101010011
100001001000010110100110110110110000000011111100110110011000000001001010111110001100101010101100111100101110110001100000001101101101101011101001111111010110000001110110100101010011
100001001000010110100110110110110000000011111100110110011000000001001010111110001100101010101100111100101100111101001011101010110000001001000110000111100001101101000100101010111011
100001001000010110100110110110110000000011111100110110011000000001001010111110001100101010101100111100101100111101001011101010110001010100000101110100101110111011001101001101011110
100001001000010110100110110110110000000011111100110110011000000001001010111110001100010101100100101011111001100001110001001010111001101000111011111000011010100011001011000000111011
100001001000010110100110110110110000000011111100110110011000000001001010111110001100101010101100111100101100111101001011101010110001010100000101110100101110111011001101001101011110
