001001000101100011111111010001010111100000011000101101000000010010110101111101101000101100100010100111111001110110001100000000100010100001001110001101100011000001110111001100101000
001001000101100011111111010010101010110111101100000001010000000110000110111111110010101000011001110001101001101111010100001100110100010011100101111111011111111000100110000100101000
001001000101100011111111010010101010110111101100000001010000000000111100100011001100101000011001110001101001101111010100001100110100010011100101111111011111111000100110000100101000
001001000101100011111111010010101010110111010111100101110010010100001011000011001100101000011001110001101001101111010100001100110100010011100101111111011111111000100110000100101000
001001000100010000000011001101101010011000111011111010011001011101111010010010100100100100000110100111111001110110001100000000100010100001001110001101100011000001110111001100101000
001001000101100011111111010001010111100000000110000101011001010010110101111101101000101100100010100111111001110110001100000000100010100001001110001101100011000001110111001100101000
001001000101100011111111010010101010110111101011010110000111101010010101111101101000101100100010100111111001110110001100000000100010100001001110001101100011000001110111001100101000
001001000101100011111111010010101010110111101100000001011011100110000011000000010101100101101100010001111011110001110010110011101100010001100101111111011111111000100110000100101000
001001000101100011111100010100111011001010100101110100111001101000111010000111100110101100100010100111111001110110001100000000100010100001001110001101100011000001110111001100101000
001001000101100011111111010010101010110111010101011110101110111000101101001001100100001100100100111100100111001101101010001010111000101011010000001101100011000001110111001100101000
001001000101100011111111010010101010110111010111011010011010010100001011000011001100101000011001110001101001101111010100001100110100010011100101111111011111111000100110000100101000
001001000101100011111111010010101010110111010101011110101110111000101001101010111001000001001011100010011101011101000111000010100000100000110100010010110110111101010110101100010010
001001000101100011111111010010101010110111010110001010101110010111110000000001110110101111101111001000001000011111010010111010001111100010000101001000001111101011001011011011000101
001001000101100011111111010010101010110111101001111111101110100001101111100100100001000101010110110000001000011111010010111010001111100010000101001000001111101011001011011011000101
001001000101100011111111010010101010110111010101100001000110111100110010110101100011111000100001110101110011001010110010110101100010010010010001110011101011110011001011011011000101
001001000101100011111111010010101010110111010111100101110010010111000010000000110001111011100110011111101010100100011010110101100010010010010001110011101011110011001011011011000101
001001000100010000000011001101101010011001001100100111011111011001001110110110001110111101110000001000010101001001000100011010000111111000110010001001110101010100001010110001101000
