110101111001110101011011101000000011111101100011001101100110011001110011100000100001000000100000111000000000100110110011110110100010101000100111001000110110111001010110000010111001
110101111001110101011011101000000011111101100011001101100110011001110011100000100001000000100000111001101010110110110011110110100010101000100111001000110110111001010110000010111001
110101111001110101011011101000000011111101100011001101100110011001110011100000100001000000100000111000000000100110110011110110100010101000100111001000110110100011100101101100001001
110101111001110101011011101000000011111101111100110101110010111011110011100000100001000000100000111000000000100110110011110110100010101000100111001000110110111001010110000010111001
110101111001110101011011101000000011111101100011001101100110011001110011100000100001000000100000111000000000100110110011110110100010101000100111001000110110111001010111011100101001
110101111001110101011011101000000011111101100011001101100110011001110011100000100001000000100000111000000000100110110011110110100010111010100111001000110110111001010110000010111001
110101111001010110101011011000100011111101100011001101100110011001110011100000100001000000100000111000000000100110110011110110100010101000100111001000110110111001010110000010111001
110101111001110101011011101000000011111101100011001101100110011001110011100000100001000000100000110111000110100110100001110010100110111001100100001000110110111001010110000010111001
110101111001110101011011101000000011111101100011001101100110011001110011100000100001000000100000111000000000100110110011110110100010101000100100001110101011001110011011010110001001
110101111001110101011011101000000011111101100011001101100110011001110011100000100001000000100000111000000010011111011111010111010001001010100101110100000111000010001101010001001001
110101111001110101011011101000000011111101100011001101100110011001110011100000100001000000100000111000000000100110110011110110100010101000100111001000110110100011100101111110111001
110101111001110101011011101000000011111101100011001101100110011001110011100000100001000000100000111000000000100110110011110110100010101000100111001000110110100001001000000011111001
110101111001110101011011101000000011111101100011001101100110011001110011100000100001000000100000111000000010011111011111010111010001010101001010011000010100010100100110000011111001
110101111001110101011011101000000011111101100011001101100110011001110011100000100001000000100000111000000000100110110011110110100010101010010010100110000101000110100000000001111101
110101110110011010111010111111101110001101100111000111111011000010000101010110111010011110100111001001110001011110110011110110100010101000100111001000110110111001010110000010111001
110101111001110101011011101000000011111101100011001101100110011001110011100000100001000000100000111001101000000110010110001101010110111010100111001000110110111001010110000010111001
110101111001110101011011101000000011111101100011001101100110011001110011100000100001000000100000111000000000100110110011110110100010101000100111001000110110111001010110000010111001
