111111000011110010111101011011101001010011111010010110100010110111011100111100110010010100001001111011110011111010110010011001100101011101000110011011010100100001101000100010101111
111111000011110010111101011011101001010011111010010110100010110111011100111100110010010100001001111011110011111010110010011001100100100000100110101100000101100001101000100010101111
111111000011110010111101011011101001010011111010010110100010110111011100111100110010010100001001111011110011111010110010011001100101011101000000110001100001001111000111110010101111
111111000011110010111101011011101001011101010100111110011011011100100100010111010100110010001100111011011010101111001001010111101111111011111111100110111001001000001100000010101111
111111000011110010111101011011101001011101010100111110011011011100100100010001110101010101010111000111101110010100111011000101000111101001011101100101000011111000001100000010101111
111111000011110010111101011011101001010011111010010110100010110111011100111100110010010100001001111011110011111010110010011001100100100000100110101100100011001010001111000010101111
111111000011110010111101011011101001010011111010010110100010110111011100111100110010010100001001111011110011111010110010101100110000011010000110010010110101100000010111001110101111
111111000011110010111101011011101001011101010100111110011011011100100100010111010100110010001100111011011010010100010010001101110001111011101001001100111010000100111111110010101111
111111000011110010111101011011101001010011111010010110100010110111011100111100110010010100001001111011110011111010110010011001100111010000110000011011010100100001101000100010101111
111111000011110010111101011011101001010011111010010110100010110111011100111100110010010100001001111011110011111010110010011001100100100010001010011100011000100010000011001110101111
111111000011110010111101011011101001010011111010010110100010110111011100111100110010010100001001111011110011111010110010101100110000011010000110010010100101000110110010100010101111
111111000011110010111101011011101001011100100111111011000011110001101111011110001110010110000111010011100001110000111110011110101001101100001010011100011000100010000011001110101111
111111000011110010111101011011101001010011111010010110100010110111011100111100110010010100001001111011110011111010110010101100110000011010000110010010010000001111000111110010101111
111111000011110010111101011011101001010011111010010110100010110111011100111100110010010100001001111011110011111010110010011001100101011101000110000111011101000110110010100010101111
111111000011110010111101011011101001010011111010101111111110100110110011001100101110000100110101000101001101100110111011111010100111101110011001011010111000100010000011001110101111
111111000011110010111101011011101001010011111010010110100010110111011100111100110010010100001001111011110011111010110010011001100101011100011111110010110000111110111111101111010111
111111000011110010111101011011101001010011111010010110100010110111011100111100110010010100001001111011110011111010110010011001100101011100011111110000100110010100100101100111100010
