100110000001011101111111011011110101111110010100101001010010111000010011110001111110000101001000111010111011010001000000010110100011100010000000000110101010000111000110000100010001
100110000001011101111111011011110101111110010100101001010010111111111011001110101110000101001000111010111011010001000000010110100011100010000000000110101010000111000110000100010001
100110000001011101111111011011110101111110010101010100110111011011000100001010101110000101001000111010111011010001000000010110100011100010000000000110101010000111000110000100010001
100110000001011101111111011011110101111110010110101101100101100111111101011011100110000101001000111010111011010001000000010110100011100010000000000110101010000111000110000100010001
100110000001011101111111011011110101111110010101010000010000110010100110100000100100110001011011001001100011011000000100110110100011100010000000000110101010000111000110000100010001
100110000001011101111111011011110101111110010110010000101010001000010100000111111110000101001000111010111011010001000000010110100011100010000000000110101010000111000110000100010001
100110000001011101111111011011110101111110010100101001010001001010111000000110101110000101001000111010111011010001000000010110100011100010000000000110101010000111000110000100010001
100110000000000001000011101110000101110100010111010100101111111000000001011110111110000101001000111010111011010001000000010110100011100010000000000110101010000111000110000100010001
100110000001011101111111011011110101110001000010011100111000100000000110101000111110000101001000111010111011010001000000010110100011100010000000000110101010000111000110000100010001
100110000001011101111111011011110101111110010101010100111100111101010100110100100001111011100100101010111101100101011010011010100011100010000000000110101010000111000110000100010001
100110000001011101111111011011110101111110010101010000010000110101001110100000000000100110110101101101101000001010110111100010100011100010000000000110101010000111000110000100010001
100110000001011101111111011011110101111110010100101001010010111111111011010111000111110010101100011101110011100011111101011100100011100010000000000110101010000111000110000100010001
100110000001011101111111011011110101111110010100101000010001101110101011100101100111110010101100011101110011100011111101011100100011100010000000000110101010000111000110000100010001
100110000001011101111111011011110101111110010101010100111100111101011011111001000000100110110101101101101000001010110111100010100011100010000000000110101010000111000110000100010001
100110000000000001000011101110000101110100010111010101000100100010110001111111010000100110110101101101101000001010110111100010100011100010000000000110101010000111000110000100010001
100110000001011101111111011011110101111110010100101001011010101100101000111000100001111011100100101010111101100101011010011010100011100010000000000110101010000111000110000100010001
100101101011011110001101011010000101110110110110011000011010100100110001110000101001111111011000001010110000000010010100111011011100111101000001110111000110111111011111111000001001
