111000100100100100000001100011101101100001010111110111011100111101100101010011110111011111010001101001101101111101010001101101001110100111001100011000110010010001111001111010100001
111000100100100101011000000100110011010011100110110111011100111101100101010011110111011111010001101001101101111101010001101101001110100111001100011000110010010001111001111010100001
111000100100100100000001100011101101100001010111110111011100111101100101010011110111011111010001101001101101111101010001110000011000011101001100011000110010010001111001111010100001
111000100100100100000001100011101101100001010111110111011100111101100101010011110111011111010001101000110011101111111001101101001110100111001100011000110010010001111001111010100001
111000100100100100000001100011101101100001010111110111011100111101100101010011110111010110101011110001101101111101010001101101001110100111001100011000110010010001111001111010100001
111000100100100100000001100011101101100001010111110111011100111101100101010011110111011111010001101001101101111101010001101101001110100111001100011000110001110010100010111010100001
111000100100100100000001100011101101100001010111110111011100111101100100101101110111110000111110000001101101111101010001101101001110100111001100011000110010010001111001111010100001
111000001000101100010011001100111011001110010101110000100011111001000011010011110111011111010001101001101101111101010001101101001110100111001100011000110010010001111001111010100001
111000100100100100000001100011101101100001010111110111011100111101100101010011110111001010011111100101101101111101010001101101001110100111001100011000110010010001111001111010100001
111000100100100100000001100011101101100001010111110111011100111101000001100011110111011111010001101001101101111101010001101101001110100111001100011000110010010001111001111010100001
111000100100100100000001100011101101100001010111110111011100111101100100011011000101011110110000110110011000000011110010001101001110100111001100011000110010010001111001111010100001
111000100100100100000001100011101101100001010111110111011110100000100000101000010001001110101011110001101101111101010001101101001110100111001100011000110010010001111001111010100001
111000100100100100000001100011101101100001010111110111011110100000100001001111001111100010100000110001101101111101010001101101001110100111001100011000110010010001111001111010100001
111000100100100100000001100011101101100001010111110111011100111101100101010011110111011111010001101001101101111101010001101101001110100011100111010001010000000001100010101001000010
111000100100100100000001100011101101100001010111110111011100111101100101010011110111011111010001101001101101111101010001101101001110100111001100011101110011110001111001111010100001
111000100100100100000001100011101101100001010111110111011100111101100101010011110001001010111010100010111010111000001100001001111110100100011011110011100001111010111001111010100001
111000100100100100000001100011101101100001010111110111011100111101100101010011110111011111010001101001101101111101010001101101001110100111001100011000110010010001111001111010100001
