011110000011100011000000110000110001111110001111101010110111011111000101100010110111111000101111101001100111000111110100101101010000111101111101011001111010100101111001010000000011
011110000011100011000000110011000111011010011010010001011000010001001101111110001001100101001000100101000101101011010110101101100111101110100111101001110011111010101001010000000011
110001001110101000110101111101011011010111110101101101100111001000100000111111011101101111111100111001100011111110000010101011111111111101000110100100111010100001111101010110000100
011110000011100011110011101011001101100101010111001100001111011111000101100010110111111000101111101001100111000111110100101101010000111101111101011001111010100101111001010000000011
011110001111010101001100101101000110111100001011101010000011111011000101100010110111111000101111101001100111000111110100101101010000111101111101011001111010100101111001010000000011
011001011111111101001001000010011000100000000001101101100111001000100000111111011101101111111100111001100011111110000010101011111111111101000110100100111010100001111101010110000100
110100011111111011110001100100000101000101101110100000010011010100010111101001111100100111101000110010101100010000001100011100001011000000100110100100111010100001111101010110000100
100110101111011010011100110010001100011000110001011110110101101001110111011110110100010010101000100110000000010000111111101111010010111101000110100100111010100001111101010110000100
100110101111011010011111000000011001010001011000011111001110010011101010000111111010101101100110101011010101010111111101011100001011111011100001000010100000011110011000101001100100
011110001111010101001100101101000110111100001000001101111011011010111001010000010110101100101110011000111010011100010000010000101110100001001011100010001011000010111101100101011111
011110000011100011110011101011001101100101010111001010111100101100000001011010101001000110001111100110010100000111001110010001000101001010101001011101001001100011101000000101100111
110001001110101000110101111101011011010111110101101101100111001000100000111111011101101111111100111001100011111110000010101011111111111010101110111010111010100001111101010110000100
011110000011100011110011101011001101100101011110010010100001001010111100100100001001001010110110101010101011101110101001001111010010001011011000001001011000000011101101010110000100
110100011111111011110001100100000101000101101110100000010011010100010111101001111100100111101000110010101100010000001100011100001010111101000110100100111010100001111101010110000100
011110000011100011110011101011001101100101010111001010011000010001001101111110001001100101001000100101000101101011010110101101100111101110100111101001110011111010101001010000000011
011110001111010101001100101101000110111100001000001101111011011010111001010000010110101100101110011000111010011100010000010000101110100011011101100110000110100001111101010110000100
110100011111111011110001100100000100000011101111101110111000101011000010111100011101101111111100111001100011111110000010101011111111111101000110100100111010100001111101010110000100
