100011111101011111110101111100100010111100010001111110110110000000110011011111000110011010010001111011011110101011101100000100110001010101011111001010111100110001101101110010101101
100011111101011111110101111100100010111100010001111110110110000000110011011111000110011010010001111011011110101011101111110001000111111101011110000011101100010100000111000111010101
100011111101011111110101111100100010111100010001111110110110000000110011011111000110011010010001111011011110101011101100000100110000100101111001101110010001011011110010001111010000
100011111101011111110101111100100010111100010001111110110110000000110011011111000110011010010001111011011110101011101100000100110001010011010101010001011111011110000001010111010101
100011111101011111110101111100100010111100010001111110110110000000110011011111000110011010010001111011011110101011101100000100110001010101101110010110110001110111010101000110100101
100011111101011111110101111100100010111100010001111110110110000000110011011111000110011010010001111011011110101011101100000100110001010100000010000101001010111001101010111011010101
100011111101011111110101111100100010111100010001111110110110000000110011011111000110011010010001111011011110101011101100000100110001010100000111101001101101000000111111110111010101
100011111101011111110101111100100010111100010001111110110110000000110011011111000110011010010001111011011110101011101100000100110001010010101110011001110100101111000001111011010101
100011111101011111110101111100100010111100010001111110110110000000110011011111000110011010010001111011011110101011101100000100110001111110011101100011100001111110000001010111010101
100011111101011111110101111100100010111100010001111110110110000000110011011111000110011010010001111011011100011000101110111011000110110011110101111101111101110101001010010111010101
100011111101011111110101111100100010111100010001111110110110000000110011011111000110011010010001111011011110101011101100000100110001010100000010001110001111110010110101000110100101
100011111101011111110101111100100010111100010001111110110110000000110011011111000110011010010001111011011110101011100010000010100110111101011110000011101100010100000111000111010101
100011111101011111110101111100100010111100010001111110110110000000110011011111000110011010010001111011011110101011101100000100110001010100000010000101001010110111100001010111010101
100011111101011111110101111100100010111100010001111110110110000000110011011111000110011010010001111011011110101011101100000100110001010110111011000111001100010100000111000111010101
100011111101011111110101111100100010111100010001111110110110000000110011011111000110011010010001111011011110101011101100000100110001010100000010000101001010110111001001011000101101
100011111101011111110101111100100010111100010001111110110110000000110011011111000110011010010001111011011110101011101100000100110001010100110010010011101111110010110101000110100101
100011111101011111110101111100100010111100010001111110110110000000110011011111000110011010010001111011011110101011101100000100110001010100000010000101001010110111110001100110111111
