110010011001100001101011111100010010101010100110000111111010011011001111001100111001100000001101010110010101000011001011011000101110000100011111011101010111001101111110010100010010
110010011001100001101011111100010010101010100110000111111010011011011001000010010100101100101001001010010110010110101110111000000011101011011100011000110110001001100000111100001011
110010011001100001101011111100010010101010100110000111111010011011001111001100010111111001110111100000011101101111011000000001001011000110110110001001010011110100111110010100010010
110010011001100001101011111100010010101010100110000111111010011011011001010001111100000000111111111011011010101111001011011000101110000100011111011101010111001101111110010100010010
110010011001100001101011111100010010101011100010000101100111110000110010100100101101111001101001001010010110010110101110111000000011101011011100011000110110001001100000111100001011
110010011001100001101011111100010010101010100110000111111010011011001111001100010111001100110011101101101000000110101110111000000011101011011100011000110110001001100000111100001011
110010011001100001101011111100010010101011100010000101100111110000110010100100010010010110101100111110001110111010101110111000000011101011011100011000110110001001100000111100001011
110010011001100001101011111100010010101010100110000111111010011011011010101101000010101100010011110000000110010110101110111000000011101011011100011000110110001001100000111100001011
110010011001100001001101001011000111110001000011100011001011001110011100001111101101101110101111111001010111100000111101110000001110011000001010110100011011101001100000011110110010
110010011001100001101011111100010010101010100110000111111010011011001111001100111001100000001101010110111000110110101110111000000011101011011100011000110110001001100000111100001011
110010011001100001101011111100010010101010100110000111111010011011001111001100111000101100101001001010010110010110101110111000000011101011011100011000110110001001100000111100001011
110010011001100001101011111100010010101010100110000111111010011011001111001100010111110001010100100011000010011100011010001111001010001111111010100000011110100111100001101001101111
110010011001100001101011111100010010101010100110000111111010011011011001010001111100001000011000000001100100111010110000111010111001000011101010011111100011111111000010010010010101
110010011001100001101011111100010010101010100110000111111010011011001111001100110000101111101000111100100111001011011111101100000111110001000001101110111011111101000110010100010010
110010011001100001101011111100010010101010100110000111111010011011001111001100010111111001110011101101101000000110101110111000000011101011011100011000110110001001100000111100001011
110010011001100001101011111100010010101010100110000110111100101111010111100011100100011111011100100111100001000110110110100100001010000010010111000010010110011110100001101001101111
110010011001100001101011111100010010101011100010000101100111010111000000101001010110010001000100101100001100001011101011010011010001000110001011110111010111001101111110010100010010
