000001111011000101111010011110000101110011111001100111100110000101111110001100100011110111011010000001001101001001010100000001110010100101001000110111110111111000111100100101110010
000001111011000101111010011110000101110011111001100111100110000101111110001100100011110111011010000001001101001001010100000001110010100101001001010000000111111000111100100101110010
000001111011000101111010011110000101110011111001100111100110000101111110001100100011110111011010000001001101001001010101100100100011010010010000111110101111101000001011110110010001
000001111011000101111010011110000101110011111001100111100110000101111110001100100011110111011010000001001101001001010100000001110010100101001000110101000100011010100110100101110010
000001111011000101111010011110000101110011111001100111100110000101111110001100100011110111011010000001001101001001010100000001110010100101001000110111110011111000111100100101110010
000001111011000101111010011110000101110011111001100111100110000101111110001100100011110111011010000001001101001001010100000001110010100101001000110110110000000001011001110110010001
000001111011000101111010011110000101110011111001100111100110000101111110001100100011110111011010000001001101001001010100000001110010100101001001100110011101110000111001110110010001
000001111011000101111010011110000101110011111001100111100110000101111110001100100011110111011010000001001111101111001100001010111110011001010011010010011001001001011001110110010001
000001111011000101111010011110000101110011111001100111100110000101111110001100100011110111011010000001100000101111000100011001101100101010101000110111110111111000111100100101110010
000001111011000101111010011110000101110011111001100111100110000101111110001100100011110111011010000001001101001001010100000001110010100101001010101110101011101001011001110110010001
000001111011000101111010011110000101110011111001100111100110000101111110001100100011110111011010000001001101001001010100000001110010100101001000101000011001001001011001110110010001
000001111011000101111010011110000101110011111001100111100110000101111110001100100011110111011010000001001101001001010100000001110010100101001000111110101111101000001011110110010001
000001111011000101111010011110000101110011111001100111100110000101111110001100100011110111011010000001001101001001010100000001110010100101110101000010011001001001011001110110010001
000001111011000101111010011110000101110011111001100111100110000101111110001100100011110111011010000001001101001001010100000001110010100101001010101110101011101000001011110110010001
000001111011000101111010011110000101110011111001100111100110000101111110001100100011110111011010000001001101001001010100000001110010100101001000110111110011111001111010111100110010
000001111011000101111010011110000101110011111001100111100110000101111110001100100011110111011010000001001101001001010100000001110010100101001000110101000100011000111100100101110010
000001111011000101111010011110000101110011111001100111100110000101111110001100100011110111011010000001001101001001010100000001110010100101001000110111110111111000111100100101110010
