001000011100010101101010011010011111101000100101000100111010101100010000000101010100111101100010110010101000011110100101110110001111100000010011111100111100101101101111001101011110
001000011100010101101010011010011111101000100101110011001001010010011110011101010100111101100010110010101000011110100101110110001111100000010011111100111100101101101111001101011110
001000011100010101101010011010011111101000100101000100111010101100111110011011011101110111010001100110001011100101111011110001100001001010001011111000011101100111111101011101011011
001000011100010101110010001101111111000011001001010001001000011110100110110001110010011101111010001111010101011011011011111001110101001001111000111001101001100111111101011101011011
001000011100010101101010011010011111101000100101000100111010101100010000000101011110101100000111001111000111010010111111111011101100100111000011011100010001100111111101011101011011
001000011100010101101010011010011111101000100101000100111010101100000011001101101100001101011100100100000011011000101010100101000110000010111001001110110100011101101111001101011110
001000011100010011100010100100011010111100111110011110100110100001001001011001001011110011011100010000110100100110110101111011011010110011110110111000011100101101101111001101011110
001000011100010101110010001101111111000000010011001000101010111111100000011001001011110011011100010000110100100110110101111011011010110011110110111000011100101101101111001101011110
001000011100010101101010011010011111101000100101000100111010101100111110011101010100111101100010110010101000011110100101110110001111100000010011111100111100101101101111001101011110
001000011100010101110010001101111111000011001001010001001000011110100110110001110010011101111010001111010101011011011011111001110101001001111000111001101010111101101111001101011110
001000011100010011100010100100011010111100111110011110100110100001000110001010110110100001111010101110011000011110100101110110001111100000010011111100111100101101101111001101011110
001000011100010101101010011010011111101000100101000100111010101100010000000101001011110011011100010000110100100110110101111011011010110011110110111000011100101101101111001101011110
001000011100010101110010001101111111000110100111100001100101011101111111011011111001101110011101011101000010100101000100100111101001111000110110111000011100101101101111001101011110
001000011101010000010000011100100000011110110000110101110100101000110111101000000001101010101010111101000110010101101011011000100111011101111110001001010100011101101111001101011110
001000011100010101101010011010011111101000100101000100111010101100111110011011011101110111010001100110001011100101111011110001100001001010011111000001101010111101101111001101011110
001000011100010101101010011010011111101000100101000100111010101100011100110011101110110001100010110010101000011110100101110110001111100000010011111100111100101101101111001101011110
110111010010011001110111000000111101010110110110101000110010110101011010100010100110111000000100000101110001000010101011111101100011001111100101110100000011000010101000100110000000
