011010001000100011011111010011000011011100101001000000100110011011111110100010001010111001000101110110111111001100011001110100101101101111101110110000000100011010001110001101010111
011010001000100011011111010011000011011100101001000000100110011011111110100010001010111001000101110110111111001100011001110100101101101111101110110000000100011010001110001110000111
011010001000100011011111010011000011011100101001000000100110011011111110100010001010111001000101110110111111001100011001110100101101101111101110110000000101000010000000000001010111
011010001000100011011111010011000011011100101001000000100110011011111110100010001010111001000101110110111111001100011001110100101101010101000100100111101100100101011010000111010111
011010001000100011011111010011000011011100101001000000100110011011111110100010001010111001000101110110111110000111001010101100100001111000000001011101100001000110011101101101010111
011010001000100011011111010011000011011100101001000000100110011000001100000110110010000101111110101101101001110010101100111010000010110110101010010101110001001010110111111001000010
011010001000100011011111010011000011011100101001000000100110011011111110100010001010111001000101110110111111001100011001110100101101101111101110110000000101000011011010010000011110
011010001000100011011111010011000011011100101001000000100110011011111110100010001010111001000101110110111111001100011001110100101101101111101110110000000101000011011011110000011110
011010001000100011011111010011000011011100101001000000100110011011111110100010001010111001000101110110111111001100011001100111110110110000101101010011100001000001010000100111010111
011010001000100011011111010011000011011100101001000000100110011000001100000110110010000101111110101101101001110010101100111010000010110110101101101100110001000110000001000110000111
011010001000100011011111010011000011011100101001000000100110011011111110100010001010111001000101110110111111001100011001110100101101101111101110110000000101000010000000000001000111
011010001000100011011111010011000011011100101001000000100110011000001100000110110010000101111110101101101001110010101100111010001010011001101101100111000100010001110101111000000111
011010001000100011011111010011000011011100101001000000100110011011111110100010001010111001000101110110111110000111001010101100100001111000000001011101100001000110011101101111010111
011010001000100011011111010011000011011100101001000000100110011011111110100010001010111001000101110110111111001100011001110100110110010111000001010101110010001001010100101111000111
011010001000100011011111010011000011011100101001000000100110011000001100000110110010000101111110101101101001110010101100111010001010011001101101100111000100010001110101111000100110
011010001000100011011111010011000011011100101001000000100110011011111011001111001001010111011100111100010000001110100100001111010101111000101101010011100001000001010000100111010111
011010001000100011011111010011000011011100101001000000100110011011111110100010001010111001000101110110111111001100011001110100101101101111101110110000000101000011011010011100100100
