01110100111011100011111011110011101010000110111010101101110101110000001110000010001111000000101111110001000110100100110010011001010001001111000000000100000001101111
01011001101010101101011100001011011001001100111010101101110101110000001110000010001111000000101111110001000110100100110010011001010001001111000000000100000001101111
01110100111011100011111011110011101010000110111010101101110101110000001110000010001111000000101111110001000110101101100001001100000001111110010011101000011101011100
01011001101010101101011100001011011001001100111010101101110101110000001110000010001111000000101111110001000110101101100001001100000001111110010011101000011101011100
01010000111110111010110100101110001111110110101100100101111011101100000101001100110101111101011011111010110100110011011011001100000001111110010011101000011101011100
01011001101010101101011100001011011001001100101101011001100101000000010110001011100101110011111100010101011111011101111011001100000001111110010011101000011101011100
01110110100011101000010110100010110111010000010110111110000101010101000111111100000011111111100110111001111010110111110111000101000000101000000001010101101001101111
01010000111110111010110100101101110101010011011001111001000000111001001100011110101001110011111100010101011111011101111011001100000001111110010011101000011101011100
01010000111110111010110100101101110101011111111010011001100101000000010110001011100101110011111100010101011111011101111011001100000001111110010011101000011101011100
01010000111110111010110100101110001111110110101100100101111011101100000101001100110101111101011011111010110100111101111011001100000001111110010011101000011101011100
01010000111110111010110100101101110101010010101001110010011000000000001101011010100111000000101111110001000110100100110010011001010001001111000000000100000001101111
01011001101010101101011100001011011001001111001000001110000101010101000111111100000011111111100110111001111010110111110111000101000000101000000001010101101001101111
01110100111011100011111011110011101010000110111010101101110101110000001110000010001111000000101111110001000110100100110010011001010001001111000000000101101001101111
01011001101010101101011100001011011001001100111010101101110101110000001110000010001111000000101111110001000110100100110010011001010001001111000000000101101001101111
01010000111110111010110100101110001111110110111010101101110101110000001110000010001111000000101111110001000110100100110010011001010001001111000000000100000001101111
01010000111110111010110100101110001111110110101100100101110111110011101001100111101111000100110011110110110011010010011001111111100110000010001111100111111110111111
00000011101001001010110011110111100101111001111100110000101010010111101100011000010101010110000001100001010101010011100010100011110010110101010101100000001111000110
