11101001000111111100010111110001101010100101100111001000111001011100110001011011101001101011101011110100011000001101100001100000100001101100110000000000010000001111
11101001000111111100010111110001101010100101100111001000111001011100110001011011101001101011101101100111010110001101100001100000100001101100110000000000010000001111
11101001000111111100010111110001101010100101100111001000111001011100110001011011101001101011101011010000011000001101100001100000100001101100110000000000010000001111
11101001000111111100010111110001101010100101100111001000111001011100110001011011101001101011101101110100011000001101100001100000100001101100110000000000010000001111
11101001000111111100010111111101101010100101100111001000111001011100110001011011101001101011101011110100011000001101100001100000100001101100110000000000010000001111
01001110001011110100000001100001101010100101100111001000111001011100110001011011101001101011101011110100011000001101100001100000100001101100110000000000010000001111
11101001000111111100010111110001101010100101100111001000111001010010101000011110101000111101000001110100011000001101100001100000100001101100110000000000010000001111
11101001000111111100010111110001101010100101100111001000111001011100110001011011101001101011101101100111011000001101100001100000100001101100110000000000010000001111
11101001000111111100010111110001101010100101100111001000111001011100110001011011101001101011101001110100011000001101100001100000100001101100110000000000010000001111
11101001000111111100010111110001101010100101100111001000111001011100110001011011101001101011101101100110100101001101100001100000100001101100110000000000010000001111
11101001000111111100010111110001101010100101100111001000111001011100110001011011101001101011101101100111010100001101100001100000100001101100110000000000010000001111
11101001000111111100010111110001101010100101100111001000111001011100110001011011101001101000010110101101101000001101100001100000100001101100110000000000010000001111
11101001000111111100010111110001101010100101100111001000111001011100110001011011101001101011101010011110011011100010000011110011100001101100110000000000010000001111
11101001000111111100010111110001101010100101100111001000111001011100110001011011101001100011011011000001100001101111100001100000100001101100110000000000010000001111
11101001000111111100010111110001101010100101100111001000111001011100110001011011101001101011101101111100001011010001010110110000100001101100110000000000010000001111
01001110001011110101001000010001101010100101100111001000111001011100110001011011101001101011101011110100011000001101100001100000100001101100110000000000010000001111
11101001000111111100010111110001101010100101100111001000111001011100110001011011101001101011101011110100011000001101100001100000100001101100110000000000010000001111
