00111011111011101010101111110111100000101110110110101010110100010000101000001001001110011111000010100001011100100100111111011001000101010001001101101100000001110001
00111011111011101010101111110111100000101110110110101010110100010000101000001001001110011111000010100001011100100100111111011001000101010001001101101100000011011001
00111011111011101010101111110111100000101110110110101010110100011011010101001111001011010001000011011100000010111011011011100001111000001000111000100010011111001011
00111011111011101010101111110111100000101110110110101010110100010000101000001001001110011111000010100001011100100100111111011001000101010001001101101100001110010001
00111011111011101010101111110111100000101110110110101010110100011010111011001110100001000011101110101010111000111011011011100001111000001000111000100010011111001011
00111011111011101010101111110111100000101110110110101010110100010000101000001001001110011110101100011000101111010000111000100110101010111100101101010110111110101101
00111011111011101010101111110111100000101110110110101010110100011010111011001110100001000011101110101010111000111001101101111010011100000100000101101000111000101011
00111011111011101010101111110111100000101110110110101010110100010000101000001001001110011111000010100001011100100100111111011001000101010001001101100001000010101101
00111011111011101010101111110111100000101110110110101010110100011011010101001111001011010001000011011100000010111011011011100001111000001000111000101010110000101011
00111011111011101010101111110111100000101110110110101010110100010000101000001001001110011111000010100001011011010110010111011001000101010001001101101100000001110001
00111011111011101010101111110111100000101110110110101010110100011011010101001111001011010001000011011100000010111011011011100001111000001000111000101010111100001011
00111011111011101010101111110111100000101110110110101010110100011010111011001110100001000011111110101000001010101101001001011100001100000011001010011111011110010111
00111011111011101010101111110111100000101110110110101010110100010000101000001001001110011110101110101010111000111011011011100001111000001000111000100010011111001011
00111011111011101010101111110111100000101110110110101010110100010000101000001001001110011110101110101010111000111001101101111010011100000100000101101000111000101011
00111011111011101010101111110111100000101110110110101010110100010000101000001001001110011111000010100001000001011111101000000100011100100100001111010000110010111111
00111011111011101010101111110111100000101110110110101010110100010000101000001001001110011111000010100001011101000111110001010010001000111110010000100111000010101101
00111011111011101010101111110111100000101110110110101010110100010000101000001001001110011111000010100001011111100000001100110100010101010010101111111011111001100111
