10000011110101111000100001100010010001010010000010101111101101111110011111011101011100001011011110000011010110101000101110011111110110011110111011111101000100110010
10000011110101111000100001100010010001010010000010101111101101111110011111011101011100001011011110000011010110101000101110011111110110011110111011111101000000011101
10000011110101111000100001100010010001010010000010101111101101111110011111011101011100001011011110000011010110101000101110011111110110011110110101011110011111000000
10000011110101111000100001100010010001010010000010101111101101111110011111011101011100001011011110000011010110101000101110011111110110011110111011111100101101011000
10000011110101111000100001100010010001010010000010101111101101111110011111011101011100001011011110000011010110101000101110011111110110011110111011110110001100001000
10000011110101111000100001100010010001010010000010101111101101111110011111011101011100001011011110000011010110101000101110011111110110011110111011111101011010001000
10000011110101111000100001100010010001010010000010101111101101111110011111011101011100001011011110000011010110101000101110011111110110011111100100100001110010001000
10000011110101111000100001100010010001010010000010101111101101111110011111011101011100001011011110000011010110101000101110011111110110011110111000010111010101010101
10000011110101111000100001100010010001010010000010101111101101111110011111011101011100001011011110000011010110101000101110011111110110011110111011111101000001101000
10000011110101111000100001100010010001010010000010101111101101111110011111011101011100001011011110000011010110101000101110011111110110011111100100100001101001010101
10000011110101111000100001100010010001010010000010101111101101111110011111011101011100001011011110000011010110101000101110011111111000101001000111010100101010001000
10000011110101111000100001100010010001010010000010101111101101111110011111011101011100001011011110000011010110101000101110011111110110011110111011111111001000011101
10000011110101111000100001100010010001010010000010101111101101111110011111011101011100001011011110000011010110101000101110011111110110011110111001010011111010001000
10000011110101111000100001100010010001010010000010101111101101111110011111011101011100001011011110000011010110101000101110011111110110011110111011110110001010001000
10000011110101111000100001100010010001010010000010101111101101111110011111011101011100001011011110000011010110101000101110011111110110011110111011111101000101010101
10000011110101111000100001100010010001010010000010101111101101111110011111011101011100001011011110000011010110101000101110011111110110011110111011111000110111111101
10000011110101111000100001100010010001010010000010101111101101111110011111011101011100001011011110000011010110101000101110011111110110011110111011111101000100110010
