11110110010001000101101000000011010111111101100000000011010001011100110101001011111100011101110110110000100010111001110101001100110010111010101100111100010111100001
11110110010001000101101000000011010111110100001011000011010001011100110101001011111100011101110110110000100010111001110101001100110010111010101100111100010111100001
11110110010001000101101000000011010100111100001011000011010001011100110101001011111100011101110110110000100010111001110101001100110010111010101100111100010111100001
11110110010001000101101000000011010100111010100100001110111110011100110101001011111100011101110110110000100010111001110101001100110010111010101100111100010111100001
11110110010001000101101000000011010111110101010101100110110001111100110101001011111100011101110110110000100010111001110101001100110010111010101100111100010111100001
11110110010001000101101000000010110011110001100000000011010001011100110101001011111100011101110110110000100010111001110101001100110010111010101100111100010111100001
11110110010001000101101000000000111001110100001011000011010001011100110101001011111100011101110110110000100010111001110101001100110010111010101100111100010111100001
11110110010001000101101000000011010100111010100100001110110001111100110101001011111100011101110110110000100010111001110101001100110010111010101100111100010111100001
11110111001001110111111000101000000111111101100000000011010001011100110101001011111100011101110110110000100010111001110101001100110010111010101100111100010111100001
11110110010001000101101000000011010100101000110111000001010011101110110101001011111100011101110110110000100010111001110101001100110010111010101100111100010111100001
11110110010001000101101000000011010111110100101111100110110001111100110101001011111100011101110110110000100010111001110101001100110010111010101100111100010111100001
11110110010001000101101000000011010111110100100000000011010001011100110101001011111100011101110110110000100010111001110101001100110010111010101100111100010111100001
11110110010001000101101000000000111001111001110010110000100101011100110101001011111100011101110110110000100010111001110101001100110010111010101100111100010111100001
11110110010001000101101000000011010111110101110110010001101101011100110101001011111100011101110110110000100010111001110101001100110010111010101100111100010111100001
11110110010001000101101000000011010111110100100111111010010001011100110101001011111100011101110110110000100010111001110101001100110010111010101100111100010111100001
11110110010001000101101000000011010111111101100000000011010001011100110101001011111100011101110110110000100010111001110101001100111001010100101100111100010111100001
11110110010001000101101000000011010111111101100000000011010001011100110101001011111100011101110110110000100010111001110101001100110010111010101100111100010111100001
