10000010101100000010011001011011110110010100011010111011001010110000000101000100000000111001001010001101100110000111011101110000010010100110000011010111110111101000
10000010101100000010011001011011110110010100011010111111100100000000001111000010000000111001001010001101100110000111011101110000010010100110000011010111110111101000
10000010101100000010011001011011110110010100011010111111100100000000001111000010011100111001001010001101100110000111011101110000010010100110000011010111110111101000
10000010101100000010011001011011110110010101110111000111001000110101101101011010110000111001001010001101100110000111011101110000010010100110000011010111110111101000
10000010101100000010011001011011110110010100011010111111100100000000001111000010001001010000110001010100010001010111110000111011000011000010010011010111110111101000
10000010101100000010011001011011110110010100011010111111100100000000001111000010001001100100110001010100010001010111110000111011000011000010010011010111110111101000
10000010101100000010011001011011110110010100011010111011001011001000110110101000000110111001001010001101100110000111011101110000010010100110000011010111110111101000
10000010101100000010011001011011110110010100011010111011000000111101101010011110000100111001001010001101100110000111011101110000010010100110000011010111110111101000
10000010101100000010011001011011110110010100011010111111100100000000001111000010001100111001001010001101100110000111011101110000010010100110000011010111110111101000
10000010101100000010011001011011110110010100011010111111100100101010101101011010110000111001001010001101100110000111011101110000010010100110000011010111110111101000
10000010101100000010011001011011110110010100011010111111100100000000001111000010000011110100011101110011011100000110100001101110010110001000000011010111110111101000
10000010101100000010011001011011110110010101110111000111001000110101101101011011111000111001001010001101100110000111011101110000010010100110000011010111110111101000
10000010101100000010011001011011110110010100011010111011000000111101101010010100111010011001001010001101100110000111011101110000010010100110000011010111110111101000
10000010101100000010011001011011110110010100011010111111100100000000001111111100100110111001001010001101100110000111011101110000010010100110000011010111110111101000
10000010101100000010011001011011110110010100011010111111100100000000001111000010110011110100011101110011011100000110100001101110010110001000000011010111110111101000
10000010101100000010011001011011110110010100011010111111100100000000001111000010001001010000011010111001101011110001001111001111000010111111001100110111110111101000
10000010101100000010011001011011110110010100011010111011000011110100010000101011101101000011101101101001101011110001001111001111000010111111101100011101000011000001
