01010010011110111000010100000000011011100110110101011011001111101000100010101000001101111110101000100111110111100111111111001110101011010000001100001010010010101101
01010010011110111000010100000000010011110000100110110010100110101000100010101000001101111110101000100111110111100111111111001110101011010000001100001010010010101101
01010010011110111000010100000000001100110000100110110010100110101000100010101000001101111110101000100111110111100111111111001110101011010000001100001010010010101101
01010010011110111000010100000000010000001110010100001000011010101000100010101000001101111110101000100111110111100111111111001110101011010000001100001010010010101101
01010010011110111000010100000000011010111011110110010000011010101000100010101000001101111110101000100111110111100111111111001110101011010000001100001010010010101101
01010010011110111000010100000000000101111010010101011001111100000010110101111000001101111110101000100111110111100111111111001110101011010000001100001010010010101101
01010010011110111000010100000000011110110000100110110010100110101000100010101000001101111110101000100111110111100111111111001110101011010000001100001010010010101101
01010010011110111000010100000000011011010010011001110101110100010101000010101000001101111110101000100111110111100111111111001110101011010000001100001010010010101101
01010010011110111000010100000000011010101010010001011110010100101011100010101000001101111110101000100111110111100111111111001110101011010000001100001010010010101101
01010010011110111000010100000000000101100110110101011011001111101000100010101000001101111110101000100111110111100111111111001110101011010000001100001010010010101101
01010010011110111000010100000000000101111000110000100000011010101000100010101000001101111110101000100111110111100111111111001110101011010000001100001010010010101101
01010010011110111000010100000000011011100110110101011011001111101000111011101000001101111110101000100111110111100111111111001110101011010000001100001010010010101101
01010010011110111000010100000000011011100110110101011011001111010110010101010010001101111110101000100111110111100111111111001110101011010000001100001010010010101101
01010010011110111000010100000000011011100110110101011011001111101000100010101000001101111110101000100111110111100111111111001110101011010000001100001010001100010111
01010010011110111000010100000000001110010001011011111010010001110000100010101000001101111110101000100111110111100111111111001110101011010000001100001010010010101101
01010010011110100010011111101110000000110000100110110010100110101000100010101000001101111110101000100111110111100111111111001110101011010000001100001010010010101101
01010010011110111000010100000000011011100110110101011011001111101000100010101000001101111110101000100111110111100111111111001110101011010000001100001010010010101101
