11111111110111010101001000001111101011100000111010111001111000010011111100101111010110000100000001111001101010011000111011110000000101111111000011110111000110111000
11111110001010000101001000001111101011100000111010111001111000010011111100101111010110000100000001111001101010011000111011110000000101111111000011110111000110111000
10110100100111010101001000001111101011100000111010111001111000010011111100101111010110000100000001111001101010011000111011110000000101111111000011110111000110111000
10110101101101010101001000001111101011100000111010111001111000010011111100101111010110000100000001111001101010011000111011110000000101111111000011110111000110111000
11111111001010000101001000001111101011100000111010111001111000010011111100101111010110000100000001111001101010011000111011110000000101111111000011110111000110111000
10110100100110110011111000001111101011100000111010111001111000010011111100101111010110000100000001111001101010011000111011110000000101111111000011110111000110111000
10110101101100010011111000001111101011100000111010111001111000010011111100101111010110000100000001111001101010011000111011110000000101111111000011110111000110111000
10111101111010010101001000001111101011100000111010111001111000010011111100101111010110000100000001111001101010011000111011110000000101111111000011110111000110111000
11111110011100010011111000001111101011100000111010111001111000010011111100101111010110000100000001111001101010011000111011110000000101111111000011110111000110111000
11111110010111010101001000001111101011100000111010111001111000010011111100101111010110000100000001111001101010011000111011110000000101111111000011110111000110111000
11111110000111010101001000001111101011100000111010111001111000010011111100101111010110000100000001111001101010011000111011110000000101111111000011110111000110111000
10110101110111010101001000001111101011100000111010111001111000010011111100101111010110000100000001111001101010011000111011110000000101111111000011110111000110111000
10110100100110100011111010001111101011100000111010111001111000010011111100101111010110000100000001111001101010011000111011110000000101111111000011110111000110111000
10111101111011011101000000001111101011100000111010111001111000010011111100101111010110000100000001111001101010011000111011110000000101111111000011110111000110111000
11111110001011011101000000001111101011100000111010111001111000010011111100101111010110000100000001111001101010011000111011110000000101111111000011110111000110111000
10110101101110011111001011111111101011100000111010111001111000010011111100101111010110000100000001111001101010011000111011110000000101111111000011110111000110111000
11111111110111010101001000001111101011100000111010111001111000010011111100101111010110000100000001111001101010011000111011110000000101111111000011110111000110111000
