011111111101101011000111001010111101011100101111101110101100000000001011110000101000111101111101100010011001011000110100011000111001100000001000110110000101100101110110011000001010
011111111101101011000111001010111101011100101111101110101100000000001011110000101000111101111101100010011001011000110100011000111001100000001000110110000100100101110110011000001010
011111111101101011000111001010111101011100101111101110101100000000001011110000101000111101111101100010011001011000110100011000111001100000001000110110000101100101110001001111000110
011111111101101011000111001010111101011100101111101110101100000000001011110000101000111101111101100010011001011000110100011000111001100111110010000010000111110001110110011000001010
011111111101101011000111001010111101011100101111101110101100000000001011110000101000111101111101100010011001011000110100011000111001100000001000111101110111110001110110011000001010
011111111101101011000111001010111101011100101111101110101100000000001011110000101000111101111101100010011001011000110100011000111001100001001010010001010010000010000110011000001010
011111111101101011000111001010111101011100101111101110101100000000001011110000101000111101111101100010011001011000110100011000110001001010101111010001000001111000001011100101001010
011111111101101011000111001010111101011100101111101110101100000000001011110000101000111101111101100010011001011000111010011001000100111111010001001001110101001011110111001111001010
011111111101101011000111001010111101011100101111101110101100000000001011110100011110011010010100000111111110001001101001010001110100100000000010010101010011110000100100101100100010
011111111101101011000111001010111101011100101111101110101100000000001011110000101000111101111101100010011001011000110100011000111001100000001000110110000101001011110111001111001010
011111111101101011000111001010111101011100101111101110101100000000001011110000101000111101111101100010011011101111011011001000100010100111110000100000001011000001011110110101101110
011111111101101011000111001010111101011100101111101110101100000000001011110000101000111101111101100010011001011000110100011000111001100000001000110110000101100101110100011100111010
011111111101101011000111001010111101011100101111101110101100000000001011110000101000111110010001010000010001111000001110111100010100011010001111000010010100001011111011100111101110
011111111101101011000111001010111101011100101111101110101100000000001011110000101110010111010001000100001001011001101100111011010110101110101001001010001011000000101110011000001010
011111111101101011000111001010111101011100101111101110101100000000001011110000101000111101111101100010011001011000110100011000110001001010101010100000110110110101110110011000001010
011111111101101011000111001010111101011100101111101110101100000000001011110000101000111101111101100010011011101111011011001000100010100111110010000010000111110001110110011000001010
011111111101101011000111001010111101011100101111101110101100000000001011110000101000111101111101100010011001011000110100011000111001100000001000110110000101100101110001001111000110
