001110100011111111101101000010111110101010110101110000101011100011101010111110001010100100100100111100101101011110001110000001111010011100001000010110100001000111100100010101100111
001110100011111111101101000010111110101010110101110000101011100011101010111000000011100010011000001000011010100001111111000001111010011100001000010110100001000111100100010101100111
001110100011111111101101000010111110101010110101110000101011100011101010111000101110011001000010000000011010100001111111000001111010011100001000010110100001000111100100010101100111
001110100011111111101101000010111110101010110101110000101011100011101010111110001110000001011010011100011010100001111111000001111010011100001000010110100001000111100100010101100111
001110100011111111101101000010111110101010110101110000101011100011101010111000000110010101101101111100011010100001111111000001111010011100001000010110100001000111100100010101100111
001110100011111111101101000010111110101010110101110000101011100011101010111110001010100100100100111100101110010110001110000001111010011100001000010110100001000111100100010101100111
001110100011111111101101000010111110101010110101110000101011100011101010111110001000111101101000011000111111111111111111000001111010011100001000010110100001000111100100010101100111
001110100011111111101101000010111110101010110000101110100011100000011110110110001101011111110101101110101011011011010101000010111000100000001000000011111111101100000100010101100111
001110100011111111101101000010111110101010110101110000101011100011101010111000101000110010011011101001111110111111101010100010110000011000011000011101000001000111100100010101100111
001110100011111111101101000010111110101010110101110000101011100011101010111001111110001100011010100111110001001111111010000111000100100010101000010110100001000111100100010101100111
001110100011111111101101000010111110101010110010101011001001110001101011101011111101110111000110100010111001111111011011111111100000100011100000010110000000100111100100010101100111
001110100011111111101101000010111110101010110101110000101011100011101010111000001111110111100010110111011111111101010101110101011000100011100000010110000000100111100100010101100111
001110100011111111101101000010111110101010110101110000101011100011101010111000001111110100101111011000101110101110000000110101011000100011100000010110000000100111100100010101100111
001110100011111111101101000010111110101010110101110000101011100011101010111001000110111110110010100011001110011111011110000111100000100011100000010110000000100111100100010101100111
001110100011111111101101000010111110101010110000101110000111000100011110101001101101101110101101111101000101110110100101111111011001001110011100011010011001100100001111111110010001
001110100011111111101101000010111110101010110101110000101011100011101010111110001010100100100100111101000101110110100101111111011001001110011100011010011001100100001111111110010001
101101001010101011101011110110010100100001011001010010011111010101000101001111011001001010010111000011100111101011101001100000100110110000101010100001000001100111100100010101100111
