010001111000110100101111101111010011100001111110111101000110100101101110101000000110110110011110011100000000001011111000110011100010010100101110100101010010111000100111110010100010
010001111000110100101111101111010011100001111110111101000110111100001101010000000010100001100011001011101011110010000101011010010110000010011100001011010010111000100111110010100010
010001111000110100101111101111010011100001111110111101000001010101000111100100100000100000100111000101001100011110110001101101110110000110101100001011010010111000100111110010100010
010001111000110100101111101111010011100001111110111101001101011001011011001111110001110000001011010011111110110101000000110011100010010100101110100101010010111000100111110010100010
010001111000110100101111101111010011100001111110111101000001010101000111100100100000100000111100000011000010000110101101101100001010101011111011010010010000011010111110111101111010
010001111000110100101111101111010011100001111110111100111111110111011000100110101101110101010110110010100001110010000101011010010110000010011100001011010010111000100111110010100010
010001111000110100101111101111010011100001111110111101000010100010110000101110101001100100010010000100100011010111001101000000001101101110100000000101010010111000100111110010100010
010001111000110100101111101111010011100001111110111101000110100101101110101000000110110110100111110011111000100000010011101111010110101100011011111011011001100000100111110010100010
010001111000110100101111101111010011100001111110111101000101010110111100100110011110101110101011110101101000010100101011110001101110000000111100001011010010111000100111110010100010
010001111000110100101111101111010011100001111110111101001101011001010001010110001011010001111010000101000001110110010110110001001101101110100000000101010010111000100111110010100010
010001111000110100101111101111010011100001111110111101000001010101000111100100100000100000100101100000001001010110010110110001001101101110100000000101010010111000100111110010100010
010001111000110100101111101111010011100001111110111100011101001101110000110001111100001011111101001010100110000100111001101011010010101110100000000101010010111000100111110010100010
010001111000110100101111101111010011100001111110111101000101000010010111011000010011010101010110110010100001110010000101011010010110000010011100001011010010111000100111110010100010
010001111000110100101111101111010011100001111110111100011101001101010100110111110111000001100011001011101011110010000101011010010110000010011100001011010010111000100111110010100010
010001111000110100101111101111010011100001111110111101000010100100001001110110111001110100011100000011000010000110101101101100001010101011111011010010010000011010111110111101111010
010001111000110100101111101111010011100001111110111101000110101111101001011100110100111001000100000011000010000110101101101100001010101011111011010010010000011010111110111101111010
010001111000110100101111101111010011100001111110111101000101000010010111011000010011010101011101100101100101111101110100101101000100000111101010001010101111001000111111101001010100
