110001001101101010001100101001111100000110001111010010011100011011000001001010011101100110100001001110011110100100101010101100010001111110001110010111111010010110100001001001010010
110001001101101010001100101001111111110110101000111101001111011010001000100111010101011101001011001111001111101000101010011110010010100000100011000001111010010110100001001001010010
110001001101101010001100101001111111110110101000111101010001011110000011001011011110010000100100010111010000011000011101001100011100000100110000111000001100111100000011101100010010
110001001101101010001100101001111111110110101000111101001111011010001000100111010011001000011011000110001110110000110011100101000110010001111000110001010110100000011011101100010010
110001001101101010001100101001111111110110101000111011010110001010011110011000100111010010000110111100110000000101010001111100011100000100110000111000001100111100000011101100010010
110001001101101010001100101001111111110110101000111101001111010101100111010010101110110101000110101100110000000101010001111100011100000100110000111000001100111100000011101100010010
110001001101101010001100101001111111110110101000111101010001011110000011001011011110010000100100010111010000011011000011111101010011001101010101101010011011110001100001001001010010
110001001101101010001100101001111111110110101000111101010001011110000011001011011110000110100111100101011101011111100100010111001010101001101010001101100111101010101110110011111100
110001001101101010001100101001111111110110101000111101001111010101100101111111110010010110001000001111001111101000101010011110010010100000100011000001111010010110100001001001010010
110001001101101011101101101100100111000010011000011101000110100000100111001000110111000100000100110010101001011111011101111100001011101011111101011100011101000101110110011000010010
110001001101101010001100101001111111110110101000111101010001011110000011001000110111000100000100110010101001011111011101111100001011101011111101011100011101000101110110011000010010
110001001101101010001100101001111111110110101000111101010001011110000011001011011110010000100100010111010000011011000011111000000000000100010010000100010110101000011101101100010010
110001001101101010001100101001111111110110101000111101010001011110000011001011011110010000100100010111010000011011000011111101010011001100000011011001000111001001101100000111101000
110001001101101100011011101001100011111011010011110011011001111001000001000111001001011000100010101100010111101000101010011110010010100000100011000001111010010110100001001001010010
110001001101101010001100101001111111110110101000111101010001011110000011001011011110010000100100110101100110001100110000000011101000011111010110101001010110100000011011101100010010
110001001101101010001100101001111111110110101000111101010001011110000011001000011001111101110000010000100011101010000110001111110100100101010010100001000011000010000011101010100010
110001001101101010001100101001111111110110101000111101001111010101100111010010101110111111110111100000110000000101010001111100011100000100110000111000001100111100000011101100010010
