101111010001100110001000000010111010000101000100111001111011011100011100010010100111011110010000101110100110010000010111001101010110110111100110000101011101110111011111101110100110
101111010001100100100000000010111010000101000100111001111011011100011100010010100111011110010000101110100110010000010111001101010110110111100110000101011101110111011111101110100110
101111010001100110001000000010111010000101000100111001111011011100011100010010100111011110010000101110100110010000010111001101010110110111100111111110110101110011010000100011101111
101111010001100110001000000010111010000101000100111001111011011100011100010010100111011110010000101110100110010000010111001101010110110110001011111110110101110011010000100011101111
101111010001000111101110001000110010100101000100111001111011011100011100010010100111011110010000101110100110010000010111001101010110110111100110000101011101110111011111101110100110
101111010001100100100000000010111010000101000100111001111011011100011100010010100111011110010000101110100110010000010111001101010110110111100111111110110101110011010000100011101111
101111010001100110001000000010111010000101000100111001111011011100011100010010100111011110010000101110100110010000010111001101010110110111100110000101011101011100011011011110000100
101111010001100110001000000010111010000101000100111001111011011100011100010010100111011110010000101110100110010000010111001101010110110111100111001000011011011100111011011110000100
101111010001100100100000000010111010000101000100111001111011011100011100010010100111011110010000101110100110010000010111001101010110110110001011111110110101110011010000100011101111
101111010001100110001000000010111010000101000100111001111011011100011100010010100111011110010000101110100110010000010111001101010110110111100110000110010011110011110000100011101111
101111010001100110001000000010111010000101000100111001111011011100011100010010100111011110010000101110100110010000010111001101010110110111100111110011010011110011110000100011101111
101111010001100110001000000010111010000101000100111001111011011100011100010010100111011110010000101110100110010000010111001101010110110111100111110010110011110011110000100011101111
101111010001100110001000000010111010000101000100111001111011011100011100010010100111011110010000101110100110010000010111001101010110110111100110000110110011100001101111111011100100
101111010001100110001000000010111010000101000100111001111011011100011100010010100111011110010000101110100110010010010101000010001100000011010101001000011011011100111011011110000100
101111010001100110001000000010111010000101000100111001111011011100011100010010100111011110010000101110100110010000010111001101111001010011101000101011010101110011010000100011101111
101111010001100100100000000010111010000101000100111001111011011100011100010010100111011110010000101110100110010000010111001101010110110111100110000101011101011100011011011110000100
101111010001100110001000000010111010000101000100111001111011011100011100010010100111011110010000101110100110010000010111001101010110110111100110000101011101110111011111101110100110
