111001000111000010110101011101111001001101011011011000111000101010111100111110100101110011010110110010011000010000100101110000111011100011010010001111101100010010010010100001110111
111001000111000010110101011101111001001101011011011000111000101010111100111110100101110011010110110010011000010000100101110000111011100011010010001100000001001011111000110001110111
000000010001101111101111101000010010011011110110000010000111110000101000100000100101110011010110110010011000010000100101110000111011100011010010001111101100010010010010100001110111
111110100111000010110101011101111001001101011011011000111000101010111100111110100101110011010110110010011000010000100101110000111011100011010010001111101100010010010010100001110111
000000010001101111101111101000010010011011110110000010000111110000101000100000100101110011010110110010011000010000100101110000111011100011010010001100000001001011111000110001110111
000000010001101111101111101000010010011011110110000010001101000001101010010011111111000110111101100100110101001010010000011011100011110011111100111100110000101100110010100001110111
111110100111000010110101011101111001001101011011011000111000101010111100111110100101110011010110110010011000010000100101110000111011100011010010001100000001001011111000110001110111
000000010001101111101111101000010010011011110110000010001101000001101010010011111111000110111101100100110101001010010000011011100011110011111100110010000011010100001111110101110111
000000010001101111101111101000010010011011110110000010001101000001101010010011111111000110111101100100110101001010010000011011100011110011111100111100101101110010111000110001110111
000000010001101111101111101000010010011011110110000010001101000001101010010011111111000110111101100100110101001010010000011011101101001110001000111010001100111011011101110101110111
111001000111000010110101011101111001001101011011011000111000101010111100111110100101111101101011101100110000010000100101110000111011100011010010001111101100010010010010100001110111
111001000111000010110101011101111001001101011011011000111000101010111100111110100101110011010110110010011000010000100101110000011110011101100111101110011001100010010010100001110111
111001000111000010110101011101111001001101011011011000111000101010111100111110100101110011010110110010011000010000100101110000111011100011010010000010110011111100110010100001110111
111001000111000010110101011101111001001101011011011000111000101010111100111110100101110011010110110010011000010000100101110000111011100011010010001100011100010010010010100001110111
111001000111000010110101011101111001001101011011011000111000101010111100111110100101110011010110110010011000010000100101100101010111011011000000110000100111111100110010100001110111
111001000111000010110101011101111001001101011011011000111000101010111100111110100101111101101011101100110000010000100101110000111011100011010010001100000001001011111000110001110111
000110001011001100101111001001011111111111111100101101111011011111000100101101111000110111111011111001000100110101000000011101101111100001111101011101011001001111100110111101010110
