101111101111110010100011000010010000110000100001100010001001101011011010101001101101101100001000110100010101101100100010001001111001000101010100100111110111011110111100011000010111
101111101111110010100011000010010000110000100001100010001001101011011010101001101101101100001000110100010101101100100010001001111001000101010010010110110110100101011010111101001110
101111101111110010100011000010011101010100001111111110111001100011110010001110110000110001010100011110000111010101001101000010010001111111101100111001010100010010010101011001010001
101111101111110010100011000010011101010100001111111110111001100011110010001110110000110001010100011110000111010101001101000010010001111100010110101111111100010101011010111101001110
101111101111110010100011000010011101010100001111111110111001100011110010001110110000110001101110111010000011011101011011011001001110010000011010101001010100010010010101011001010001
101111101111110010100011000010011101010100001111111110111001100011110010001110110000110001101110110001011111111111001011101111010001101110010100010100111111000100111101111101010001
101111101111110010100011000010011101010100001111111110111001100011110010001110110000110001101110110001101100101000100110000110100011001011000110101001010100010010010101011001010001
101111101111110010100011000010010000110000100001100010001001101011011010101001101101101100001000110100010101101101100001100111001000011110001110010110110110100101011010111101001110
101111101111110010100011000010011101010100001111111110111001100011110010001110110000110001101111000110000011011101011011011001001110010000011010101001010100010010010101011001010001
101111101111110010100011000010011101010100001111111110111001100011110010001110110000110001101001101001101000100000110000011101111100100100110000111001010100010010010101011001010001
101111101111110010100011000010011101010100001111111110111001100011110010001110110000110001101110010000101110000111101110110010011000111101000000011100111111000100111101111101010001
101111101111110010100011000010011101010100001111111110111001100011110010001110110000110001101110110001011111111111001011101111010000111000011101110111111100010101011010111101001110
101111101111110010100011000010011101010100001111111110111001100011110010001110110000110001010100011110000111010101001101000010010001111111101100111001011001000111000100110110000001
101111101111110010100011000010011101010100001111111110111001100011110010001110110000110001101110110001011111111111001011101111010001101110010100010100111111111110100110101111010001
101111101111110010100011000010011101010100001111111110111001100011110010001110110000110001010100011110000111010110010101111110111001001101110001111111111100010101011010111101001110
101111101111110010100011000010011101010100001111111110111001100011110010001110110000110001101001101001101000100000110000011101111100100100110000111001011001000111000100110110000001
101111101111110010100011000010010000110000100001100010001001101011011010101001101101101100001000110100010101101100100010001001111001000101010100100111110111011110111100011000010111
