001101010001000100100001111000000110000001001010100011110110010100001000100000100000000101001111100110011101111001110111011101101011000000111010011010101111011110101001001110111101
001101010001000100100101011011001000000101100101101100011001010110101000110011111100101100110001100110011101111001110111011101101011000000111010011010101111011110101001001110111101
001101010001000100100101011011001000000101100101101100011001010110101001111011110010100100010001100110011101111001110111011101101011000000111010011010101111011110101001001110111101
001101010001000100100101011011001000000101100101101100011001010110101000110010010101111101001111100110011101111001110111011101101011000000111010011010101111011110101001001110111101
001101010001000100100001111000000110000001001010100011110110010100111110000000100000000101001111100110011101111001110111011101101011000000111010011010101111011110101001001110111101
001101010001000100100001111000000110000001001010100011110110010100001000111101110001111101001111100110011101111001110111011101101011000000111010011010101111011110101001001110111101
001101010001000100100101011011001000000101100101101100011001010110101000110010011000010001111010011011110100101000001111011101101011000000111010011010101111011110101001001110111101
100110111111001111101101010010001111001110100110001001110111011111001101000110111101100100111010011011110100101000001111011101101011000000111010011010101111011110101001001110111101
001101010001000100100001111000000110000001001010100011110110010100001000100000011010111010010001100110011101111001110111011101101011000000111010011010101111011110101001001110111101
001101010001000100100101011011001000000101100101101100011001010110101001111011110001111101001111100110011101111001110111011101101011000000111010011010101111011110101001001110111101
001101010001000100100001111000000110000001001010100011110110010100001001110101011011110000110001100110011101111001110111011101101011000000111010011010101111011110101001001110111101
110011111110101111011001001011100100110010011001101011100010000000100000011110011011110000110001100110011101111001110111011101101011000000111010011010101111011110101001001110111101
001101010001000100100101011011001000000101100101101100011001010110101001111101000001101101100111100110011101111001110111011101101011000000111010011010101111011110101001001110111101
001101010001000100100001111000000110000001001010100011110110010100001001101000010101111101001111100110011101111001110111011101101011000000111010011010101111011110101001001110111101
001101010001000100100001111000000110000001001010100011110110010100001000100000010011111110011001010101111111010100000011100101101000111000111010011010101111011110101001001110111101
001101010001000100100101011011001000000101100101101100011001010110101000110011111100101001101010001001001100101100101001001110010111000111010010011010101111011110101001001110111101
100010101011001001110101111100001111100011001000010000111010001011011010100011101010001111010010010001110000011100110000010110101010010100000110110010111111111100111110001010110011
