110111110000100111110101000010101101000100110111110111101101011001110011100000000000011110111011111011010101110101100110001000101101001010111110111000011000010000011000011000100110
101011011101001001101110001101111001000100011110111100100000111101100111001001101110101011111110011010100100101110100111111101100011010010111110111000011000010000011000011000100110
110111110000100111110101000010101101000100110111110111101101011001000011101010010000011110111011111011010101110101100110001000101101001010111110111000011000010000011000011000100110
110111110000100111110101000010101101000100110111110111101101110101000101000010111000101001001000011011010100100001010011111100000101110010000110001110001000010000011000011000100110
110111110001000001110001110001001111010100000011110110010111011011100001101101110011000110000111111110110111011001000000101001011101100101010111000011011000010000011000011000100110
110111110000100111110101000010101101000100110111110111101101110101000101000010111000101001001000011011010111111111001100000111011100001000001110011101100001010000011000011000100110
110111110000100111110101000010101101000100110111110111101101011001110011100000000000011110111011111011010101111101001100000111011100001000001110011101100001010000011000011000100110
110111110000100111110101000010101101000100110111110111101101110101000101001101011010101011010000101101111000101110100111111101100011010010111110111000011000010000011000011000100110
101011101101011011011010001010011001111111000011110010111100011111101111111001011010101011010000101101111000101110100111111101100011010010111110111000011000010000011000011000100110
110111110000100111110000011010001011001001011001101100110001011010110011011001011010101011010000101101111000101110100111111101100011010010111110111000011000010000011000011000100110
101011011101001001101000001000101100011111011101111100111111111010101001100001101110101011111110011010100100101110100111111101100011010010111110111000011000010000011000011000100110
110111110000100111110101000010101101000100110111110111101101011001110011100001110011111011100001011010000010101110100111111101100011010010111110111000011000010000011000011000100110
101011101101011011011010001010011001111111000001011110101111011110111000010011111110110101011100000101010100100001010011111100000101110010000110001110001000010000011000011000100110
101011101101011011011010001010011001111111000001011110101111011110111001000101110010001011011100011111010101111101001100000111011100001000001110011101100001010000011000011000100110
110111110000100111110101000010101101000100110111110111101101011001000011101010010000011110111011111011010101111101001100000111011100001000001110011101100001010000011000011000100110
101011011101001001101000001000101100011111011101111100111111111011111011000000110000110000111110111001000011111101001100000111011100001000001110011101100001010000011000011000100110
101011100010010011011111010010111111110010101111000101110011100011101001011100010100110101101111110011010011000001000000111110111100000000101000101001100111011110011011011111010011
