111101000000100010010101001001010001111000100110111100010111111010100100100011101101100110011110100001101010111111000111111001001010101011111001111011100110001001011010110011101110
111101000000100010010101001001010001111000100110111100010111111010100100100011101101100110011110100001101010111111000111111001001010111001111001111011100110001001011010110011101110
111101000000100010010101001001010001111000100110111100010111111010100100100001001101100110011110100001101010111111000111111001001010101011111001111011100110001001011010110011101110
111101000000100010010101001001010001111000100110111100010111111010100101001100010111010011110101110111000111100101110010010010011100011010001101011011100110001001011010110011101110
111101000000100010010101001001010001111000100110111100010111111010011001101100010111010011110101110111000111100101110010010010011100011010001101011011100110001001011010110011101110
111101000000100010010101001001010001111000100110111100001011101001011000001110110111010011110101110111000111100101110010010010011100011010001101011011100110001001011010110011101110
111101000000100010010101001001010001111000100110111100010100101001000011000101101111000001111101100010000111000111100111001011000100110111101101011011100110001001011010110011101110
111101000000100010010101001001010001111000100110111100010111111010100100111110101011011110101111000001001001001011101001100010000011111111010001011011100110001001011010110011101110
111101000000100010010101001001010001111000100110111100010111111010100100100001001101100110011110100001101010111111000111111001001010111001111001111011100110001001011010110011101110
111101000000100010010101001001010001111000100110111100010111111010100100100011101101100110011110100001101010111111000111111001001010110111010001011011100110001001011010110011101110
111101000000100010010101001001010001111000100110111100010111111010100100111110101011011110101111000001001001001011101010111001110000011010001101011011100110001001011010110011101110
111101000000100010010101001001010001111000100110111101101111100010010100111001111000001011100101001110001001010001101000001111100110111001111001111011100110001001011010110011101110
111101000000100010010101001001010001111000100110111100010100101001000000111001111000001011100101001110001001010001101000001111100110111001111001111011100110001001011010110011101110
111101000000100010010101001001010001111000100110111100000011011010111100000101111000001011100101001110001001010001101000001111100110111001111001111011100110001001011010110011101110
111101000000100010010101001001010001111000100110111101101111100010010100111001110100111100010010001101000111011111001111001001101010110011011101011011100110001001011010110011101110
111101000000100010010101001001010001111000100110111100010111111010100100100011101101100110011110100001101010111111000111111001001010110111010101110111100111100011001111011111100010
111101000000100010010101001001010001111000100110111100010100101001000000101011111011011110101111000001001001001011101001100010000011111111010001011011100110001001011010110011101110
