111111000010001000101010111011101001011101011110000001010110011100110000100100111100001000010110001001101100101011011011100010001001000010100110000010010100011010100111010110100001
111111000010000011100110100011111101100010010100001110110011110111100110001001100110111101111101001101101100101011011011100010001001000010100110000010010100011010100111010110100001
111111000010000011100100110000000101010101101101110001110101010101111010010010111010000000101010000000100101100011011011100010001001000010100110000010010100011010100111010110100001
111111000010001000101010111011101001011101011110010001011111111000011011110000110001001101011100010100000110101101010001101101001001000010100110000010010100011010100111010110100001
111111000010001000101010111011101001011101011110000001010110011100110000110100111010000000101010000000100101100011011011100010001001000010100110000010010100011010100111010110100001
111111000010001000101010111011101001011101011110010001011111111000011011110000110001001101000100011001001100010101000011011101001001000010100110000010010100011010100111010110100001
111111000010001000101010111011101001011101011110000001010110011100110000100100111100001001010000000111111001100011011011100010001001000010100110000010010100011010100111010110100001
111111000010000011110010001000001011010101110111100010001001011001010001111110011010100000101010000000100101100011011011100010001001000010100110000010010100011010100111010110100001
111111000010001000101010111011101001011101011110010001011111111000011010110100111010000000101010000000100101100011011011100010001001000010100110000010010100011010100111010110100001
111111000010000011110010001000000010100000110100010110011101010010011001010011010111110001010000000111111001100011011011100010001001000010100110000010010100011010100111010110100001
111111000010001000101010111011101001011101011110010001011111111000011011110000110001001101011001100101101100101011011011100010001001000010100110000010010100011010100111010110100001
111111000010001000101010111011101001011101011110000001010110011100110000100100111100000011100101000110111001100011011011100010001001000010100110000010010100011010100111010110100001
111111000010000011110110101011000101010001011000101111100110111010011111110101010011101110101101101101101100101011011011100010001001000010100110000010010100011010100111010110100001
111111000010001000101010111011101001011101011110000001010110011100110000100100111100000011111001010100101101101001100000111010110000111111001101001110000000001110001010100000101000
111111000010001000101010111011101001011101011110010001011111111000011001100010111110110010001011100001111110101001110110001000100111011001111010110101010110101110011101110100011100
111111000010001000101010111011101001011101011110010001011111111000011011110000110001001101011101100100101101101001100000111010110000111111001101001110000000001110001010100000101000
111111000010001000010000111110001110000000001011001011101010010011001101011101101011111000111010000000100101100011011011100010001001000010100110000010010100011010100111010110100001
