111011011100111110010101001011100001100010011110000100001000111110001010000100001110101000010111110011001011110111110101001001111001100111111011001000001100010100011010100101101101
111011011100111110010101001011100001100010011110000100001000111110001010000100001110101000000010010001010011011111011101001101000111001011001000100011100100110100100000100001010111
111011011100111110010101001011100001100010011110000100001000111110001011101110000100100100111100000010001101011001010100010000110011001011001000100011100100110100100000100001010111
111011011100111110010101001011100001100010011110000100001000111110001010000100001110101000010111110011001011110000000000001001111001100111111011001000001100010100011010100101101101
111011011100111110010101001011100001100010011110000100001000111110001010000100001110101000010111110011001011110111111111111111010110001100000110100011001000100110101110001111111111
010111101010110000001110011100000001011000111101101010011001010010010101100101001100010000011001010101000001010100111000100001111001100111111011001000001100010100011010100101101101
111011011100111110010101001011100001100010011110000100001000111110001010000100001110101000010111110011001011110111110110100001111001100111111011001000001100010100011010100101101101
111011011100111110010101001011100001100010011110000100001000111110001010000100001110101000010111110011001011110000000011100001111001100111111011001000001100010100011010100101101101
111011011100111110010101001011100001100010011110000100001000111110001010000100001110101000010111110011001000111001111111000001111001100111111011001000001100010100011010100101101101
111011011100111110010101001011100001100010011110000100001000111110001010000100001110101000010111110011001011110111110101011101000001101011001000100011100100110100100000100001010111
111011011100111110010101001011100001100010011110000100001000111110001010000100001110101000010111110011001011110111110101001010101110011100101001000011000010011001110100111110110000
111011011100111110010101001011100001100010011110000100001000111110001010000100001110101000010111110011001011110000000000000001111001100111111011001000001100010100011010100101101101
010000111001110001101100001110000011001011111111000010010000111010001110111011101101111001000100100001001001100111011010000001111001100111111011001000001100010100011010100101101101
111011011100111110010101001011100001100010011110000100001000111110001010000100001110101000010111110011001011110111111111000001111001100111111011001000001100010100011010100101101101
111011011100111110010101001011100001100010011110000100001000111110001010000100001110101000010111110011001011110111110101011010011010010010000000111111001011011110110101110101101101
111011011100111110010101001011100001100010011110000100001000111110001010000100001110101000000010010001010011011111011110100001111001100111111011001000001100010100011010100101101101
101101100011010110010110010011011001001000000101111111100001010100111010001111101000111011110010000010000000100100100000101010011000101011011010011111111101000101101100101101010101
