101111011110000101101111101011101001110110010101000101011011111010110110000101010000100000001001011010001111011110111001011000001011100101110100111100000000001001010001011111100111
101111011111010011100000001011111110100001000101000101011011111010110110000101010000100000001001011010001111011110111001011000001011100101110100111100000000001001010001011111100111
101111011110111111010001000100010110010101010101000101011011111010110110000101010000100000001001011010001111011110111001011000001011100101110100111100000000001001010001011111100111
101111011110000101101111101011100001000101110101000101011011111010110110000101010000100000001001011010001111011110111001011000001011100101110100111100000000001001010001011111100111
101111010000101000100010100110000010010101010101000101011011111010110110000101010000100000001001011010001111011110111001011000001011100101110100111100000000001001010001011111100111
101110000111110001001010010101110111010111100110011100101010011000100100110011011100100100001110100000101101101000100110010100011100001101000100000111101111010010111100010011010010
101111011110011111011000100111001100001111010011100010000101110011011111000011101000101010010000010100000110110000100111000010100100110011111010100100000101000011110101010100100111
101111011111010011100110001011101001110110010101000101011011111010110110000101010000100000001001011010001111011110111001011000001011100101110100111100000000001001010001011111100111
101110000111110001001010010101110111010111100110011100101010011000100100110011011100100100001110100000101101101000100110010100011100001101000100000111101111010010111100110010110111
101111011110100010111101000011010110010101010101000101011011111010110110000101010000100000001001011010001111011110111001011000001011100101110100111100000000001001010001011111100111
101110000111110001001010010101110001011110101001000011011011111010110110000101010000100000001001011010001111011110111001011000001011100101110100111100000000001001010001011111100111
101111011110000101101111101011100001001101011101000101011011111010110110000101010000100000001001011010001111011110111001011000001011100101110100111100000000001001010001011111100111
101111010000100000001001010001000011000111010111000100101010011000100100110011011100100100001110100000101101101000100110010100011100001101000100000111101111010010111100010011010010
101100100101000111001100011001001111100000011000110100101010011000100100110011011100100100001110100000101101101000100110010100011100001101000100000111101111010010111100010011010010
101111011110000101101111101011100001000010101110010000110000011000001001101110110010011111111011000010101011101010010010101001110010011110100000010001101110011011100111001111100111
101111011110011111011000100111001100001111010011100010000101110011011111000011101000101000101010100111100100010010001100010011011010100100010110001010101111001100110001011111100111
101100100101000111001100010110100011110110110010101101111110111000000001000110110111110110111110111000110110110000100111000010100100110011111010100100000101000011011110000111011110
