110001010110001110001011100110111110000011111110010001010111111111101001111000011000100100011010110001011100011000000101100010101010100011001100111000000101001000011010110110101001
110001010110001110001011101100001101110001101111010010010011001101000101110111000011100010110010001100001100011000000101100010101010100011001100111000000101001000011010110110101001
110001010110001110001011101100001111000011111110010001010111111111101001111000011000100100011010110001011100011000000101100010101010100011001100111000000101001000011010110110101001
110001010110001110001011101100001111000110100010111110011111001011010010001101100000010101100010110010100100011000000101100010101010100011001100111000000101001000011010110110101001
110001010110001110001011100110111110001101010000110011111000101101000011000111101101110000101001001010101011000100000101100010101010100011001100111000000101001000011010110110101001
110001010110001110001011100110111110001010111011001101111101001110100110001000010100110100100101011001111010001100011001101000010101100011001100111000000101001000011010110110101001
110001010110001110001011101100001111100101010101101100111100111011011001001011100011100011100101101100001100011000000101100010101010100011001100111000000101001000011010110110101001
110001010110001110001011100110111100111101111110010001010111111111101001111000011000100100011010110001011100011000000101100010101010100011001100111000000101001000011010110110101001
110001010110001110001011100110101001011111111011001011000110100100011010101100001110010010111000011101111101110011000101100010101010100011001100111000000101001000011010110110101001
110001010110001110001011101100001111100101010101101100111100111011011001011011010110101110010101110111010010111011000101100010101010100011001100111000000101001000011010110110101001
110001010110001110001011101100001111100101010100110111000001011010111011111011111011001110110101000111011010010010011001101000010101100011001100111000000101001000011010110110101001
110001010110001110001011101100001111100101010100110111000001011010111011111011111011001110110100111011111010000010011001101000010101100011001100111000000101001000011010110110101001
110001010110001110001011101100001101110001110000110011111000101101000011000111101101110000101001001010101011000100000101100010101010100011001100111000000101001000011010110110101001
110001010110001110001011101100001111000001001001000000110011110011111001000010101111111001001110000110001100011000000101100010101010100011001100111000000101001000011010110110101001
110001010110001110001011101100001111100101010100110111000001011010111011111010001011101100101110001010101001100011101101100010101010100011001100111000000101001000011010110110101001
110001010110001110001011101100001111100101010101101100111100111011011001011011010110101110010101110111010010111011000100011101111001001001011100101001001101011011001100101101111110
110001010110001110001011101100001111100101010000110110100001001111111001110111010001111010100101101100001100011000000101100010101010100011001100111000000101001000011010110110101001
