110011000000000001110101101011111110010011101101010110011001001011000101111011010001011000010100001101101010110010010010111011110011101100101111011110110011011100011011101001011101
110011000000000001110101101011111110010011101101010110011001001011000101111011010001011000001101100001001000110010010010111011110011101100101111011110110011011100011011101001011101
110011000000000001110101101011111110010010110011000011110111010011111110010111101111001110001011000010101010110010010010111011110011101100101111011110110011011100011011101001011101
110011000000000001110101101011111110010011101101011001010101010101110000000110101001010010011111011100111101100101101001101101111001010000000111100001000000010010011010110010001010
110011000000000001110101101011111110010010110010101001010101010101110000000110101001010010011111011100111101100101101001101101111001010000000111100001000000010010011010110010001010
110011000000000001110101101011111110010010110011000011110111010011111110010111101111011110001011000010101010110010010010111011110011101100101111011110110011011100011011101001011101
110011000000000001110101101011111110010011101101011001010101010101110000000110101001010010011111011100111101100101101001101101111001010101001111010000101000111110101111000011001101
110011001111111000001010101101011111110111010001000101111100101001000001001101011110000010100110001000001101110001101011011001101001110101101110111111010001000000110000000100011001
110011000000000001110101101011111110010010110010101001010101010101110000000110101001010010011111011100111101100101101001101101111001010101001111010000101000111110101111000011001101
110011001111101010001000000000111010010000011101111011110111010011111110010111101111001110001011000010101010110010010010111011110011101100101111011110110011011100011011101001011101
110011001111101010001000000001111011110010001100111110010100101011101110100010100001111101000011001110100011001111110011001001010100010000000111100001000000010010011010110010001010
000101010110000011101111110100100000000110101100111101000111010011111110010111101111001110001011000010101010110010010010111011110011101100101111011110110011011100011011101001011101
110011001111111000001010101101011111110111010001000011110111010011111110010111101111001110001011000010101010110010010010111011110011101100101111011110110011011100011011101001011101
110011001110111100000001100000110000010110011101011001010101010101110000000110101001010010011111011100111101100101101001101101111001010000000111100001000000010010011010110010001010
110011001110000011101111110100100000000110101100111101000111010011111110010111101111001110001011000010101010110010010010111011110011101100101111011110110011011100011011101001011101
110011000000000001110101101011111110010011101101011001010101010101110000000110101001010010011111011100111101100101101001101101111001010000000111100001000000101001000111101111100001
000101010110000011101111111100001101101100010111111110110011111100011011011100010110001110000101111011000001000111010010110100011010001010000100011110001111010100001100110000101110
