100001001000100011111000001011001001010011000011100100111111100110001101010011011110111100011110100101001111010000111011100101011111000100000000110101001011111110000111111011100001
100001001000100011111000001011001001010000111011111001101000100110001101010011011110111100011110100101001111010000111011100101011111000100000000110101001011111110000111111011100001
100001001000100011111000001011000001011000111101001001110101001110110111001000111001011110011011010100101011001111000111111000111100010101000011110001111011111110000111111011100001
100001001000100011111000001011000001011000111101001001110111111111111010011100111011000011000100111111100000101001011111000001000001000111101111101111101010111110000111111011100001
100001001000100011111000001011001001010011000011100001101101000011011001001101101001001101111001100000101000011010111110001010110011010101000011110001111011111110000111111011100001
100001001000100011111000001011000001011000111101001001111011011000000101011001010010010111100100011010010101100001110111001000010100110110001101111011110110100110111001000001100001
100001001000100011111110001000011100000000100100001100001101100011011111110010000111110001101101111000011011100001111100001111101101001010101101011000011110101100000101000001100001
100001001000100011111000001011001001010011000011100011000001100000010001011010110110001101111001100000101000011010111110001010110011010101000011110001111011111110000111111011100001
100001001000100011111110001000011100000000100100001100001101100110100110110100010110010110101111101111011110110011100100110110001110000101111111111011110110100110111001000001100001
100001001000100011111000001011001001010011000011100001100010101110010101110101001101010111100100011010010101100001110111001000010100110110001101111011110110100110111001000001100001
100001001000100011111000001011001001010011000011100001101101000011011001001111010100010100110010101101000010000110110101101001011100100011010111000100101110101100000101000001100001
100001001000100011111110001000011100000000100100001100001101100110100110110100010110010110101111101111011110110011100100110110001110011101001000101011011011000111001100100111100001
100001001000100011111110001000011100000000100100001100001101100110100110110100010110010110101111101111011110110011100100110110000001110110110101001000000100101010000111111011100001
100001001000100011111000001011000001011000111101001100100011111110000010001100010110010110101111101111011110110011100100110110001110000101111111111011110110100110111001000001100001
100001001000100011111110001000011100000000100100001100001101100110100110110100010110010110101111101111011110110011100100110110111001101100101110000011101011110111010101010111100001
100001001000100011111000001011001001010011000011100001100010101110010101110101110110000001000111101001001101110011101010101010010111101010110101011010000001101100000101000001100001
100001001000100011111000011110100010001110110010011100110011010001010111000001101001111101001010011010000110101110111010101010110101100111011011101110101110100111100000011000100100
