010111101100110111101011101100010100110100111100001010000101001001001010010010110010001111000011100110010011000100111001110100010011010001100111001101001110010111100101101111101111
010111101100110111101011101100010100110100111100001010000101001001001010010010110010001111000011100110010011000100111001110100010000001001100111001101001110010111100101101111101111
000011101100110111101011101100010100110100111100001010000101001001001010010010110010001111000011100110010011000100111001110100010011010001100111001101001110010111100101101111101111
000011101100110111101011101100010100110100111100001010000101001001001010010010110010001111000011100110010011000100111001110100010000001001100111001101001110010111100101101111101111
010111101100110111101011101100010100110100111100001010000101001001001010010010110010001111000011100110010011000100111001110100010011010001100001111101001110010111100101101111101111
010111101100110111101011101100010100110100111100001010000101001001001010010010110010001111000011100110010011000100111001110100010000011110011111001101111110010111100101101111101111
010111101100110111101011101100010100110100111100001010000101001001001010010010110010001111000011100110010011000100111001110100010000011011100111001101001110010111100101101111101111
010111101100110111101011101100010100110100111100001010000101001001001010010010110010001111000011100110010011000100111001110100010011010110010000011101001110010111100101101111101111
000011101100110111101011101100010100110100111100001010000101001001001010010010110010001111000011100110010011000100111001110100010011010001100001111101001110010111100101101111101111
010111101100110111101011101100010100110100111100001010000101001001001010010010110010001111000011100110010011000100111001110100111011011000111000011101001110010111100101101111101111
010111101100110111101011101100010100110100111100001010000101001001001010010010110010001111000011100110010011000100111001110100000001001111100111001101001110010111100101101111101111
010111101100110111101011101100010100110100111100001010000101001001001010010010110010001111000011100110010011000100111001110100010000011011100010011101001110010111100101101111101111
010111101100110111101011101100010100110100111100001010000101001001001010010010110010001111000011100110010011000100111001110100010011010000010011011010010000111000001100111110010111
010111101100110111101011101100010100110100111100001010000101001001001010010010110010001111000011100110010011000100111001110100010000011110011111000010000010100000011111010110000000
010111101100110111101011101100010100110100111100001010000101001001001010010010110010001111000011100110010011000100111001110100010001001010111010111010010000111000001100111110010111
010111101100110111101011101100010100110100111100001010000101001001001010010010110010001111000011100110010011000100111001110100111000010101101010111010010000111000001100111110010111
010111101100110111101011101100010100110100111100001010000101001001001010010010110010001111000011100110010011000100111001110100010000011110011111000111001111111011000000100101000110
