001010010010101011110111100011010101000000101000101011110100001000001000011000101111001010100100111100100010000101100001101000000110110100110101111100101010110000011011100110000110
001010010001001010100010001110110000010010001001111011110101001000001000011000101111001010100100111100100010000101100001101000000110110100110101111100101010110000011011100110000110
001010010010101011110111100011010101000000101010110110010101100100000101111101000110011110000100011001010100000110000010101011000011010100110010101110010010111111101111010001111110
001011011110110000101011111001100111100101000101110001000001100011011110110101110101111111001111101010001111011111010100000011010000011001101101010111000101101101011011111011101110
001011011110110000101010010101111111000110111011101100110100100011011110110101110101111111001111101010001111011111010100000011010000011001101101010111000101101101011011111011101110
001110001011110000000100001001101011101100010001011101101111001010000001110000101111010011110110011101110101001100011111010111110110011110100101101110010010111111101111010001111110
001011011110110000101011010101101010010000010100111011111001101111010011110010110001001001111111010001101100011011001100001001110110001101110001111110111111011111101111010001111110
001110001011110000000100001001101011101100010001011101101111001010000001110000101111010011110110011101110101001100011111010001100100100011010001100110110111101011011000011010000110
001010010010101011110111100011010101000000101010110110010101100100000101111101000110011110000100011001010100000110000010101011000010100000001001000001101100111010000101011011111100
001110001011110000000100001001101011101100010001011101101111001010000001110000101111010011110110011101110101001100011111010001100100100000111011101010001111100010011011100110000110
001110001011110000000100001001101011101100010001011101101111001010000001110000101111010011110110011101110101001100011111010111110110010100110101111100101010110000011011100110000110
001110001011110000000100001001101011101100010001011101101111001010000001110000101111010011110110011101110101001001000100000001111111100010111101111100101010110000011011100110000110
001010010010101011110111100011010101000000101010110110010101100100000101111101000110011110000100010111100110110001101000011110000001100011010011111000110111101100001101001101000110
001010010010101011110111100011010101000000101000101011110100001000001000011000101111001010100100111100100010000101100001101000010100101011010011111000110111101100001101001101000110
001011011110110000101110001110010001001001010110111011110101001000001000011000101111001010100100111100100010000101100001101000000110110100110101111100101010110000011011100110000110
001011011110110000101011111001100111100101000101110001000001100011011110110101110101111111001111101010001111011111010100000011010000011001111111100000101110110110011000111110000110
001110110010000000101011010101101010010000001001100001001100000100000101011111100010111100010101010011111110000101010000011110011111111001010100001111010001100101010110110001100000
