100011100010101011100100101000101111100001010100100110101111111100011101001110011110101111100010010100011010100010000010000101000001111000110000001110111101100001000011111011100110
100011100010101011100100101000101111100001010100001111011010111100011101001110011110101111100010010100011010100010000010000101000001111000110000001110111101100001000011111011100110
100011100010101011100100101000101111100001010100100110101111111100011101001110011110101111100010010100011010000110000010000101000001111000110000001110111101100001000011111011100110
100011100010101011100100101000101111100001010100001111011010001101111101001110011110101111100010010100011010100010000010000101000001111000110000001110111101100001000011111011100110
100011100010101011100100101000101111100001010100100110101111111100011101001110011110101111100010010100011000100010000010000101000001111000110000001110111101100001000011111011100110
100011100010101011100100101000101111100001010100100110101111111111111101001110011110101111100010010100011010100010000010000101000001111000110000001110111101100001000011111011100110
100011100010101011100100101000101111100001010100001111011010111011111101001110011110101111100010010100011010100010000010000101000001111000110000001110111101100001000011111011100110
100011100010101011100100101000101111100001010100100110101111111100011101001110011110101111100010010100011010000001010010000101000001111000110000001110111101100001000011111011100110
100011100010101011100100101000101111100001010100100110101111111100011101001110011110000010101100110111110010100010000010000101000001111000110000001110111101100001000011111011100110
100011100010101011100100101000101111100001010100100110101111111011111101001110011110101111100010010100011010100010000010000101000001111000110000001110111101100001000011111011100110
100011100010101011100100101000101111100001010100100110101111111100011101001110011110101111100010010100011010100010000010000101000000101110111001101110111101100001000011111011100110
100011100010101011100100101000101111100001010100100110101111111100011101001110011110101111100010010100011010100010000010000101000001111101011010101111101100000001000011111011100110
100011100010101011100100101000101111100001010100100110101111110011001001001110011110101111100010010100011010100010000010000101000001111000110000001110111101100001000011111011100110
100011100010101011100100101000101111100001010100100110101111100110101011011010100011101010001000000101011010100010000010000101000001111000110000001110111101100001000011111011100110
100011100010101011100100101000101111100001010100100110101111111100011101001110011110101111100010010100011010100010000010000101000001111000110000000100001100100110100110111000001011
100011100010101011100100101000101111100001010100100110101111111100011101001110011110101111100010100111000011010101110011100010000100011101001100001110111101100001000011111011100110
100011100010101011100100101000101111100001010100100110101111111100011101001110011110101111100010010100011010100010000010000101000001111000110000001110111101100001000011111011100110
