110001110111011111011000111010100100111000001001111110011010110111000110000111010011000000010010010110111100111100100111110001101110101101000010000011010110111011010000110011111110
110000011000110100100101010001110101001000001001111110011010110111000110000111010011000000010010010110111100111100100111110001101110101101000010000011010110111011010000110011111110
110001110111011111011000111011001111101110100100100100101111011100010000101010001001110101111001000000010001100110010111001000101100110010110011011000101010011000111110110011111110
110011011011001100011011000111001111101110100100100100101111011100010000101010001001110101111001000000010001100110010111001000101100110010110011011000101010011000111110110011111110
110011111101111011011111000111111111001111000100010011111101000011110011000010110110110001110011110101001001001010100001011001000101010101110000000111010010100101111001100001100010
110001000001011001010011000100100100111000001001111110011010110111000110000111010011000000010010010110111100111100100111110001101110101101000010000011010110111011010000110011111110
110110001001001110001100010111010100111000001001111110011010110111000110000111010011000000010010010110111100111100100111110001101110101101000010000011010110111011010000110011111110
110111111001001001111101111101010001000100101010101100100111011110110101111101010001000111011111111001110001011001100110010101010100100100011101000011111101000110000100110011111110
110001110111011111011000111010100100111000001001111110011010110111000110000111010011000000010010010110111100111100100111110001111011100010111011000111010110111011010000110011111110
110001110111011111011000111010100100111000001001111110011010110111000110000111010011000000010010010110111100111011110110111010001011001110010001011101110101110101100000100010011000
110011111101111011011111000111111111001110001011010111100111110001000001011111110100010100110100010100110100100101000000011100110000011001010011000001111101101101101110000101110010
110111101011010110000101110010010100011001101001001000010110010110000100111001100101100011010101101100110110110110110110110111100110000011000011101101011001111000001110111000110010
110011111101111011011111000111111111001110001011010111100111110001000001011111110100010100110100010100110100100101000000011100110000011001010011000001111101101101101110000101111000
110001110111011111011000111010100100111000001001111110011010110111000110000111010011000000010010010110111100111100100111110001101110101101000010000011010110111011010000001001111110
110011111101111011011111000111111111001110001011010000101111010000011000110000111011111111001110101011101100000110001011011001000101011110100000111111110000111001000110111001111000
110001110111011111011000111010100100111000001001111110011010110111000110000111010011000000010010010110111100111011110110111010001011001110010001011101110011101001111010100010011000
110110010111100110001011011011111011010101011111110010101011100100101011110001100010010110101011011110010010110011101001000011011010100011110101000100111101000111010010111010011000
