101111011111100011010010100100011010011010110110101000000010111110111100011010110110110110101011100110001010001110000000110100001100110110111010110011100101110100000101110111110101
101111011111100001111110111001011010011010110110101000000010111110111100011010110110110110101011100110001010001110000000110100001100110110111010110011100101110100000101110111110101
101111011111100011010010100100011010011010110110101000000010111110111100011010110110110110101011100110001010001110000000110100001100110110111010110011100101110100011100110101100001
101111011111100001111110111001011010011010110110101000000010111110111100011010110110110110101011100110001010001110000000110100001100110110111010110011100101110100011100110101100001
010011010011111101001000010001110001001100011011110010110111010101101010110111101100000011000000110000100111010100110101011111011010011011100000000110001110100010111000111110111101
101111011111100001111110111010110111001000110100110100111011010010001110101110011100100110111101110101101111000001110011000011001011111100101110100110000111000010000011011110011101
101111011111100011010011101100010010011010110110101000000010111110111100011010110110110110101011100110001010001110000000110100001100110110111010110011100101110100000101110111110101
010011010011111110001000010001110001001100011011110010110111010101101010110111101100000011000000110000100111010100110101011111011010011011100000000110001110100010111000111110111101
101111011111100011010011101100010010011010110110101000000010111110111100011010110110110110101011100110001010001110000000110100001100110110111010110011100101110100011100110101100001
101111100001001010100010100100011010011010110110101000000010111110111100011010110110110110101011100110001010001110000000110100001100110110111010110011100101110100000101110111110101
101111100001001010100010100100011010011010110110101000000010111110111100011010110110110110101011100110001010001110000000110100001100110110111010110011100101110100011100110101100001
010011010011111110110010110001110100011010110110101000000010111110111100011010110110110110101011100110001010001110000000110100001100110110111010110011100101110100000101110111110101
010011010011111110110010110001110001001100011011110010110111010101101010110111101100000011000000110000100111010100110101011111011010011011100000000110001110100010111000111110111101
010011010011111100011111010000010010011010110110101000000010111110111100011010110110110110101011100110001010001110000000110100001100110110111010110011100101110100000101110111110101
010011010011111101001000010001110001001100011011110010110111010101101010110111101100000011000000110000100111010100110101011111011010011011100000000110001110100010110101100010011101
010011010011111110001000010001110001001100011011110010110111010101101010110111101100000011000000110000100111010100110101011111011010011011100000000110001110100010110101100010011101
011100110111010101110010010111010011010000100111011110011011101010011100011000100111010011001100110101100110110110011011011000001101100011100110101111111100000011000000110011101101
