100110101000101000101111101101101010010001110011101000011011001000111110101000111001100110011110001000000001010111111111000010001110001110110100000100110010010110000111111000101001
100110101000101000101111101101101010010001110011101000011011001000111110101000110110111001011101110000010010101101011000111010100000011111101000110000010010110100101101111001011001
100110101000101000101111101101101010010001110011101000011011001000111110101001001001000011100000111100110100000101100001101001011110001110110100000100110010010110000111111000101001
100110101000101000101111101101101010010001110011101000011011001000111110101000111001100110011110001000000001010111111111000010001110001100100100010010010111011110110011111000101001
100110101000101010010011001110100100100111011000111010100100101111100010111001110011111110111110111110011001100101101011011000010011010011110011101001000001001100110111001111111001
100110101000101010010011001110100100100111011000111010100100101111100010111001110011111110111110111110011001100101101011011000010011010011110011101110111110101001010110010001011001
100110101001111011100110110011111011001010010001010111110100011110100010101111101110011101001111001011100100000101100001101001011110001110110100000100110010010110000111111000101001
100110101000101000101111101101101010100010010001001011101011001110111011101001001001000011100000111100110100000101100001101001011110001110110100000100110010010110000111111000101001
100110101000101000101111101111100111010101100000101001010111101000000110011000010001011101100011100000100000110101100001101001011110001110110100000100110010010110000111111000101001
100110101000101000101111101111100111010101100011100010000101000001000111010011110111101100010110010000100111000010111001010001001001001100110010101011111011011000111010001111011001
100110101000101000101111101111100111010101100011100010000101000001000111010011110111101100010110010000100111000001010011011000010011010011110011101001000001001100110111001111111001
100110101000101000101111101111100111010101100011100010000101000001000111010011110111101100010110010000100111000001010011011000010011010011110011101110111110101001010110010001011001
100110101000101000101111101101101010010001110011101000011011001000111110101000110110111001011110100010010011101000100101100101000111111110101110101100000001110000111110010001011001
100110101000101010010011001110100100100100000100100111001000000000111111000110000101100010000111111001010000101001001000010110010111111110101110101100000001110000111110010001011001
100110101000101010010011001110100100100111011000111010100100101111100010111001110011111110111110111110011001100101101011011000010011010011001111101110111110101001010110010001011001
100110101000101000101111101101101010010001110011101000011011001000111110101000110110111001011110001001010111011000100101100101000111111110101110101100000001110000111110010001011001
100110101000101010010011001110100100010100011101101111010111101000000110011000010001011101100011101001111010011101010100011100011111111010000001100100110101001011001011101101001111
