101001010001010100100011011010101001100110010011101111011110000001000110011010111001111000100111110101000010101000111010110001101001111111010110110110101110101101000110111110110110
101001010001000101110000111010101101001111010110100000000111011100011101100011100010111000100111110101000010101000111010110001101001111111010110110110101110101101000110111110110110
101001010001000101110000111010101101001111010110100000000111011100011101100011000110111110000010100111000010101000111010110001101001111111010110110110101110101101000110111110110110
101001010001000101110010101011010111111011001100111000100101010111001111111111111010011010111110101111010101001100100000101100010011000001000111010000001100011011011001010010111010
101001000111010111111101110100010000011001111011111010110010110111001011001110111001111000100111110101000010101000111010110001101001111111010110110110101110101101000110111110110110
101001010001000101110010101011010111111011001100111000100101010111001111111111111010011010111110101111010101001100100000101100010011000001000111010010011100001111000110001010110110
101001010001000101110010101011010111111011001100111000100101010111001111111111010000101110000010100111000010101000111010110001101001111111010110110110101110101101000110111110110110
101001010001000101110010101011010111111011001100111000100101010111001111111111111010011010110111000100101010010010010011011001011110001010111001111100100100000110000110001010110110
101001010001000101110010101011010111111011001100111000101001011000000101010001100000101110000010100111000010101000111010110001101001111111010110110110101110101101000110111110110110
101001010001010100100011011010101001100110010011101111011110000001000110011010111001001010111110101111010101001100100000101100010011000001000111010000001100011011011001010010111010
101001000110000001111001101111000010110000111110110101101011101010010010110010000101111010100010100111000010101000111010110001101001111111010110110110101110101101000110111110110110
101001010001000101110010101011010111111011001100111000100101010111001111100001111100000110010100111010001010101000111010110001101001111111010110110110101110101101000110111110110110
101001010001000101110010101011010111111011001100111000100101010111001100001000000000101110000010100111000010101000111010110001101001111111010110110110101110101101000110111110110110
101001010001000101110000111011100010010101000011101000001110000110010100010111101100101110000010100111000010101000111010110001101001111111010110110110101110101101000110111110110110
101001010001000101110010101011010111111011001100111000100101010111001100000111000111111010011011111101010101001100100000101100010011000001000111010000001100011011011001010010111010
101001010001000101110010101011010111111011001100111000100101010111001111111111010000101100000111110101000010101000111010110001101001111111010110110110101110101101000110111110110110
101001010001000101110010101011010111111011001100111000100101010111001111111111111010011010111110101111010101001100100000101100010011000001000111010000001100011011011001010010111010
