010101010101001010110101000010010000010001011001110110111100011111000011011110111011101011001000101111001111100100110010100011110010101101010101111110111111111111001011101100000101
010101010101001010110101000010010000010001011011010110111100011111000011011110111011101011001000101111001111100100110010100011110010101101010101111110111111111111001011101100000101
010101010101001010110101000010010000010001011001110110111100011111000011011110111011101011001000101101100011011100110010100011110010101101010101111110111111111111001011101100000101
010101010101001010110101000010010000010000001111000010001100111101110010011110111011101011001000101111001111100100110010100011110010101101010101111110111111111111001011101100000101
010101010101001010110101000010010000010000111001110110111100011111000011011110111011101011001000101111001111100100110010100011110010101101010101111110111111111111001011101100000101
010101010101001010110101000010010000010000111110001110111100011111000011011110111011101011001000101111001111100100110010100011110010101101010101111110111111111111001011101100000101
010101010101001010110101000010010000010001011001110110111100011111000011011110111011101011011100101111001111100100110010100011110010101101010101111110111111111111001011101100000101
010101010101001010110101000010010000010001011001110110111100011111000011011110111011101011001100101111001111100100110010100011110010101101010101111110111111111111001011101100000101
010101010101001010010001100111010100101110000001100111110010010001111000111001000001010110101000101111001111100100110010100011110010101101010101111110111111111111001011101100000101
010101010101001010110101000010010000010001011011010110111100011111000011011110111011101011001000101101100011011100110010100011110010101101010101111110111111111111001011101100000101
010101010101001010110101000010010000010001011001110110111100011111000011011110111011101011001001001101010101100100110010100011110010101101010101111110111111111111001011101100000101
010101010101001010010001100111010100101110000001100111110010010001111000111001000011111001011110000001110010010000110010100011110010101101010101111110111111111111001011101100000101
010101010101001010110101000010010000010001011001110110111100011111000011011110111011101011001000101111001111100100110010100011110010101101010101111110111111111111001011101100100111
010101010101001010010001100111010100101110000001100111110010010001111000111010000010010000100001001001011110011100110010100011110010101101010101111110111111111111001011101100000101
010101010101001010110101000010010000010001011001110110111100011111000011011110111011101011001000101101100011011100101101101110111101101110111011001110111111111111001011101100000101
010101010101001010110101000010010000010000001111111111011100110110101010100011001111100100111000111000001111100100110010100011110010101101010101111110111111111111001011101100000101
010101010101001010110101000010010000010001011001110110111100011111000011011110111011101011001000101111001111100100110010100011110010101101010101111110111111111111001011101100000101
