111000111110101011011111011111011001000100100001001010001101110101001001000111110010000100111111110011000101110000100011101101010101101101110101100011110100011011011011100001111011
111000111110101011011111011111011001000100100001001010001101110101001001000111110010000100111111110011011011110010111110101111101001001110111011101111110100011011011011100001111011
111000111110101011011110010111010011001010110110010000111000011110011111101010101000110001010100100101101000101011010000011010000101001110111011101111110100011011011011100001111011
111000111110101010101010011000010100001111110111111110111000010101011100001110010001111111111101010011000000000110101111010001001000101010000101100011110100011011011011100001111011
111000111110101011100100001010010100100111110010100101010011100100010011111000101110001000011101111011100001100100110110000001001000101010000101100011110100011011011011100001111011
111000111110101010101010011000010100001111110111111110110010000101001001000111110010000100111111110011000101110000100011101101010101101101110101100011110100011011011011100001111011
111000111100101101111010111101010101100111101000000001011011111000110011111000101110001000011101111011100001100100110110000001001000101010000101100011110100011011011011100001111011
111000111110101000000110001100011101000011001111101100011100100111100011111000101110001000011101111011100001100100110110000001001000101010000101100011110100011011011011100001111011
111000111110101110000101010000100000110100000010000100000111101110011111101010101000110001010100100101101000101011010000011010000101001110111011101111110100011011011011100001111011
111000111100101101111010111101010101100111101000000100000011001100001000001010100011000100111001111011100001100100110110000001001000101010000101100011110100011011011011100001111011
111000111100101101111110011100100111010101101010010110011000111110010011111000101110001000011101111011100001100100110110000001001000101010000101100011110100011011011011100001111011
111000111110101011011111011111011001000100100001001010001101110101001001000111110010000100111111110011011011110010111111111001001011101110110101100011110100011011011011100001111011
111000111100101110111110111111111111110001011111101000111011100010001111110001111110001100011011011100110000001111010100111101101011101110110101100011110100011011011011100001111011
111000111110101011011111011111011001001101100001001010001101110101001001000111110010000100111111110011000101110000100011101101010101101101110101100011110100011011011011100001111011
111000111110101110000101010000100000110100000010000100001101111110001010100011001011001010010110000101101000101011010000011010000101001110111011101111110100011011011011100001111011
111000111110101010101010011000010100001111110111111110110010100100010000101010101000110001010100100101101000101011010000011010000101001110111011101111110100011011011011100001111011
111000111110101011011111100101001011100010101111011110111000010101011100001110010001111111111101010011000000000110101111010001001000101010000101100011110100011011011011100001111011
