111001011111101000101000010111111000000000001001111101001111110111000001010000000101100011000110100110100001001011101010111110001011011101000011100011111011101111001001000000111000
111001011111101000101000010111111000000000001001111000010111010001000001010000000101100011000110100110100001001011101010111110001011011101000011100011111011101111001001000000111000
111001011111101000101000010111111000000000001001111101001111110001000001010000000101100011000110100110100001001011101010111110001011011101000011100011111011101111001001000000111000
111001011111101000101000010111111000000011011000111110001001110001000001010000000101100011000110100110100001001011101010111110001011011101000011100011111011101111001001000000111000
111001011111101000101000010111111000000000001001111101001111101101000111010000000101100011000110100110100001001011101010111110001011011101000011100011111011101111001001000000111000
111001011111101000101000010111111000000000001001111101001101000000011111101010000101100011000110100110100001001011101010111110001011011101000011100011111011101111001001000000111000
111001011111101000101000010111111000000000001001111101001111110111000001010000000101100011000110100110100001001011101010111110001011011101000011100011111011101111001001101011011100
111001011111101000101000010111111000000000001001111110011110110111000001010000000101100011000110100110100001001011101010111110001011011101000011100011111011101111001001000000111000
111001011111101000101000010111111000000000001001111101001101001100110101111000111001100011000110100110100001001011101010111110001011011101000011100011111011101111001001000000111000
111001011111101000101000010111111000000000001001111101001111110000010110101011010110110100011000100010100001001011101010111110001011011101000011100011111011101111001001000000111000
111001011111101011000111100110011111000101101101010010000101110111000001010000000101100011000110100110100001001011101010111110001011011101000011100011111011101111001001000000111000
111001011111101000101000010111111000000000001001010111000010011011000001010000000101100011000110100110100001001011101010111110001011011101000011100011111011101111001001000000111000
111001011111101000101000010111111000000000001001111101000111110001000001010000000101100011000110100110100001001011101010111110001011011101000011100011111011101111001001000000111000
111001011111101000101000010111111000000000001001111101001111110111000001010000000101101011101110001110100001001011101010111110001011011101000011100011111011101111001001000000111000
111001011111101000101000010111111000000000001001111101001111110111000001010000000101100011000110100110100001000011010101010111010000100101000011100011111011101111001001000000111000
111001011111101000101000010111111000000000001001111000010111010001000001010000000101100011000110100110100001001011101010111110001011011101000011100011111011101111001001101011011100
111001011111101000101000010111111000000000001001111101001111110111000001010000000101100011000110100110100001001011101010111110001011011101000011100011111011101111001001000000111000
