011010011000011101100111111010000010000110011000010011001110100001010011011101111100001100111101001011010001001011000011100000000110011011001000001011011010011101101110101011001001
011010011000011101100111111010000010000110011000010011001110100001010001010111011001011110111100111001001000101101101100101110110110011011001000001011011010011101101110101011001001
011010011000011101100111111010000010000110011000010011001110100001010001010111011001011110111100111001001000101101101100101110111001010011111011101010010001101100101010100001100110
011010011000011101100111111010000010000110011000010011001110100001010001010111011001011110111100111001001000101101101100101110111001010011111000110110000000100010110110000001111001
011010011000011101100111111010000010000110011000010011001110100001010001010111011001011110101010000110011110101111101000011011001011110101110011100010110001010010010111110001100110
011010011000011101100111111010000010000110011000010011001110100001010011011101111100001100111101001011010001001011000011100000000111110101110011100010110001010010010111110001100110
011010011000011101100111111010000010000110011000010011001110100001010001010111011001011110111100111001001000101101101100101110111001010011111011101010010001101100101010100001110011
011010011000011101100111111010000010000110011000010011001110100001010001010111011001011110111100111001001000101101101100101110111001010011111011101010010001101100101010100011001101
011010011000011101100111111010000010000110011000010011001110100001010011011101111100001100111101001011010001001011000011100000000110011011001011010111011110110011101010100001100110
011010011000011101100111111010000010000110011000010011001110100001010011011101111100001100111101001011010001001011000011100000101101011111110011100010110001010010010111110001100110
011010011000011101100111111010000010000110011000010011001110100001010011011101111100001100111101001011010001001011000011100000000000000111111110101100001100001111101110101011001001
011010011000011101100111111010000010000110011000010011001110100001010001010111011001011110111100111001001000101101101100101110111001111110100001000001011101111111100011011100001011
011010011000011101100111111010000010000110011000010011001110100001010011011100101110101110010100001010011010100101111010110101100111000100100001000001011101111111100011011100001011
011010011000011101100111111010000010000110011000010011001110100001010001010111011001011110111100111001001000101101101100101110111001111110100001011111111010111010000111111010110001
011010011000011101100111111010000010000110011000010011001110100001010011011101111100001100111101001011010001001011000011100000101101000010110011001101001110100110011001000001100110
011010011000011101100111111010000010000110011000010011001110100001010011011100101110101110010100001010011010100101111010110101100110010001110011111100001010110011000110101011001001
011010011000011101100111111010000010000110011000010011001110100001010011011101111100001100111101001011010001001011000011100000000110011011000011101000110111100111101011111111000011
