010011111000101011100001001111101101100010001100011011101100010110001010010101001110001000001000100001101110000101011001111001111011100100011010110100011101101111011010011011100111
001011111000101011100001001111101101100010001100011011101100010110001010010101001110001000001000100001101110000101011001111001111011100100011010110100011101101111011010011011100111
010011111000101011100001001111101101100010001100011011101100010110000000101111110010111100101000011001011110000101011001111001111011100100011010110100011101101111011010011011100111
001011111000101011100001001111101101100010001100011011101100010110000000101111110010111100101000011001011110000101011001111001111011100100011010110100011101101111011010011011100111
010011111000000011100001001111101101100010001100011011101100010110001010010101001110001000001000100001101110000101011001111001111011100100011010110100011101101111011010011011100111
010011111000101011100001001111101101100010001100011011101100010110001010010101001110001000001000100001101110000101011001111001111011111000010101001000000100110101001111010011101110
010011111000000011100001001111101101100010001100011011101100010110000000101111110010111100101000011001011110000101011001111001111011100100011010110100011101101111011010011011100111
001011111000101011100001001111101101100010001100011011101100010110001010010101001110001000001000100001101110000101011001111001111011111000010101001000000100110101001111010011101110
010011111000101011100001001111101101100010001100011011101100010110001010100011001010010000001000100001101110000101011001111001111011100100011010110100011101101111011010011011100111
010011111000101011100001001111101101100010001100011011101100011010010011110001100100111011101110001001011110000101011001111001111011100100011010110100011101101111011010011011100111
010011111000101011100001001111101101100010001100011011101100010110001010010101001110001000001000100001101110000101011001111001111011100100011010110100011001011110001010100101100110
010011111000101011100001001111101101100010001100011011101100010110000000101111110010111100101000011001011110000101011001111001111011111000010101001000000100110101001111010011101110
010011111000101011100001001111101101100010001100011011101100010110001010010101001110001000001000100001101110000101011001111001111011111000010000101010011101010100001010100101100110
001011111000101011100001001111101101100010001100011011101100011010010011110001100100111011101110001001011110000101011001111001111011100100011010110100011101101111011010011011100111
001011111000101011100001001111101101100010001100011011101100010110001010100011001010010000001000100001101110000101011001111001111011100100011010110100011101101111011010011011100111
010011111000101011100001001111101101100010001100011011101100010110001011110001100100111011101110001001011110000101011001111001111011100100011010110100011101101111011010011011100111
010011111000101011100001001111101101100010001100011011101100010110001010010101001110001000001000100001101110000101011001111001111011100100011010110100011101101111011010011011100111
