010000111101011100111001010001000010001100111011101000101010001000101101001001110101000011101010000010011000010111110101011101011010000011101110100110011111010101011001000111100111
010000111101011100111001010001000010001100111011101000101010001000101101001001110101000011101010000010011000010111110101011101011010000011101110100110011111010101011011101011110100
010000111101011100111001010001000010001100111011101000101010001000101101001001110101000000000011110100111100111100010101110110001101011010101110100110011111010101011001000111100111
010000111101011100111001010001000010001100111011101000101010001000101101001001110101000000000011111011011110110101111000110110001100101110110100010011110100000011101001000111100111
010000111101011100111001010001000010001100111011101000101010001000101101001001110101000000000011111011011110110000101011110010110111011011001001010111111000000101011001000111100111
010000111101011100111001010001000010001100111011101000101010001000101101001001110101000000000011110100111100111100010101110110001101011010101110100110011111010101011011101011110100
010000111101011100111001010001000010001100111011101000101010001000101101001001110101000000000011111011000000001111001101011101011010000011101110100110011111010101011001000111100111
010000111101011100111001010001000010001100111011101000101010001000101101001001110101000000000011110100111100000011110100001110100100010010001010010011001010001001100001101011110100
010000111101011100111001010001000010001100111011101000101010001000101101001001110101000000000011110100111100111000111101101001100001110110010011100111110101100000110100110101110100
010000111101011100111001010001000010001100111011101000101010001000101101001001110101000000000011111011011110110101111000110110001100101110110100010011110100000011110100101111010100
010000111101011100111001010001000010001100111011101000101010001000101101001001110101000000000011110100111100111100010101110110001101011010011111101110101000101110100001101011110100
010000111101011100111001010001000010001100111011101000101010001000101101001001110101000000000011110100111100111000111101101001100001110110010011100111110101100000110100110110110100
010000111101011100111001010001000010001100111011101000101010001000101101001001110101000000000011111011011110110101111000110110001100101110110100010011110100000011101011101011110100
010000111101011100111001010001000010001100111011101000101010001000101101001001110101000000000011111011011110110101111000110110001100101110110100010011110100000011110110101011110100
010000111101011100111001010001000010001100111011101000101010001000101101001001110101000000000011111011000000001111001101011101011010000011101110100110011111010101011011101011110100
010000111101011100111001010001000010001100111011101000101010001000101101001001110101000000000011110100111100111000111101101001100001110110010011100010010011010011110100101111010100
000001010100101011010010101011000011010111001111101010111000001001010111010001111101001010110010111000101001010000011001110000101010011110011001001000101100010011001110000010000000
