001100011110111011100010001101001110101100100101011101001110011000100110000011000010101100100100001100110000110000010100000111111001111010111111111001011100111000111000110110011100
001100011110111011100010001101001110101100100101011101001110011000100110000011111001011010100110100010111011111001100011101000110000000111111101110110100111111011111000110110011100
001100110101111111010110001010111000000000110110100001111111111111100011100100111100011101000011001001010100111100010101110101000010011000011010110001001110100110011111110011000000
001100110101111111010110000110011101101010001110001110100101100010011001011110000010110010110100011000011000001100010100000111111001111010111111111001011100111000111000110110011100
001100110101111111010110001010111000000000110110100001111111111111100011100100111100011100100100001100110000110000010100000111111001111010111111111001011100111000111000110110011100
001100011110111011100010011101111100111111101001011101001110011000100110000011000010101100100100001100110000110000010100000111111001111010111111111001011100111000111000110110011100
001100011110111011100010001101001110101100100101011101001110011000100110000011000010101100100100001100110000110000010100000111111001111010111111111010011111011101111000110110011100
001100110101111111010110001010111000010011001000101001111111111111100011100100111100011101000011001001010100111100010101110101000010011000011010110001001110100110011111110011000000
001100011110111011100010001101001110101100100101011101001110011000100110000011000010101100100100001100110000110000010100000111111001111010111111111010011111011101111111110011000000
001100011110111011100010001101001110000111100001101101001110011000100110000011000010101100100100001100110000110000010100000111111001111010111111111001011100111000111000110110011100
001100110101111111010110001010111000010011001000101001111111111111100011100100111100011100100100001100110000110000010100000111111001111010111111111001011100111000111000110110011100
001100011110111011100010001101001110101100100101011101001110011000100110000011111001011011110101011100101010001110111011110001010101101011001010010001101110100110011111110011000000
001100011110111011100010011101111100111111101001011101001110011000100110000011111001011010100110100010111011111001100011101000110000000111111101110110100111111011111000110110011100
001100110101111111010110001010111000010010001011110001100101100010011001011110000010110010110100011000011000001100010100000111111001111010111111111001011100111000111000110110011100
001100011110111011100010001101001110101100100101011101001110011000100110000011000010101100100100001100110000110000010100000111111001111010111111111010011111011101110111001111000000
001100011110111011100010001101001110000111100001101101001110011000100110000011111001011010100110100010111011111001100011101000110000000111111101110110100111111011111000110110011100
011110101011110000000001001011110100101001011101010001000000001000010111001100100010100011111000010100111010110011001010110000011001010111011001110111101110001101000010011000111001
