00011010010111001110110011101011010110001111101000011010010111100000110100111010010110011010101011001101010011100000010111001000110101101010101100110011101000011001
00011010010111001110110011101011010110001111101000011010010111100000110100111010010110011000101011001101010011100000010111001000110101101010101100110011101000011001
00011010010111001110110011101011010110001111101000011010010111100000110100111010010110011001101100001111000110110110100100100100111101111100111110101110111000110110
00011010010111001110110011101011010110001111101000011010010111100000110100111010010110011010101011001101010011100000010111001000110101101010101100110011101000011110
00011010010111001110110011101011010110001111101000011010010111100000110100111010010110011010101011001101010011100000010111001011001000000000111110101110111000110110
00011010010111001110110011101011010110001111101000011010010111100000110100111010010110011010101011001101010011100000010111001011000100111001010100101110111000110110
00011010010111001110110011101011010110001111101000011010010111100000110100111010010110011010101011001101010011100000010111001000110101101010101100110011101000011000
00011010010111001110110011101011010110001111101000011010010111100000110100111010010110011000101011001101010011100000010111001000110101101010101100110011101000011110
00011010010111001110110011101011010110001111101000011010010111100000110100111010010110011010101001101010011110110100110011101110000010101000011110101110111000110110
00011010010111001110110011101011010110001111101000011010010111100000110100111010010110011000101011001101010011100000010111001011001000000000111110101110111000110110
00011010010111001110110011101011010110001111101000011010010111100000110100111010010110011010101011001101010011100000010111001000110101101010101100110011100101110110
00011010010111001110110011101011010110001111101000011010010111100000110100111010010110011010101011001101010011100000010111001000110101101010101100110011101011000011
00011010010111001110110011101011010110001111101000011010010111100000110100111010010110011000101011001101010011100000010111001011000100111001010100101110111000110110
00011010010111001110110011101011010110001111101000011010010111100000110100111010010110011010101011001101010011100000010111001000110101101010101100110011101000110110
00011010010111001110110011101011010110001111101000011010010111100000110100111010010110011010101001101010011110110100110011101111101111011111100011111110111000110110
00011010010111001110110011101011010110001111101000011010010111100000110100111010010110011010101011001101010011100000010111001111000100111001010100101110111000110110
00011010010111001110110011101011010110001111101000011010010111100000110100111010010110011010101011001101010011100000010111001000110101101010101100110011101000011101
