01011001010100101101101001000100000011000000001001100000100101111010110100100000011111010111111110111111001011000111001000111110011000111000010110101111100000100110
01011001010100101101101001000100000011000000001001100000100101111010110100100000011111010110100100101111000010011000011111110001100100100110001010110010100000100110
01011001010100101101101001000100000011000000001001100000100101111010110100100000011100000100110010111101101011011111101100011110011011100000010110101111100000100110
01011001010100101101101001000100000011000000001001100000100101111010110100100000011111010111111101000101001101011111101100011110011011100000010110101111100000100110
01011001010100101101101001000100000011000000001001100000100101111010110100100000011111101011101110110100111101111111101100011110011011100000010110101111100000100110
01011001010100101101101001000100000011000000001001100000100101111010110100100000011111010111111110111111001011000111001100011110011011100000010110101111100000100110
01011001010100101101101001000100000011000000001001100000100101111010110100100000011111010110100100101111000010011000011001101101100100100110001010110010100000100110
01011001010100101101101001000100000011000000001001100000100101111010110100100000011111010111111110111111001011000111111100011110011011100000010110101111100000100110
01011001010100101101101001000100000011000000001001100000100101111010110100100000011111011111001011011001001101011111101100011110011011100000010110101111100000100110
01011001010100101101101001000100000011000000001001100000100101111010110100100000011111011111010100001010111010001111101100011110011011100000010110101111100000100110
01011001010100101101101001000100000011000000001001100000100101111010110100100000011111010110100100101111000010011000011111110111110001101110101101101111100000100110
01011001010100101101101001000100000011000000001001100000100101111010110100100000011111010110100100101111000010011000011110011110011011100000010110101111100000100110
01011001010100101101101001000100000011000000001001100000100101111010110100100000011111010111111100110011110100100000101100011110011011100000010110101111100000100110
01011001010100101101101001000100000011000000001001100000100101111010110100100000011111010111111110111111001011000111001000101000110100101010111001000101100000100110
01011001010100101101101001000100000011000000001001100000100101111010110100100000011111010111111100110011111111011001111000001110011000111000010110101111100000100110
01011001010100101101101001000100000011000000001001100000100101111010110100100000011111010111111100110111111000100111000111101001001011100000010110101111100000100110
01011001010100101101101001000100000011000000001001100000100101111010110100100000011111010111111110111111001011000111001000101000110011100001110111101101010010101110
