11100101010110001111001101111011110001101000101110000000110100001110111100011101010110100001011111001101101101101001001010001001111100010101111111101100111101100111
11100101010110001111001101111011110001101000101110000000110100001110111100011101010110100001011111001101101101101001001010001001111100010101110111111010101111011101
11100101010110001111001101111011110001101000101110000000110100001110111100011101010110100001011111001101101101100001011010101111011110111001011011011010010110011101
11100101010110001111001101111011110001101000101110000000110100001110111100011101010110100001011111001101101101101001001010001001111100010101111111101100000011011101
11100101010110001111001101111011110001101000101110000000110100001110111100011101010110100001011111001101101101101001001010001001111100010101110111101100111101100111
11100101010110001111001101111011110001101000101110000000110100001110111100011101010110100001011111001101101101001011001010001001111100010101111111101100111101100111
11100101010110001111001101111011110001101000101110000000110100001110111100011101010110100001011111001101101101100001011010101111011110111011000000110011111011100111
11100101010110001111001101111011110001101000101110000000110100001110111100011101010110100001011111001101101101100001011010101111100000010101001000010001110111011101
11100101010110001111001101111011110001101000101110000000110100001110111100011101010110100001011111001101101101110101100100111011101011110100111100011011010011011101
11100101010110001111001101111011110001101000101110000000110100001110111100011101010110100001011111001101101101101001001010001001111100010101111100011011010011011101
11100101010110001111001101111011110001101000101110000000110100001110111100011101010110100001011111001101101101100001011010101111011110111011001011001011010011011101
11100101010110001111011101001011110001101000101110000000110100001110111100011101010110100001011111001101101101101001001010001001111100010101111111101100111101100111
11100101010110001111001101111011110001101000101110000000110100001110111100011101010110100001011111001101101101101001001010000100111000001100000000010001110111011101
11100101010110001111001101111011110001101000101110000000110100001110111100011101010110100001011111001101101101100001011010101101100011001111011100011011010011011101
11100101010110001111001101111011110001101000101110000000110100001110111100011101010110100001011111001101101101001011001010001001111100010101110111111010101111011101
11100101010110001111001101111011110001101000101110000000110100001110111100011101010110100001011111001101101101100001011010010100011101110010111100011011010011011101
11100101010110001111001101111011110001101000101110000000110100001110111100011101010110100001011111001101101101101001001010001001111100010101111111101100111101100111
