00000101011110111111101000011111101001110100011110101111100010000110011011001010110101010110000101001100110101111101100100110001100100110101010011011000101110010001
00000101011110111111101000011111101001110100011110101111100010000110011011001010110101010110000101001111100001110110101001100001000011010010001101100010101111101101
00000101011110111111101000011111101001110100011110101111100010000110011011001010110101010110000101001101111110000011001011111001100001101011100101101100001101011001
00000101011110111111101000011111101001110100011110101111100010000110011011001010110101010110000101001100111101011010101100101111011001110101010011011000101110010001
00000101011110111111101000011111101001110100011110101111100010000110011011001010110101010110000101001111100001110110101001100001000011010010001101100010101111101001
00000101011110111111101000011111101001110100011110101111100010000110011011001010110101010110000100100101000010100010011111000001111111111100110000011000101110010001
00000101011110111111101000011111101001110100011110101111100010000110011011001010110101010110000101100111010001110110101001100001000011010010001101100010101111101101
00000101011110111111101000011111101001110100011110101111100010000110011011001010110101010110000101001111010001110110101001100001000011010010001101100010101111101101
00000101011110111111101000011111101001110100011110101111100010000110011011001010110101010110000101001100110101111111010101100101111010110001101100100000011101110001
00000101011110111111101000011111101001110100011110101111100010000110011011001010110101010110000100010111010001110110101001100001000011010010001101100010101111101101
00000101011110111111101000011111101001110100011110101111100010000110011011001010110101010110000101101010110001110110101001100001000011010010001101100010101111101101
00000101011110111111101000011111101001110100011110101111100010000110011011001010110101010110000101001101111001110110101001100001000011010010001101100010101111101101
00000101011110111111101000011111101001110100011110101111100010000110011011001010110101010110000101001100001101110010011010110000100100010010001101100010101111101101
00000101011110111111101000011111101001110100011110101111100010000110011011001010110101010110000101001100101000101100011101011001001001110000011000000110110110101101
00000101011110111111101000011111101001110100011110101111100010000110011011001010110101010110000101001101000111010110011111101110011100110010110000011000101110010001
00000101011110111111101000011111101001110100011110101111100010000110011011001010110101010110000101000001111110000011001011111001100001101011100101101100001101011001
00000101011110111111101000011111101001110100011110101111100010000110011011001010110101010110000101001111100001110110101001100001000011010010001101100010101111101101
