11101101111111111011110000010101110100010000101101101010100001110010000010000110011111000111011000010010110000010000010011001101101001111100000000011111111011010000
10011000110010110111000000010101110100010000101101101010100001110010000010000110011111000111011000010010110000010000010011001101101001111100000000011111111011010000
11101101111111111011110000010101110100010000101101101010100001110010000010000110011111000101011000010010110000010000010011001101101001111100000000011111111011010000
11101101111111111011110000010101110100010000101101101010100001110010000010000110011111001010011000010010110000010000010011001101101001111100000000011111111011010000
11101101111111111011110000010101110100010010011101101010100001110010000010000110011111000111011000010010110000010000010011001101101001111100000000011111111011010000
11101101111111111011110000010100110100010000101101101010100001110010000010000110011111000111011000010010110000010000010011001101101001111100000000011111111011010000
11101101111111111011111001010101110100010000101101101010100001110010000010000110011111000111011000010010110000010000010011001101101001111100000000011111111011010000
10011000110010110111000000010101110100010000101101101010100001110010000010000110011111000101011000010010110000010000010011001101101001111100000000011111111011010000
11101101111111111011110000010101110100010000101101101010100001110010000010000110010111011101011000010010110000010000010011001101101001111100000000011111111011010000
11101101111111111011110000010101110100010000101101101010100001110010000010000110011111000111011000010010110000010000010011001101101001111100000000011111111100000001
11101101111111111011110000010101110100010000101101101010100001110010000010000100110001111111011000010010110000010000010011001101101001111100000000011111111011010000
11101101111111111011110000010110101100010000101101101010100001110010000010000110011111000111011000010010110000010000010011001101101001111100000000011111111011010000
11101101111111111011110000010101110100010000101101101010100001110010000101000011000001010001011000010010110000010000010011001101101001111100000000011111111011010000
11101101111111111011110000010101110100010000101101101010100001110010000010000110010110001010011000010010110000010000010011001101101001111100000000011111111011010000
11101101111111111011110000010101110100010000101101101010100001110010000010000110011111000111011000010010110000010000010011001101101000001101010011011011000110000001
10010101111111111011110000010101110100010000101101101010100001110010000010000110011111000111011000010010110000010000010011001101101001111100000000011111111011010000
11101101111111111011110000010101110100010000101101101010100001110010000010000110011111000111011000010010110000010000010011001101101001111100000000011111111011010000
