11100010100010111010010011010010111010111100000101101011111000100101010010011011111000010111010100000010110101001110110000111110011110000010100010010100010110101010
11100010100010111010010011010010111010111100000101101011111000100101010010011011111000010111010100000010110101001110110000111110011110000010100001110110101100101010
11100010100010111010010011010010111010111100000101101011111000100101010010011011111000010111010100000010110101001110110000111110011110000010100001110101010100010000
11100010100010111010010011010010111010111100000101101011111000100101010010011011111000010111010100000010110101001110110000111110011110000011111000011011001010101010
11100010100010111010010011010010111010111100000101101011111000100101010010011011111000010111010100000010110101001110110000111110011110000010100001111110111011111010
11100010100010111010010011010010111010111100000101101011111000100101010010011011111000010111010100000010110101001110110000111110011110000010100010010111001010101010
11100010100010111010010011010010111010111100000101101011111000100101010010011011111000010111010100000010110101001110110000111110011110000010100001110100111101111010
11100010100010111010010011010010111010111100000101101011111000100101010010011011111000010111010100000010110101001110110000111110011110000010100001111100101010101010
11100010100010111010010011010010111010111100000101101011111000100101010010011011111000010111010100000010110101001110110000111110011110000010100010010100111101111010
11100010100010111010010011010010111010111100000101101011111000100101010010011011111000010111010100000010110101001110110000111110011110000011111001001110000010101010
11100010100010111010010011010010111010111100000101101011111000100101010010011011111000010111010100000010110101001110110000111110011110000010100001110100010110101010
11100010100010111010010011010010111010111100000101101011111000100101010010011011111000010111010100000010110101001110110000111110011110000011101010110110110010100111
11100010100010111010010011010010111010111100000101101011111000100101010010011011111000010111010100000010110101001110110000111110011110000010100010100000101010101010
11100010100010111010010011010010111010111100000101101011111000100101010010011011111000010111010100000010110101001110110000111110011110000010100010010110110010100111
11100010100010111010010011010010111010111100000101101011111000100101010010011011111000010111010100000010110101001110110000111110011110000010100001110110110010100111
11100010100010111010010011010010111010111100000101101011111000100101010010011011111000010111010100000010110101001110110000111110011110000011111001001111001010101010
11100010100010111010010011010010111010111100000101101011111000100101010010011011111000010111010100000010110101001110110000111110011110000010100010010100010110101010
