01110010100100100011001011111100110011101110011111000001001010001010111100110001011110000010101100101000111010000100100001010111101010100000011010110010011101110101
01110010100100100011001011111100110011101110011111000001001010001010011111110011001110101011101101001111101100011011110111010111101010100000011010110010011101110101
01110010100100100011001011111100110011101110011111000001001010001110110001101111111011101011101101001111101100011011110111010111101010100000011010110010011101110101
01110010100100100011001011111100110011101110011111000001001010001010111100111111000100010001101100101000111010000100100001010111101010100000011010110010011101110101
01110010100100100011001011111100110011101110011111000001001010001110110001101111111011101010001011000110000110010100100001010111101010100000011010110010011101110101
01110010100100100011001011111100110011100001000111001100001010101111101111010101111010011110110100111010101000111011001011111001111000101011011011110111100100101010
01110010100100100011001011111100110011101110011111000001001010001110110010010000111101110110001100110011110010000001111011111001111000101011011011110111100100101010
01110010100100100011001011111100110011101110011111000001001010001010111100100011100011001111111100101000111010000100100001010111101010100000011010110010011101110101
01110010100100100011001011111100110011101110011111000001001010001110110010011000111010101011001100001001001101011011110111010111101010100000011010110010011101110101
01110010100100100011001011111100110011101110011111000001001010001110110010011000111010101011101101001111101100011011110111010111101010100000011010110010011101110101
01110010100100100011001011111100110011101110011111000001001010001110110010011000111010101010001110111011011010111101000000010101011000110111111101011111100100101010
01110010100100100011001011111100110011101110011111000001001010001110110010010100001000100100000011010100111010000100100001010111101010100000011010110010011101110101
01110010100100100011001011111100110011101110011111000001001010001110110001101111111011101010001001011011000100001100101100000100111111111111111101011111100100101010
01110010100100100011001011111100110011101110011111000001001010001110110010011000111011010101010010001001110011110100100001010111101010100000011010110010011101110101
01110010100100100011001011111100110011100001000111001100001010101111101110111101101111010111111010101000100101001110011110000100111111111111111101011111100100101010
01110010100100100011001011111100110011101110011111000001001010001110110001101111111011100101010101111000011010101111101011010011011011011011110010110010011101110101
01110010100100100011001011111100110011100001000111001100001111110111110100110011001101011100010101000110000110010100100001010111101010100000011010110010011101110101
