11010100100111000001011011100101100010110101110101011111111001001000110011110101100000001110100001101101110010011101011110011110001011000100110111001001100101010010
11010100100111000001011011100101100010110101101101000101001111001011111101010111010110100010110010100110010011011110111111011100111001100110111101101101100000001101
11010100100111000001011011100101100010110101110101011111111001001000110011110101100000001110100001101111001101100100111111011100111001100110111101101101100000001101
11010100100111000001011011100101100010111010001110101001111001001000110011110101100000001110100001101101110010011101011110011110001011000100110111001001100101010010
11010100100111000001011011100101100010110110000010001111111001001000110011110101100000001110100001101101110010011101011110011110001011000100110111001001100101010010
11010100100111000001011011100101100010010011000111011111111001001000110011110101100000001110100001101101110010011101011110011110001011000100110111001001100101010010
11010100100111000001011011100101100010111011001111011111111001001000110011110101100000001110100001101101110010011101011110011110001011000100110111001001100101010010
11010100100111000001011011100101100010110101110101011111111001001000110011110101100000001110100001101101111111110011011110011110001011000100110111001001100101010010
11010100100111000001011011100101100010110101110101011111111001001000110011110101100000001110100001101111001111101000000110001100000100000111011101000110100110011100
11010100100111000001011011100101100010110101111010001111111001001000110011110101100000001110100001101101110010011101011110011110001011000100110111001001100101010010
10000100110000110101110110110101110011110001000001011111111001001000110011110101100000001110100001101101110010011101011110011110001011000100110111001001100101010010
00010011100101101001000000001000000111111010100010001011111001001000110011110101100000001110100001101101110010011101011110011110001011000100110111001001100101010010
11010100100111000001011011100101100010110101110101011111111001001000110011110101100000001110100001101101110110101000001110101000001100101111001110110010001001100111
11010100100111000001011011100101100010110010010101011111111001001000110011110101100000001110100001101101110010011101011110011110001011000100110111001001100101010010
00010011100101101001000000001000000111111011010100001001111001001000110011110101100000001110100001101101110010011101011110011110001011000100110111001001100101010010
00010011100101101001000000001000000111111010100001011111111001001000110011110101100000001110100001101101110010011101011110011110001011000100110111001001100101010010
11010100100111000001011011100101100010110101110101011111111001001000110011110101100000001110100001101101110010011101011110011110001011000100110111001001111011001101
