11110000100100010100001011001111101100011111111010111101101010100010101110111111000011100100010000111110011011101110000111001110100000010010110100100100110011011010
11110000100100010100001011001111101100011111111010111101101010100010101110111111000011100100010000111110011011101110000111001110100000010010110100100001001010000111
11110000100100010100001011001111101100011111111010111101101010100010101110111111000011100100010000111110011011101110000111001110100000101100011011010001100010111011
11110000100100010100001011001111101100011111111010111101101010100010101110111111000011100100010000111110011011101110000111001110100010111100011011010001100010111011
11110000100100010100001011001111101100011111111010111101101010100010101110111111000011100100010000111110011011101110000111001110100011111111001111001001001010000111
11110000100100010100001011001111101100011111111010111101101010100010101110111111000011100100010000111110011011101100101101101010100011111111001111001001001010000111
11110000100100010100001011001111101100011111111010111101101010100010101110111111000011100100010000111110011011101110000111001110100000010010110100100110110010111011
11110000100100010100001011001111101100011111111010111101101010100010101110111111000011100100010000111110011011101110000111001110100000010010110100100100110011000111
10111100100100010100001011001111101100011111111010111101101010100010101110111111000011100100010000111110011011101110000111001110100000010010110100100100110011011010
11110000100100010100001011001111101100011111111010111101101010100010101110111111000011100100010000111110011011101110000111001110100000010010110100100100111110001110
11110000100100010100001011001111101100011111111010111101101010100010101110111111000011100100010000111110011011101111010011101110001001101100011011010001100010111011
11110000100100010100001011001111101100011111111010111101101010100010101110111111000011100100010000111110011011101110000111001110100000010010110101010001100010111011
11110000100100010100001011001111101100011111111010111101101010100010101110111111000011100100010000111110011011101110000111001110100000010010110100100100111110000111
11110000100100010100001011001111101100011111111010111101101010100010101110111111000011100100010000111110011011101110000111000110110101101100011011010001100010111011
11110000100100010100001011001111101100011111111010111101101010100010101110111111000011100100010000111110011011101110000111000001000000101100011011010001100010111011
11110000100100010100001011001111101100011111111010111101101010100010101110111111000011100100010000111110011011101111110001100010110101101100011011010001100010111011
11110000100100010100001011001111101100011111111010111101101010100010101110111111000011100100010000111110011011101110000111001110100000010010110100100100110011011010
