1101011100100101101010001000010000001010000100110000100000101011110111101011001000110001010110101000101010101101100101001100010011100101001000011101001011011
1101011100100101101100101010100101000000111101100101011011010001110111101011001000110001010110101000101010101101100101001100010011100101001000011101001011011
1101011100100101101010001000010000001101101111111000100000101011110111101011001000110001010110101000101010101101100101001100010011100101001000011101001011011
1101011100100101101010001000010000001101101110001001011000001011110111101011001000110001010110101000101010101101100101001100010011100101001000011101001011011
1101011100100101101100101110111100100001000100110000100000101011110111101011001000110001010110101000101010101101100101001100010011100101001000011101001011011
1101011100100101101100101010100101000000000011010001011011010001110111101011001000110001010110101000101010101101100101001100010011100101001000011101001011011
1101011100100101101100101110111100100001100111101100011100101011110111101011001000110001010110101000101010101101100101001100010011100101001000011101001011011
1101011100100101101010001000010000001010000100101100011100101011110111101011001000110001010110101000101010101101100101001100010011100101001000011101001011011
1101011100100101101100101110111111000101110011000100100000101011110111101011001000110001010110101000101010101101100101001100010011100101001000011101001011011
1101011100100101101100101110111100100001100111101100100000101011110111101011001000110001010110101000101010101101100101001100010011100101001000011101001011011
1101011100100101101100101010100101000000000111011100100000101011110111101011001000110001010110101000101010101101100101001100010011100101001000011101001011011
1101011100100101101011000111110000110100110011000100100000101011110111101011001000110001010110101000101010101101100101001100010011100101001000011101001011011
1101011100100101101100101010100101000000000011111100100000101011110111101011001000110001010110101000101010101101100101001100010011100101001000011101001011011
1101011100100101101010001000010000001011000100110000100000101011110111101011001000110001010110101000101010101101100101001100010011100101001000011101001011011
1101011100100101101010001000010000001010000100110000100000101011110111101011001000110001010110101000101010101101100101111110110100101100010100001100100100011
1101011100100101101100101010100101000000111101100001011101010110110111111011001000110001010110101000101010101101100101001100010011100101001000011101001011011
1101011100100101101100101010100101000000111101100101011011010001110111101011001000110001010110101000101010101101100101001100010011100101001000011101001011011
