1010001100011101000111110111000111110110110011001000010101011001101110110110101010101110000111011011000011111100110111101010101001001110101011011001011011100
1010001011101000111000100001101111110110011110111010101011001010100011111011010000100101100001101111100100101011110010101001100011001100001011110001111111100
1010110110111000000001010000101010100111100000110101001011100100000000111011010000100101100001101111100100101011110010101001100011001100001011110001111111100
1010110110111000000001010000101010100111100000010100100101001110100101111100010000100101100001101111100100101011110010101001100011001100001011110001111111100
1010110110111000000001010000001011001011001101100011011111001011010010000011101100111110001110000110100110000011001100100101100101011001100100001010000101000
1010110110111000000001010000001011001011001101111111111010110110101111000011111110000110100001101111100100101011110010101001100011001100001011110001111111100
1010001011101000111000100001101111110110011110111010000000100110111100101100111110000110100001101111100100101011110010101001100011001100001011110001111111100
1010110110111000000001000000001111011101001100110010010010100011100001100000011111101000000111011011000011111100110111101010101001001110101011011001011011100
1010001011101000111000100001101111110110011110111010101111000111101001101000011110001100100001101111100100101011110010101001100011001100001011110001111111100
1010110110111000000001010000101010100111100000010011001111001100011001101011111110000110100001101111100100101011110010101001100011001100001011110001111111100
1010001011101000111000100001101111110110011001010000101000001000011111101100111110000110100001101111100100101011110010101001100011001100001011110001111111100
1010001011101000111000100001101110011001000111100101001010100100110110110110101010101110000111011011000011111100110111101010101001001110101011011001011011100
1010110110111000000000110000110111101000110100110101011110101001100011110011010100001000100011101111100100101011110010101001100011001100001011110001111111100
1010110110111000000001010000001011001011001101100001011110001100111000100001100000010001100001101111100100101011110010101001100011001100001011110001111111100
1010110110111000000001010000101010100111100000010011001111001001111110011000001001101110000111011011000011111100110111101010101001001110101011011001011011100
1010110110111000000001010000001011001011001101100011011111001011010010000011101100111110001110000110100110000011001100100101100101011001100100001010000111110
1101011100000101101100110100000111001110110001010010000010001100111000100001100000010001100001101111100100101011110010101001100011001100000111110000111000011
