0100100010011100001101011101111111110110100010001101011100010110000100100010010001001110000011011100000110111010100010011101111101101010100100110100000111001
0100100010011011011010000101111000100001101111101101111100000111100111100101111100101011110111000100000110111010100010011101111101101010100100110100000111001
0100100010011100001101101001101101000010100111000111011100010110000100100010010001001110000011011100000110111010100010011101111101101010100100110100000111001
0100101001011110000111010110111010011110000100000111011100010110000100100010010001001110000011011100000110111010100010011101111101101010100100110100000111001
0100101001011110001001001010100011011011000110111100001001010011001110001101010001001110000011011100000110111010100010011101111101101010100100110100000111001
0100101001011110011100000000111110111100100010001101011100010110000100100010010001001110000011011100000110111010100010011101111101101010100100110100000111001
0100100010011001110110000100010100011000100111000111011100010110000100100010010001001110000011011100000110111010100010011101111101101010100100110100000111001
0100100010010010001011001111100110000110100010001101011100010110000100100010010001001110000011011100000110111010100010011101111101101010100100110100000111001
0100100010011100001101011101111111110111100111111001000100010110000100100010010001001110000011011100000110111010100010011101111101101010100100110100000111001
0100100010011100001101011101111111110110111001111001000100010110000100100010010001001110000011011100000110111010100010011101111101101010100100110100000111001
0100101001011001110110000100010100011000100111000111011100010110000100100010010001001110000011011100000110111010100010011101111101101010100100110100000111001
0100100010011011011010000111001111001010100111000111011100010110000100100010010001001110000011011100000110111010100010011101111101101010100100110100000111001
0100100010011100001101110010100001111101010100000111011100010110000100100010010001001110000011011100000110111010100010011101111101101010100100110100000111001
0100100010011011011010000101111000100001101000011111001001010100100101011010001001110111010111010010011110111101110111001101001100101001111110010111010100110
0100100010011011011010000101111000100001101000100110010100010111010010001111011110001111111010101001001110101001110011110010010110010010111110101101101110110
0100100010011100001101011101111111110110111110100010011010001010100101001101110010110000001001001001111001000010101010100101010110010010111110101101101110110
0100100110010101101000111111000100101010100111000111011100010110000100100010010001001110000011011100000110111010100010011101111101101010100100110100000111001
