1001010110110110101011100111001010000111110110101110101101011101110010110111101001011011011011010001110001011000000101001011101101101001010101010000011100001
1000111111010000011100100011000010001111100000111000100110111000001110000101101010110111111101100010010101000000100110011111111001110110111100110010000001011
1001010110100011100000000101110101100111011111101110010011111011111001010000100100000101101010110010111011111111110010000111111001110110111100110010000001011
1001010110100011100000000101001000001010010111001000001010110001001001100111010110011101110000110100000100100010000010001111000110010000100011001000111100001
1000111111010000011100100011000010001111100011010000001111001110010001000101101100101110000101011001110001011000000101001011101101101001010101010000011100001
1001010110110110101011100111010110011011110000110000011110011101111000110010010011001100000001100001000001010010101011101000101101101001010101010000011100001
1001010110111000100100100001001101000000101101001001110010110000100110100010111101011010110110010110110000111010101011101000101101101001010101010000011100001
1000111111010000011100100011000010001111100011010000001010001100011101001111101110001101001010100011000000011010001111111011000000110001011000110010111100001
1001010010111011000011010011111111011000000111000001010010100000001011111000011010100010000001111001110000111010101011101000101101101001010101010000011100001
1000111111010000011100100011000010001111100000111000100110111000001110000101101010110111111101011111000101011000011010000111111001110110111100110010000001011
1001010110111000100100100001001101000000101101001001110010110000100110100010111101011101011100010001111000111010101011101000101101101001010101010000011100001
1001010110110110101011100111001010000111110110101110101101011101110010110111010100001111000100111010101011100100001011101000101101101001010101010000011100001
1000111111010000011100100011000010001111100011010000001010001100011101001111101110001100101010010000110111010000011010000111111001110110111100110010000001011
1001010110110110011000111111111110101001111111011011011101001000101100011101001100011100011010111011011101111010000000111000011101000011011001000110011001011
1001010110110110011000111000101001000110111111001101100101110010001011110010110000010111011000101101110111000110110010110110110000000011011001000110011001011
1001010110111000100100100001001101000000101101001001110010110000100110100010111101011101011100010001101001110101001101001011101101101001010101010000011100001
1001010110011110101111011011100101100110110010011100000001010000001101001111011110110100101110001110101001011111010010011001100101100100000100011101000110101
