1010110000111100100000110101000001011001011011011011100111100010101011011100010011011100101000010011111001101000011000100101100011100001101111111000000100110
1010110000111100100000110101000001011001011011011011100111100010101011111001001100101101000111101100111000111111100100111111111111000110111010110011100111011
1010110000111100100000110101000001011001011011011011100111100010101011111001111100010101110111110010111111000010100010100101100011100001101111111000000100110
1010110000111100100000110101000001011001011011011011100111011000000001110110111000010100011011101010000010101111001000010111111111000110111010110011100111011
1010110000111100100000110101000001011001011011011011100111100010101011111001101100001010110011011001110110000111001100011101010101110101001000110000001011011
1010110000111100100000110101000001011001011011011011100111100010101011111001000001011001000011011001110110000111001100011101010101110101001000110000001011011
1010110000111100100000110101000001011001011011011011100111011000010001101101100000100010110011011001110110000111001100011101010101110101001000110000001011011
1010110000111100100000110101000001011001011011011011100111100010101011111001101100011010011111100010011100100101011010101100100101110010101111111111110111111
1010110000111100100000110101000001011001011011011011100111100010101011010111010110001010110011011001110110000111001100011101010101110101001000110000001011011
1010110000111100100000110101000001011001011011011011100111100010101011110010010000101100010111110001000001010101001001111000100101110010101111111111110111111
1010110000111100100000110101000001011001011011011011100111011111111011100001101100001010110011011001110110000111001100011101010101110101001000110000001011011
1010110000111100100000110101000001011001011011011011100111100010101011111001101100001010110011011001110110000111001101010001111100000101111011110111011011100
1010110000111100100000110101000001011001011011011011100111101100101111100001101100001010110011011001110110000111001100011101010101110101001000110000001011011
1010110000111100100000110101000001011001011011011011100111100010101011111001000001011001000011011001110110000111001101010001111100000101111011110111011011100
1010110000111100100000110101000001011001011011011011100111011000010001101101100000100010110011011001110110000111001101010001111100000101111011110111011011100
1010110000111100100000110101000001011001011011011011100111100010101011111001111100010101110111110010111111000010101111001000101101101100111010110011100111011
1010110000111100100000110101000001011001011011011011100111100010101011111001101001000000111111110110011001101111001110011101100011010100110110011100001000110
