101001101111100111010100100000110100110011100010001010110101010000011010001000101100011010011010010011011000101100011000101010011110110000001010110110001011100111100111111101100011
101001101111100111010100100000110100111001000110101010110101010000011010001000101100011010011010010011011000101100011000101010011110110000001010110110001011100111100111111101100011
101001101111100111010100100000110100110011100010001000110101010000011010001000101100011010011010010011011000101100011000101010011110110000001010110110001011100111100111111101100011
101001101111100111010100100000110100110011100010001010110101010000011010001000101100011010011010010011011000101100011000101010011110110000001010110110111011100111100111111101100011
101001101111100111010100100000110100110011100010001010110101011100011010001000101100011010011010010011011000101100011000101010011110110000001010110110001011100111100111111101100011
101001101111100111010100100000110100110011100010001010110101010000011010001000101100011010011010010011011000101100011000101010011110110010100110100101001011100111100111111101100011
101001101111100111010100100000110100110011100010001010110101010000011010001000101100011010011010010011011000101100011000101010011110110000001010101001001011100111100111111101100011
101001101111100111010100100000100100000110111000101010110101010000011010001000101100011010011010010011011000101100011000101010011110110000001010110110001011100111100111111101100011
101001101111100111010100100000110100010010000010011010001001111100011010001000101100011010011010010011011000101100011000101010011110110000001010110110001011100111100111111101100011
101001101111100111010100100000110100110011100010001010110101010000011010001000101100011010011010010011011000101100011000101010011110110000001010101110101011100111100111111101100011
101001101111100111010100100000110100110011100010001010110101010000011010001000101100011010011010010011011000101100011000101010011110110010100110111101101011100111100111111101100011
101001101111100111010100100000110100110011100010001111101101111100011010001000101100011010011010010011011000101100011000101010011110110000001010110110001011100111100111111101100011
101001101111100111010100100000110100110011100010001010110101111100011010001000101100011010011010010011011000101100011000101010011110110000001010110110001011100111100111111101100011
101001101111100111010100100000110100110011100010101100110000010000011010001000101100011010011010010011011000101100011000101010011110110000001010110110001011100111100111111101100011
101001101111100111010100100000110100110011100000100110110101010000011010001000101100011010011010010011011000101100011000101010011110110000001010110110001011100111100111111101100011
101001101111100111010100100000100100000111101110101100110000010000011010001000101100011010011010010011011000101100011000101010011110110000001010110110001011100111100111111101100011
101001101111100111010100100000110100110000000111111100110000010000011010001000101100011010011010010011011000101100011000101010011110110000001010110110001011100111100111111101100011
101001101111100111010100100000100100001001011100101010110101010000011010001000101100011010011010010011011000101100011000101010011110110000001010110110001011100111100111111101100011
101001101111100111010100100000110100110010110100000011010101111100011010001000101100011010011010010011011000101100011000101010011110110000001010110110001011100111100111111101100011
101001101111100111010100100000110100110011100010001010110101010000011010001000101100011010011010010011011000101100011000101011000010111110001111101001001011100111100111111101100011
101001101111100111010100100000110100110011100010001010110101010000011010001000101100011010011010010011011000101100011000101010011110110000001010111101001011100111100111111101100011
101001101111100111010100100000110100110011100010001010110101010000011010001000101100011010011010010011011000101100011000101010011110110000001010111100111010101011100111111101100011
101001101111100111010100100000110100110011100010001010110101010000011010001000101100011010011010010011011000101100011000101010011110110000100001001000101011100111100111111101100011
101001101111100111010100100000100100110011100010001010110101010000011010001000101100011010011010010011011000101100011000101010011110110000001010110110001011100111100111111101100011
101001101111100111010100100000110100110011100010001010110101010000011010001000101100011010011010010011011000101100011000101010011110110000001111101001001011100111100111111101100011
101001101111100111010100100000110100000000011100101010110101010000011010001000101100011010011010010011011000101100011000101010011110110000001010110110001011100111100111111101100011
101001101111100111010100100000100100000111111100101010110101010000011010001000101100011010011010010011011000101100011000101010011110110000001010110110001011100111100111111101100011
101001101111100111010100100000110100110011100010001010110101010000011010001000101100011010011100110011011000101100011000101010011110110000001010110110001011100111100111111101100011
101001101111100111010100100000110100110011100010001010110101010000011010001000101100011010011010010011011000101100011000101010011110110000100001000001011011100111100111111101100011
101001101111111010001000001001011011001100011100101010110101010000011010001000101100011010011010010011011000101100011000101010011110110000001010110110001011100111100111111101100011
101110001111100111010100100000110100110011100010001010110101010000011010001000101100011010011010010011011000101100011000101010011110110000001010110110001011100111100111111101100011
101001101111100111010111100100010110011110111010001000110101010000011010001000101100011010011010010011011000101100011000101010011110110000001010110110001011100111100111111101100011
