000000000100011001111100101110111001010010110100100101000010010101000110111110110110010000010000011000111011001010001001111011110001001001001111111010101000010000110101100100101110
000000000100011001111100101110111001010010110100100101000010010101000110111110110110010000010000100010110001110110010100010011110111100010010010011111110101010001000000001011011011
000000000100010010000011111001011101110010100101101001001010000100101010001101111101101100100000100000110001110110010100010011110111100010010010011111110101010001000000001011011011
000000001010001111110110101001011101110010100101101001001010000100101010001101111101101100100000100000110001110110010100010011110111100010010010011111110101010001000000001011011011
000000000100011001111100101110111001010010110100100101000010010101000110111110110110010000010001011000111011001010001001111011110001001001001111111010101000010000110101100100101110
000000000100001000110011111001011101110010100101101001001010000100101010001101111101101100100000100000110001110110010100010011110111100010010010011111110101010001000000001011011011
000000001010001100111001110010001101110010100101101001001010000100101010001101111101101100100000100000110001110110010100010011110111100010010010011111110101010001000000001011011011
000000000100011110000110110000000010100010110100100101000010010101000110111110110110010000010000011000111011001010001001111011110001001001001111111010101000010000110101100100101110
000000000101001000001111010101110101110010100101101001001010000100101010001101111101101100100000100000110001110110010100010011110111100010010010011111110101010001000000001011011011
000000000100011010110001010100001101110010100101101001001010000100101010001101111101101100100000100000110001110110010100010011110111100010010010011111110101010001000000001011011011
000000000100011001111100101110111001010010110100100101000010010101000110111110110110010000010000011000111011001010001001111011110001001001001111111010101000010011010101000011011011
000000001010101111110111111001011101110010100101101001001010000100101010001101111101101100100000100000110001110110010100010011110111100010010010011111110101010001000000001011011011
000000001010101111110111111010111101110010100101101001001010000100101010001101111101101100100000100000110001110110010100010011110111100010010010011111110101010001000000001011011011
000000000101111101110100010001111101110010100101101001001010000100101010001101111101101100100000100000110001110110010100010011110111100010010010011111110101010001000000001011011011
000000001010011110111011010001111101110010100101101001001010000100101010001101111101101100100000100000110001110110010100010011110111100010010010011111110101010001000000001011011011
000000000100011110000110101011110101110010100101101001001010000100101010001101111101101100100000100000110001110110010100010011110111100010010010011111110101010001000000001011011011
000000000101111101110100010011111000000101000101101001001010000100101010001101111101101100100000100000110001110110010100010011110111100010010010011111110101010001000000001011011011
000000000100011010111110100000001111001101001000010001100111111111011111111001000001001110110010010111101100111001011001000011110001000010011110010001010100111100001000101100000101
000000000100011001111100101110111001010010110100100101000010010101000110111110110110010000010000100010110001110110010100010011110111100010010010011111110101010000110101100100101110
000000001010011110111011011110111001010010110100100101000010010101000110111110110110010000010000011000111011001010001001111011110001001001001111111010101000010000110101100100101110
000000000100011001111100101110111001010010110100100101000010010101000110111110110110010000010000011000111011001010001001111011110001001001001111111010101000100001110111011110101111
000000000100011110000110111110111001010010110100100101000010010101000110111110110110010000010000011000111011001010001001111011110001001001001111111010101000010000110101100100101110
000000000100011001111100101110111001010010110100100101000010010101000110111110110110010000010000011000111011001010001001111011110001001001001111111010101000010000100111100011011011
000000000101111100011000101110111001010010110100100101000010010101000110111110110110010000010000011000111011001010001001111011110001001001001111111010101000010000110101100100101110
000000000101001000001111001011110101110010100101101001001010000100101010001101111101101100100000100000110001110110010100010011110111100010010010011111110101010001000000001011011011
000000000100101011111101110010001101110010100101101001001010000100101010001101111101101100100000100000110001110110010100010011110111100010010010011111110101010001000000001011011011
000000000100011010111110100000001111001101001000010001100111111111011111111001000001001110110010010111101100111001011001000011110001000010011110010001010100111100001111011011110011
000000001010100011110010111110111001010010110100100101000010010101000110111110110110010000010000011000111011001010001001111011110001001001001111111010101000010000110101100100101110
000000000100011001111100101110111001010010110100100101000010010101000110111110110110010000010000011000111011001010001001111011110001001001001111111010101000000001001010000100101110
000000000100010010000011111001011101110010100101101001001010000100101010001101111101101100100000100000110001110110010100010011110111100010010010011111110101010000110101100100101110
000000000101001000001111010101100000010010100101101001001010000100101010001101111101101100100000100000110001110110010100010011110111100010010010011111110101010001000000001011011011
000000000100011110000110110000000010100010110100100101000010010101000110111110110110010000010000100010110001110110010100010011110111100010010010011111110101010001000000001011011011
