001010101010011010111001101111100010100000110100001000001010111010001000110110111101010000101100110010110011010111010001101000010011110010111110100111101111100101110111100100011100
001010101010011010111001101111100010100000110100001000010110111010001000110110111101010000101100110010110011010111010001101000010011110010111110100111101111100101110111100100011100
001010101010011010111001101111100010100000110100001000000000011001101011000100101111001001111100110010110011010111010001101000010011110010111110100111101111100101110111100100011100
001010101010011010111001101111100010100001011000010100100000011001101011000100101111001001111100110010110011010111010001101000010011110010111110100111101111100101110111100100011100
001010101010011010111001101111100010100110100101111101111000011001101011000100101111001001111100110010110011010111010001101000010011110010111110100111101111100101110111100100011100
001010101010011010111001101111100010100001011000010100101010111010001000110110111101010000101100110010110011010111010001101000010011110010111110100111101111100101110111100100011100
001010101010011010111001101111100010100000110100001000000011101001101011000100101111001001111100110010110011010111010001101000010011110010111110100111101111100101110111100100011100
001010101010011010111001101111100010100001011000010101001010111010001000110110111101010000101100110010110011010111010001101000010011110010111110100111101111100101110111100100011100
001010101010011010111001101111100010100000110100001000011010111010001000110110111101010000101100110010110011010111010001101000010011110010111110100111101111100101110111100100011100
001010101010011010111001101111100010100010100000111101001010111010001000110110111101010000101100110010110011010111010001101000010011110010111110100111101111100101110111100100011100
001010101010011010111001101111100010100110100101111101111010111010001000110110111101010000101100110010110011010111010001101000010011110010111110100111101111100101110111100100011100
001010101010011010111001101111100010100000110010001101001010111010001000110110111101010000101100110010110011010111010001101000010011110010111110100111101111100101110111100100011100
001010101010011010111001101111100010100000110100001000000101010111100110110110111101010000101100110010110011010111010001101000010011110010111110100111101111100101110111100100011100
001010101010011010111001101111100010100000110100001000001000011001101011000100101111001001111100110010110011010111010001101000010011110010111110100111101111100101110111100100011100
001010101010011010111001101111001000011111101110111001001010111010001000110110111101010000101100110010110011010111010001101000010011110010111110100111101111100101110111100100011100
001010101010011010111001101111110110010010000000100010011010111010001000110110111101010000101100110010110011010111010001101000010011110010111110100111101111100101110111100100011100
001010101010011010111001101111100010100000110100001000011100011001101011000100101111001001111100110010110011010111010001101000010011110010111110100111101111100101110111100100011100
001010101010011010111001101111100010100000110110100100011010111010001000110110111101010000101100110010110011010111010001101000010011110010111110100111101111100101110111100100011100
001010101010011101001110110011011001101111010011011101001010111010001000110110111101010000101100110010110011010111010001101000010011110010111110100111101111100101110111100100011100
001010101010011010111001101111100010100001011000010100000000011001101011000100101111001001111100110010110011010111010001101000010011110010111110100111101111100101110111100100011100
001010101010011010111001101111100010100000110100001000000011010111100110110110111101010000101100110010110011010111010001101000010011110010111110100111101111100101110111100100011100
001010101010011010111001101111100010100000110100001000010101010111100110110110111101010000101100110010110011010111010001101000010011110010111110100111101111100101110111100100011100
001010101010011010111001101111100010100001011000010100111111010001011110011011100111100101000111100100011110001101100100000011000101011111100100010010011001101010011111101011111000
001010101010011010111001101111100010100000110100001000000100011001101011000100101111001001111100110010110011010111010001101000010011110010111110100111101111100101110111100100011100
001010101010011010111001101111100010100000110100001000001010110100101000111101110100001110111101011110111001110010100100110111011000000001101100011101000110010000001111000010011100
001010101010011010111001101111100010100110100101111101110000011001101011000100101111001001111100110010110011010111010001101000010011110010111110100111101111100101110111100100011100
001010101010011010111001101111100010100000110100001000000100111001101011000100101111001001111100110010110011010111010001101000010011110010111110100111101111100101110111100100011100
001010101010011010111001101111100010100010100001000000000000011001101011000100101111001001111100110010110011010111010001101000010011110010111110100111101111100101110111100100011100
001010101010011010111001101111100010100000110100001000010101110010111101101001110101111100010111100100011110001101100100000011000101011111100100010010011001101010011111101011111000
001010101010011010111001101111100010100110100101111101111010010001010001111011010011010000101100110010110011010111010001101000010011110010111110100111101111100101110111100100011100
001010101010011010111001101111100010100001011000010100111100011001101011000100101111001001111100110010110011010111010001101000010011110010111110100111101111100101110111100100011100
001010101010011010111001101111100010100001011000010100111111010001011110011011100111100101000111100100011110001101100100000011000101011111100100010010011001101011001001100010011100
