110000101011111011010001110111110011101110101001000000001101001101011001001011111100111100010011110101100111010000110110000100100000000000010100111110111101001011000110100011110100
110000101011111011010001110111110011101110101001000000001101001101011001001011111100111100010011110101100111010000110101000100100000000000010100111110111101001011000110100011110100
110000101011111011010001110111110011101110101001000000001101001101011001001011111100111100010011110101100111010000110101110000100000000000010100111110111101001011000110100011110100
110000101011111011010001110111110011101110101001000000001101001101011001001011111100111100010011110101100111010011011110000100100000000000010100111110111101001011000110100011110100
110000101011111011010001110111110011101110101001000000001101001101011001001011111100111100010011110101100111011011100110000100100000000000010100111110111101001011000110100011110100
110000101011111011010001110111110011101110101001000000001101001101011001001011111100111100010011110101100111011011101110000100100000000000010100111110111101001011000110100011110100
110000101011111011010001110111110011101110101001000000001101001101011001001011111100111100010011110101100101000000100010000100100000000000010100111110111101001011000110100011110100
110000101011111011010001110111110011101110101001000000001101001101011001001011111100111100010011110101100111010000110110100100100000000000010100111110111101001011000110100011110100
110000101011111011010001110111110011101110101001000000001101001101011001001011111100111100010011110101100111010110000110000100100000000000010100111110111101001011000110100011110100
110000101011111011010001110111110011101110101001000000001101001101011001001011111100111100010011110101100111011001100110000100100000000000010100111110111101001011000110100011110100
110000101011111011010001110111110011101110101001000000001101001101011001001011111100111100010011110101100111010101101110000100100000000000010100111110111101001011000110100011110100
110000101011111011010001110111110011101110101001000000001101001101011001001011111100111100010011110101100111010000110101101110101000011110000011101011110001011101000110100011110100
110000101011111011010001110111110011101110101001000000001101001101011001001011111100111100010011110101100111010001011010000100100000000000010100111110111101001011000110100011110100
110000101011111011010001110111110011101110101001000000001101001101011001001011111100111100010011110101100111010000110010000100100000000000010100111110111101001011000110100011110100
110000101011111011010001110111110011101110101001000000001101001101011001001011111100111100010011110101100111010111000110000100100000000000010100111110111101001011000110100011110100
110000101011111011010001110111110011101110101001000000001101001101011001001011111100111100010011110100110001011010111110000100100000000000010100111110111101001011000110100011110100
110000101011111011010001110111110011101110101001000000001101001101011001001011111100111100010011110101100101111100100110000100100000000000010100111110111101001011000110100011110100
110000101011111011010001110111110011101110101001000000001101001101011001001011111100111100010011110101100111010000000110000100100000000000010100111110111101001011000110100011110100
110000101011111011010001110111110011101110101001000000001101001101011001001011111100111100010011110101100111011011100010000100100000000000010100111110111101001011000110100011110100
110000101011111011010001110111110011101110101001000000001101001101011001001011111100111100010011110101100111010000111110000100100000000000010100111110111101001011000110100011110100
110000101011111011010001110111110011101110101001000000001101001101011001001011111100111100010011110101100111010000110101001110101111000000010100111110111101001011000110100011110100
110000101011111011010001110111110011101110101001000000001101001101011001001011111100111100010011110101100101110111111110000100100000000000010100111110111101001011000110100011110100
110000101011111011010001110111110011101110101001000000001101001101011001001011111100111100010011110101100111010001011101000100100000000000010100111110111101001011000110100011110100
110000101011111011010001110111110011101110101001000000001101001101011001001011111100111100010011110101100111010000111010000100100000000000010100111110111101001011000110100011110100
110000101011111011010001110111110011101110101001000000001101001101011001001011111100111100010011110101100111010000010010000100100000000000010100111110111101001011000110100011110100
110000101011111011010001110111110011101110101001000000001101001101011001001011111100111100010011110100110001011001010110000100100000000000010100111110111101001011000110100011110100
110000101011111011010001110111110011101110101001000000001110011010011010110010010111111001111000100111101011001110100001111110101000011110000011101011110001011101000110100011110100
110000101011111011010001110111110011101110101001000000001101001101011001001011111100111100010011110100010010101000110110000100100000000000010100111110111101001011000110100011110100
110000101011111011010001110111110011101111111111001001101111101111100011101000111000110001001100011100011110110111011010000100100000000000010100111110111101001011000110100011110100
100000101011111011010001110111110011101110101001000000001101001101011001001011111100111100010011110101100111010000110110000100100000000000010100111110111101001011000110100011110100
110000101011111011010001110111110011101110101001000000001110110001001100011111001101001100010011110001000110010001011010000100100000000000010100111110111101001011000110100011110100
111000101011111011010001110111110011101110101001000000001101001101011001001011111100111100010011110101100111010000110110000100100000000000010100111110111101001011000110100011110100
