011001111011101001110111100111100101110101001111100100010101101110101101001100010101001101001011100100011110100110000101001000001000001101100111000010101111101001110111101001110000
101011101000000001111100101001011111100101111000111001000001110110101101001100010101001101001011100100011110100110000101001000001000001101100111000010101111101001110111101001110000
101011101000000011010000111010011000010000000110001100100101001001110110001110011100101111001011100100011110100110000101001000001000001101100111000010101111101001110111101001110000
101011101000000011010000111010011000010000000110001100100101001001110111011000010101001101001011100100011110100110000101001000001000001101100111000010101111101001110111101001110000
101011101000000001111100101001011000101110101100110100110101101110101101001100010101001101001011100100011110100110000101001000001000001101100111000010101111101001110111101001110000
011001111011101001110111100111100101110101001111100100010101101110101101001100010001000110110010100000011110100110000101001000001000001101100111000010101111101001110111101001110000
101011101000000011010000111010011000010000000110001100100011101110101101001100010101001101001011100100011110100110000101001000001000001101100111000010101111101001110111101001110000
101011101000000001111100101001011000101110001100100101111100011000010000111000010101001101001011100100011110100110000101001000001000001101100111000010101111101001110111101001110000
101011101000000011010000111010011000010000000110001100100101001001000010011000010101001101001011100100011110100110000101001000001000001101100111000010101111101001110111101001110000
101011101000000001111100101001011111100101111000111001000001110110101011001100110101001101001011100100011110100110000101001000001000001101100111000010101111101001110111101001110000
011001111011101001110111100111100101110101001111100100010101101001110110001110011100101111001011100100011110100110000101001000001000001101100111000010101111101001110111101001110000
101011101000000001111100101001011111001110111100001001001110110011000100011000010101001101001011100100011110100110000101001000001000001101100111000010101111101001110111101001110000
011001111011101001110111100111100101110101001111100100010101010110101011001100110101001101001011100100011110100110000101001000001000001101100111000010101111101001110111101001110000
101011101000000011010000111010011000110101111010101011100100011000010000111000010101001101001011100100011110100110000101001000001000001101100111000010101111101001110111101001110000
101011101000000011010000111010011000110101111010101011100100001111001100001111001111100011110101001110111110100110000101001000001000001101100111000010101111101001110111101001110000
101011101000000011010000111010011000101110001100100101111100011000010000111000010101001101001011100100011110100110000101001000001000001101100111000010101111101001110111101001110000
011001111011101001110111100111100101110101001111100100010101101001110111011000010101001101001011100100011110100110000101001000001000001101100111000010101111101001110111101001110000
011001111011101001110111100111100101110101001111100100010101010110101101001100010101001101001011100100011110100110000101001000001000001101100111000010101111101001110111101001110000
101011101000000011010000111010011000010000000110001100100011111110101011001100110101001101001011100100011110100110000101001000001000001101100111000010101111101001110111101001110000
101011101000000011010000111010011000010000000110001100100001110011000100011000010101001101001011100100011110100110000101001000001000001101100111000010101111101001110111101001110000
011001111011101001110111100111100101110101001111100100010101101000001001101010100011101111110011100100011110100110000101001000001000001101100111000010101111101001110111101001110000
011001111011101001110111100111100101110101001111100100010101101000001001101010100110110111010101100100011110100110000101001000001000001101100111000010101111101001110111101001110000
101011101000000011010000111010011000010000000110001100100011110011000100011000010101001101001011100100011110100110000101001000001000001101100111000010101111101001110111101001110000
101011101000000011010000111010011000101110101100110100110101101110101101001100010101001101001011100100011110100110000101001000001000001101100111000010101111101001110111101001110000
011001111011101001110111100111100101110101001111100100011100110011000100011000010101001101001011100100011110100110000101001000001000001101100111000010101111101001110111101001110000
101011101000000011010000111010011000010000000110001100100011101011000100011000010101001101001011100100011110100110000101001000001000001101100111000010101111101001110111101001110000
101011101000000011010000111010011000110101111010101011100100001001110110001110011100101111001011100100011110100110000101001000001000001101100111000010101111101001110111101001110000
101011101000000011010000111010011000110101111010101011100100100000010001001100110101001101001011100100011110100110000101001000001000001101100111000010101111101001110111101001110000
101011101000000011010000111010011000110101111010101011100100001000010000111000010101001101001011100100011110100110000101001000001000001101100111000010101111101001110111101001110000
101011101000000001111100101001011111111110001000100110101010010110101101001100010101001101001011100100011110100110000101001000001000001101100111000010101111101001110111101001110000
101011101000000001111100101001011111111110001000100110101010110100110010011000010101001101001011100100011110100110000101001000001000001101100111000010101111101001110111101001110000
011001111011101001110111100111100101110101001111100100010101010110001101001100110101001101001011100100011110100110000101001000001000001101100111000010101111101001110111101001110000
