000010100111100100010110011111010001111100010011110101111111001101000100111001010110011100001000110011011101001101010100001100101010001011010011101001010111100100110010011011101010
000010100110111000111000011111010001111100010011110101111111001101000100111001010110011100001000110011011101001101010100001100101010001011010011101001010111100100110010011011101010
000010100110111000111000011010010001111100010011110101111111001101000100111001010110011100001000110011011101001101010100001100101010001011010011101001010111100100110010011011101010
000010100110111000111000011110110110000111100011010011011000010011000100011110010110011100001000110011011101001101010100001100101010001011010011101001010111100100110010011011101010
000010100110111000111000110100010001111100010011110101111111001101000100111001010110011100001000110011011101001101010100001100101010001011010011101001010111100100110010011011101010
000010100101110101111110000000010001111100010011110101111111001101000100111001010110011100001000110011011101001101010100001100101010001011010011101001010111100100110010011011101010
000010001110110001001110000100010001111100010011110101111111001101000100111001010110011100001000110011011101001101010100001100101010001011010011101001010111100100110010011011101010
000010100101010001000001100100010001111100010011110101111111001101000100111001010110011100001000110011011101001101010100001100101010001011010011101001010111100100110010011011101010
000010001101111100001000011110110110000111100011010011011000010011000100011110010110011100001000110011011101001101010100001100101010001011010011101001010111100100110010011011101010
000010100110111000111101001001010001111100010011110101111111001101000100111001010110011100001000110011011101001101010100001100101010001011010011101001010111100100110010011011101010
000010100110110010011111101111010001111100010011110101111111001101000100111001010110011100001000110011011101001101010100001100101010001011010011101001010111100100110010011011101010
000010100110111000111101000110010001111100010011110101111111001101000100111001010110011100001000110011011101001101010100001100101010001011010011101001010111100100110010011011101010
010111000111001000010111000111010001111100010011110101111111001101000100111001010110011100001000110011011101001101010100001100101010001011010011101001010111100100110010011011101010
000010100101100110101000010100010001111100010011110101111111001101000100111001010110011100001000110011011101001101010100001100101010001011010011101001010111100100110010011011101010
000010001111000101110100011111010001111100010011110101111111001101000100111001010110011100001000110011011101001101010100001100101010001011010011101001010111100100110010011011101010
000010100110111000111001101010010001111100010011110101111111001101000100111001010110011100001000110011011101001101010100001100101010001011010011101001010111100100110010011011101010
010111000111110000011000110100010001111100010011110101111111001101000100111001010110011100001000110011011101001101010100001100101010001011010011101001010111100100110010011011101010
000010100111100100010110000100110001111100010011110101111111001101000100111001010110011100001000110011011101001101010100001100101010001011010011101001010111100100110010011011101010
000010001101111100001011010100010001111100010011110101111111001101000100111001010110011100001000110011011101001101010100001100101010001011010011101001010111100100110010011011101010
000010100110111000111000011110110110000111100011010011011000010011000100111001010110011100001000110011011101001101010100001100101010001011010011101001010111100100110010011011101010
000010001101111100001000011110110110000111100011010011011000010011000100111001010110011100001000110011011101001101010100001100101010001011010011101001010111100100110010011011101010
010100111100000101100100010100010001111100010011110101111111001101000100111001010110011100001000110011011101001101010100001100101010001011010011101001010111100100110010011011101010
000010001101111100001000011010010001111100010011110101111111001101000100111001010110011100001000110011011101001101010100001100101010001011010011101001010111100100110010011011101010
000010100100000110011001010100010001111100010011110101111111001101000100111001010110011100001000110011011101001101010100001100101010001011010011101001010111100100110010011011101010
000010001111000101110100011110110110000111100011010011011000010011000100011110010110011100001000110011011101001101010100001100101010001011010011101001010111100100110010011011101010
000010100110110010011111101110110110000111100011010011011000010011000100011110010110011100001000110011011101001101010100001100101010001011010011101001010111100100110010011011101010
000010100101110101111110000001111010101010111110101111001010100110010010010100001100101001100011100101110000010111100001100111111100100110001001011100111100110010011111000001011111
000010100111100100010111110011111010101010111110101111001010100110010010010100001100101001100011100101110000010111100001100111111100100110001001011100111100110010011111000001011111
000010100111100100010110100001111010101010111110101111001010100110010010010100001100101001100011100101110000010111100001100111111100100110001001011100111100110010011111000001011111
000010100100011110111000100001111010101010111110101111001010100110010010010100001100101001100011100101110000010111100001100111111100100110001001011100111100110010011111000001011111
000010100101110101111110000011111010101010111110101111001010100110010010010100001100101001100011100101110000010111100001100111111100100110001001011100111100110010011111000001011111
000010100111100100010110000111111010101010111110101111001010100110010010010100001100101001100011100101110000010111100001100111111100100110001001011100111100110010011111000001011111
