001111111111111011000011010000110110010110110011110011010000101111101110001111110110010111011001111000101011111001010110101000010111001101011001100001100110011111110001000010010001
001111111111111000111111110011111001010100110011110011010000101111101110001111110110010111011001111000101011111001010110101000010111001101011001100001100110011111110001000010010001
001111111111111011000011010000110011100101001011110011010000101111101110001111110110010111011001111000101011111001010110101000010111001101011001100001100110011111110001000010010001
001111111111111011000011010000110110010110110011110011010000101111101110001111110110010111011001111000101011111001010110101000010111001101011001100001100100011111110001000010010001
001111111111111011000110001000110110010110110011110011010000101111101110001111110110010111011001111000101011111001010110101000010111001101011001100001100110011111110001000010010001
001111111111111011000011010000110110010110110011110011010000101111101110001111110110010111011001111000101011111001010110101000010111001101011001100001111010110010010000011101000100
001111111111111000111111110000110011100101001011110011010000101111101110001111110110010111011001111000101011111001010110101000010111001101011001100001100110011111110001000010010001
001111111111111011000011010000100110000111010011110011010000101111101110001111110110010111011001111000101011111001010110101000010111001101011001100001100110011111110001000010010001
001111111111111011000011011100010110010110110011110011010000101111101110001111110110010111011001111000101011111001010110101000010111001101011001100001100110011111110001000010010001
001111111111111011000011010000110111010000011101110011010000101111101110001111110110010111011001111000101011111001010110101000010111001101011001100001100110011111110001000010010001
001111111111111011000011010000110110010110110011110011010000101111101110001111110110010111011001111000101011111001010110101000010111001101011001100001100110101010010000011101000100
001111111111111011000011010000110110111101110111110011010000101111101110001111110110010111011001111000101011111001010110101000010111001101011001100001100110011111110001000010010001
001111111111111000111111110000110110010110110011110011010000101111101110001111110110010111011001111000101011111001010110101000010111001101011001100001100110011111110001000010010001
001111111111111011000011011100011011011100010111110011010000101111101110001111110110010111011001111000101011111001010110101000010111001101011001100001100110011111110001000010010001
001111111111111011000011010110100110000111010011110011010000101111101110001111110110010111011001111000101011111001010110101000010111001101011001100001100110011111110001000010010001
001111111111111011000011010000110011110000110111110011010000101111101110001111110110010111011001111000101011111001010110101000010111001101011001100001100110011111110001000010010001
001111111111111011000011010000110110010110110011110011010000101111101110001111110110010111011001111000101011111001010110101000010111001101011001100001100001000010110000011101000100
001111111111111011000000100111000001101001110011110011010000101111101110001111110110010111011001111000101011111001010110101000010111001101011001100001100110011111110001000010010001
001111111111111011000011010000110110010110110011110011010000101111101110001111110110010111011001111000101011111001010110101000010111001101011001100001100100011110010000011101000100
001111111111111011000011010000110110010110110011110011010000101111101110001111110110010111011001111000101011111001010110101000010111011000011001011110100110011111110001000010010001
001111111111111011000011010000110110010110110011110011010000101111101110001111110110010111011001111000101011111001010110101000010111001101011001100001101001101010010000011101000100
001111111111111011000011010000110110010110110011110011010000101111101110001111110110010111011001111000101011111001010110101000111100000001001110010111100000000011111000011101000100
001111111111111011000011010000110001100110100011110011010000101111101110001111110110010111011001111000101011111001010110101000010111001101011001100001100110011111110001000010010001
001111111111111011000011010000110110111101110111000011010000101111101110001111110110010111011001111000101011111001010110101000010111001101011001100001100110011111110001000010010001
001111111111111011000011010000110110010110110011110011010000101111101110001111110110010111011001111000101011111001010110101000010111001111110101110010100110011111110001000010010001
001111111111111011000011010000110111010000011100100010011110001010101110001111110110010111011001111000101011111001010110101000010111001101011001100001100110011111110001000010010001
001111111111111011001111000101100110000111010011110011010000101111101110001111110110010111011001111000101011111001010110101000010111001101011001100001100110011111110001000010010001
001111111111111011000011010000110011011011110011110011010000101111101110001111110110010111011001111000101011111001010110101000010111001101011001100001100110011111110001000010010001
001111111111111000111111110011111101100001100011110011010000101111101110001111110110010111011001111000101011111001010110101000010111001101011001100001100110011111110001000010010001
001111111111111001100011010110100110000111010011110011010000101111101110001111110110010111011001111000101011111001010110101000010111001101011001100001100110011111110001000010010001
001111111111111011000011010000110110010010111111110011010000101111101110001111110110010111011001111000101011111001010110101000010111001101011001100001100110011111110001000010010001
001111111111111011000011010000110110010110110011110011010000101111101110001111110110010111011001111000101011111001010110101000010111001101011001100110010010110010010000011101000100
