000110100011111011001100101110101000100111000100001101001001100110011111011010101011101100010000110011001100001010101111011110110010100010000111100010010101011001010001001100100100
000110100011111011001100101110101000100111000100001101001001100110011111011010101011101100010000110011001100001010101111011110110010100010000111100010010101011001010011100000110100
000110100011111011001100101110101000100111000100001101001001100110011111011011000110100011000000101110100100100110000100110011000011110101111010001101100100111001010001001100100100
000110100011111011001100101110101000100111000100001101001001100110011111100100101011101100010000110011001100001010101111011110110010100010000111100010010101011001010001001100100100
000110100011111011001100101110101000100111000100001101001001100110110100011110011010100000010000110011001100001010101111011110110010100010000111100010010101011001010001001100100100
000110100011111011001100101110101000100111000100001101001001100110011110101111111010100000010000110011001100001010101111011110110010100010000111100010010101011001010001001100100100
000110100011111011001100101110101000100111000100001101001001101100111001001111111010100000010000110011001100001010101111011110110010100010000111100010010101011001010001001100100100
000110100011111011001100101110101000100111000100001101001001100110011110001100100010111001011010111100001100001010101111011110110010100010000111100010010101011001010001001100100100
000110100011111011001100101110101000100111000100001101001001100110011111001111111010100000010000110011001100001010101111011110110010100010000111100010010101011001010001001100100100
000110100011111011001100101110101000100111000100001101001001100110011111011010101011011001111011100101100001010000011010110101100100001111011101010111010101001101011101100000110100
000110100011111011001100101110101000100111000100001101001001100110011111011000000111111111010000110011001100001010101111011110110010100010000111100010010101011001010001001100100100
000110100011111011001100101110101000100111000100001101001001100110000001011110010101000011100110110011001100001010101111011110110010100010000111100010010101011001010001001100100100
000110100011111011001100101110101000100111000100001101001001100110110100011001101010110000010000110011001100001010101111011110110010100010000111100010010101011001010001001100100100
000110100011111011001100101110101000100111000100001101001001100110010000111001010000000100010000110011001100001010101111011110110010100010000111100010010101011001010001001100100100
000110100011111011001100101110101000100111000100001101001001110011111100101011010010100000010000110011001100001010101111011110110010100010000111100010010101011001010001001100100100
000110100011111011001100101110101000100111000100001101001001100110011111011010101011101100010001001111001100001010101111011110110010100010000111100010010101011001010001001100100100
000110100011111011001100101110101000100111000100001101001001100110011111011011000110100011000000101110100100100110000100110011000011110101111010001101100100111001010011100000110100
000110100011111011001100101110101000100111000100001101001001100110011110001101111010010100010000110011001100001010101111011110110010100010000111100010010101011001010001001100100100
000110100011111011001100101110101000100111000100001101001001100110011111011010101011011011000000101110100100100110000100110011000011110101111010001101100100111001010001001100100100
000110100011111011001100101110101000100111000100001101001001100110011111011010101011011001000100110011001100001010101111011110110010100010000111100010010101011001010001001100100100
000110100011111011001100101110101000100111000100001101001001100110011000100111100000110010100000110011001100001010101111011110110010100010000111100010010101011001010001001100100100
000000100011111011001100101110101000100111000100001101001001100110011111011010101011101100010000110011001100001010101111011110110010100010000111100010010101011001010001001100100100
000110100011111011001100101110101000100111000100001101001001100110011111100100101011101100010000110011001100001010101111011110110010100010000111100010010101011001010011100000110100
000110100011111011001100101110101000100111000100001101001001100110011110000100101011101100010000110011001100001010101111011110110010100010000111100010010101011001010001001100100100
111110100011111011001100101110101000100111000100001101001001100110011111011010101011101100010000110011001100001010101111011110110010100010000111100010010101011001010001001100100100
000110100011111011001100101110101000100111000100001101001001100110110101110111101000011111001010100111010010001010101111011110110010100010000111100010010101011001010001001100100100
000110100011111011001100101110101000100111000100001101001001100110110100011110011010100000010000110011001100001010101111011110110010100010000111100010010101011001010011100000110100
000110100011111011001100101110101000100111000100001101001001100110011111011010101011101100010000110011001100001010101111011110110010100010000111100010010101001101011101100000110100
000110100011111011001100101110101000100111000100001101001001100110011110101111101100110011000000101110100100100110000100110011000011110101111010001101100100111001010001001100100100
000000101100111011001100101110101000100111000100001101001001100110011111011010101011101100010000110011001100001010101111011110110010100010000111100010010101011001010001001100100100
000110100011111011001100101110101000100111000100001101001001100110011110101111111010100000010000110011001100001010101111011110110010100010000111100010010101011001010011100000110100
000110100011111011001100101110101000100111000100001101001001101100111001001111111010100000010000110011001100001010101111011110110010100010000111100010010101011001010011100000110100
