001000110100110110001010001000110010111100100100111101111011110000100000100010001001111101101100000001101111011111010110000001000101011101010000101110111001100111100110110001001010
001000110100110110001010001000110010111100100100001011000010011100001000101000101011110001010100000001101111011111010110000001000101011101010000101110111001100111100110110001001010
001000110100110110001010001000110010111100100100000110000001111000111000000100011000110001101100000001101111011111010110000001000101011101010000101110111001100111100110110001001010
001000110100110110001010001000110010111100100100110010110110110001111101001000011000110001101100000001101111011111010110000001000101011101010000101110111001100111100110110001001010
001000110100110110001010001000110010111100100100000110000011100100100000010100101011110001010100000001101111011111010110000001000101011101010000101110111001100111100110110001001010
001000110100110110001010001000110010111100100100000011011001011111010010100011100111110001010100000001101111011111010110000001000101011101010000101110111001100111100110110001001010
001000110100110110001010001000110010111100100100110011001110011100110111101100011110101100100001001111100101001000001100010001101100101000110001101001111100100111100110110001001010
001000110100110110001010001000110010111100100100000011011001011111010100001101011011010100101011100001101111011111010110000001000101011101010000101110111001100111100110110001001010
001000110100110110001010001000110010111100100100000110000001111001100011110001100001110001101100000001101111011111010110000001000101011101010000101110111001100111100110110001001010
001000110100110110001010001000110010111100100100001011000010011100001000101000101000110001010100000001101111011111010110000001000101011101010000101110111001100111100110110001001010
001000110100110110001010001000110010111100100100110010011000101011000110010100101011110001010100000001101111011111010110000001000101011101010000101110111001100111100110110001001010
001000110100110110001010001000110010111100100100111101111011110001111011010111100101110001101100000001101111011111010110000001000101011101010000101110111001100111100110110001001010
001000110100110110001010001000110010111100100100000111110001111000100001110011100111110001010100000001101111011111010110000001000101011101010000101110111001100111100110110001001010
001000110100110110001010001000110010111100100100001011000010011100001000101000110010001010111010000111011101111011001010010101100111011010111100100111000001110111100110110001001010
001000110100110110001010001000110010111100100100000111110001111000100111011101010010110101010011000011011101111011001010010101100111011010111100100111000001110111100110110001001010
001000110100110110001010001000110010111100100100001000001001101011101111111000101011110001010100000001101111011111010110000001000101011101010000101110111001100111100110110001001010
001000110100110110001010001000110010111100100100111101111011110000100000100010011100100001101100000001101111011111010110000001000101011101010000101110111001100111100110110001001010
001000110100110110001010001000110010111100100100001001000001100001010110001100101011110001010100000001101111011111010110000001000101011101010000101110111001100111100110110001001010
001000110100110110001010001000110010111100100100110000111000010100010000001110111001101010100001100001101111011111010110000001000101011101010000101110111001100111100110110001001010
001000110100110110001010001000110010111100100100001000010100110001101001001000011000110001101100000001101111011111010110000001000101011101010000101110111001100111100110110001001010
001000110100110110001010001000110010111100100100111101110110101001111001001000011000110001101100000001101111011111010110000001000101011101010000101110111001100111100110110001001010
001000110100110110001010001000110010111100100100000111110001111000100111011101010011011101011010000111011101111011001010010101100111011010111100100111000001110111100110110001001010
001000110100110110001010001000110010111100100100000110000001111001011010101010111100110001101100000001101111011111010110000001000101011101010000101110111001100111100110110001001010
001000110100110110001010001000110010111100100100000110000001111001011010101010111111000100000111010111000010000101100011101010010001000001101010001010000000000100011001000001000111
001000110100110110001010001000110010111100100100000110000001111000111000000100000101000100111111010111000010000101100011101010010001000001101010001010000000000100011001000001000111
001000110100110110001010001000110010111100100100111101111011110000100000100000001011110001010100000001101111011111010110000001000101011101010000101110111001100111100110110001001010
001000110100110110001010001000110010111100100100000011011001011111010100001101010111001000000111010111000010000101100011101010010001000001101010001010000000000100011001000001000111
001000110100110110001010001000110010111100100100000011011001011111010100001101010001000100111111010111000010000101100011101010010001000001101010001010000000000100011001000001000111
001000110100110110001010001000110010111100100100000101111011001010100011011010111111000100000111010111000010000101100011101010010001000001101010001010000000000100011001000001000111
001000110100110110001010001000110010111100100100001100011001000111010111110101101010111111111010000111011101111011001010010101100111011010111100100111000001110111100110110001001010
001000110100110110001010001000110010111100100100000110000001111001011010101010111101000100111111010111000010000101100011101010010001000001101010001010000000000100011001000001000111
001000110100110110001010001000110010111100100100000110011100001011111110001101000111000101010011000011011101111011001010010101100111011010111100100111000001110111100110110001001010
