111001111101001011101011011100110111100010010000101011011010110100000011000110110100111111011000000000000110110111111010000001011111011001101011110001100001111001000100011101101011
111001111101001011101011011100110111100010010000101011011010110100000010010000111100111111011000000000000110110111111010000001011111011001101011110001100001111001000100011101101011
111001111101001011101011011100110111100010010000101011011010110100000011000110110100111111001101110000000110110111111010000001011111011001101011110001100001111001000100011101101011
111001111101001011101011011100110111100010010000101011011010110100000011000110110100100000001000000000000110110111111010000001011111011001101011110001100001111001000100011101101011
111001111101001011101011011100110111100010010000101110000010010010000011000110110100111111011000000000000110110111111010000001011111011001101011110001100001111001000100011101101011
111001111101001011101011011100110111100010010000101011011010110100000011000110110101011110011010000000000110110111111010000001011111011001101011110001100001111001000100011101101011
111001111101001011101011011100110111100010010000101011011010110100000011000110110100111111011111110000000110110111111010000001011111011001101011110001100001111001000100011101101011
111001111101001011101011011100110111100010010000101011011010110100001101000110110100111111011000000000000110110111111010000001011111011001101011110001100001111001000100011101101011
111001111101001011101011011100110111100010010000101011011010110100000011000100011000101100011000000000000110110111111010000001011111011001101011110001100001111001000100011101101011
111001111101001011101011011100110111100010010000101011011010110100000010010010110100111111011000000000000110110111111010000001011111011001101011110001100001111001000100011101101011
111001111101001011101011011100110111100010010000101011011010110100000011101011110000110011111000000000000110110111111010000001011111011001101011110001100001111001000100011101101011
111001111101001011101011011100110111100010010000101011011010110100000010010000111100111110010100000000000110110111111010000001011111011001101011110001100001111001000100011101101011
111001111101001011101011011100110111100010010000101011011010110100000011000110110100111111010000000000000110110111111010000001011111011001101011110001100001111001000100011101101011
111001111101001011101011011100110111100010010000101011011010110100000010010000111101111001011000000000000110110111111010000001011111011001101011110001100001111001000100011101101011
111001111101001011101011011100110111100010010000101011011010110100000011000110110100100000001111110000000110110111111010000001011111011001101011110001100001111001000100011101101011
111001111101001011101011011100110111100010010000101011011010110100011100100001110101000001011000000000000110110111111010000001011111011001101011110001100001111001000100011101101011
111001111101001011101011011100110111100010010000101011011010110100000011000110110100111111001101000000000110110111111010000001011111011001101011110001100001111001000100011101101011
111001111101001011101011011100110111100010010000101011011010110100000010010000111100111110000110101100000110110111111010000001011111011001101011110001100001111001000100011101101011
111001111101001011101011011100110111100010010000101011011010110100000010010000111101000000001000000000000110110111111010000001011111011001101011110001100001111001000100011101101011
111001111101001011101011011100110111100010010000101011011010110100000011000110110100100000011000000000000110110111111010000001011111011001101011110001100001111001000100011101101011
111001111101001011101011011100110111100010010000101011011010110100000011000110110100101000001000000000000110110111111010000001011111011001101011110001100001111001000100011101101011
111001111101001011101011011100110111100010010000101011011010110100000010010000111101001000001000000000000110110111111010000001011111011001101011110001100001111001000100011101101011
010001111101001011101011011100110111100010010000101011011010110100000011000110110100111111011000000000000110110111111010000001011111011001101011110001100001111001000100011101101011
111001111101001011101011011100110111100010010000101011011010110100000011000110110100111111011000000000000110110111111010000001011011011001101011110001100001111001000100011101101011
111001111101001011101011011100110111100010010000101011011010110100000010010000111100111110001000000000000110110111111010000001011111011001101011110001100001111001000100011101101011
111001111101001011101011011100110111100010010000101011011010110100000010010000111100101001011000000000000110110111111010000001011111011001101011110001100001111001000100011101101011
111001111101001011101011011100110111100010010000101011011010110100000011000110110100011001011000000000000110110111111010000001011111011001101011110001100001111001000100011101101011
111001111101001011101011011100110111100010010000101011011010110100000011000110110100111111001101010000000110110111111010000001011111011001101011110001100001111001000100011101101011
111001111101001011101011011100110111100010010000101011011010110100000011000110110101011110001000000000000110110111111010000001011111011001101011110001100001111001000100011101101011
111001111101001011101011011100110111100010010000101011011010110100000011101011110000110011111111110000000110110111111010000001011111011001101011110001100001111001000100011101101011
111010011101001011101011011100110111100010010000101011011010110100000011000110110100111111011000000000000110110111111010000001011111011001101011110001100001111001000100011101101011
111001111101001011101011011100110111100010010000101010011111110011010010000100111100001111011000000000000110110111111010000001011111011001101011110001100001111001000100011101101011
