111000110000110001010110001101101000101011010100100000000011011010101000010100001111101000001111111000000000010001011111010101111100001000000110000000001000101110011111010111011000
111000110000110001010110001101101000101001010011101011010001110011101000010100001111101000001111111000000000010001011111010101111100001000000110000000001000101110011111010111011000
111000110000110001010110001101101000101001010011100000000011011010101000010100001111101000001111111000000000010001011111010101111100001000000110000000001000101110011111010111011000
111000110000110001010110001101111101001011010100100000000011011010101000010100001111101000001111111000000000010001011111010101111100001000000110000000001000101110011111010111011000
111000110000110001010110001101101000101001010011100011011110110110101000010100001111101000001111111000000000010001011111010101111100001000000110000000001000101110011111010111011000
111000110000110001010110001101101000101001010001000111000011000010101000010100001111101000001111111000000000010001011111010101111100001000000110000000001000101110011111010111011000
111000110000110001010110001101101000101001010001111111110000100000010001110100001111101000001111111000000000010001011111010101111100001000000110000000001000101110011111010111011000
111000110000110001010110001101101000101001010001000111000011011010101000010100001111101000001111111000000000010001011111010101111100001000000110000000001000101110011111010111011000
111000110000110001010110001101101000101001010011110111100110111011001000010100001111101000001111111000000000010001011111010101111100001000000110000000001000101110011111010111011000
111000110000110001010110001101101000101011010100100000000011010111001000010100001111101000001111111000000000010001011111010101111100001000000110000000001000101110011111010111011000
111000110000110001010110001101101000101001001100100000000011011010101000010100001111101000001111111000000000010001011111010101111100001000000110000000001000101110011111010111011000
111000110000110001010110001101101000101001010011100011011111101000110100110000011111001000001111111000000000010001011111010101111100001000000110000000001000101110011111010111011000
111000110000110001010110001101101000101001010011100011011110110110101011011010010111011001011111111000000000010001011111010101111100001000000110000000001000101110011111010111011000
111000110000110001010110001101101000101001010011100011011001011111011100101010101110110010010111010110100101110101011111010101010010101000000110000000001000101110011111010111011000
111000110000110001010110001101101000101001010011100101011011111100101000010100001111101000001111111000000000010001011111010101111100001000000110000000001000101110011111010111011000
111000110000110001010110001101101000101001010001000110111110111011001000010100001111101000001111111000000000010001011111010101111100001000000110000000001000101110011111010111011000
111000110000110001010110001101101000101001010011100011011001011111010000101001101111101000001111111000000000010001011111010101111100001000000110000000001000101110011111010111011000
111000110000110001010110001101101000101000001000101101000011011010101000010100001111101000001111111000000000010001011111010101111100001000000110000000001000101110011111010111011000
111000110000110001010110001101101000101011010100100000000011011010101000010100001111101000001111111000000000010001011111010101111100001001000110000000001000101110011111010111011000
111000110000110001010110001101101000101001010011100011011110100011001000010100001111101000001111111000000000010001011111010101111100001000000110000000001000101110011111010111011000
111000110000110001010110001101101000101001010011100110000110010000101000010100001111101000001111111000000000010001011111010101111100001000000110000000001000101110011111010111011000
111000110000110001010110001101101000101001010011100011011110110110100001111000010111011001011111111000000000010001011111010101111100001000000110000000001000101110011111010111011000
111000110000110001010110001100110110010110100000100000000011011010101000010100001111101000001111111000000000010001011111010101111100001000000110000000001000101110011111010111011000
111000110000110001010110001101101000101101000000100000000011011010101000010100001111101000001111111000000000010001011111010101111100001000000110000000001000101110011111010111011000
111000110000110001010110001101101000000111100011010000110111011010101000010100001111101000001111111000000000010001011111010101111100001000000110000000001000101110011111010111011000
111000110000110001010001111001101010111110110111001000000011011010101000010100001111101000001111111000000000010001011111010101111100001000000110000000001000101110011111010111011000
111000110000110001011000111001011101000000001101110000110111011010101000010100001111101000001111111000000000010001011111010101111100001000000110000000001000101110011111010111011000
000001110110000111110100001011100001001101001010010011111011001111001000010100001111101000001111111000000000010001011111010101111100001000000110000000001000101110011111010111011000
000101010110101100101010010001111101001011010100100000000011011010101000010100001111101000001111111000000000010001011111010101111100001000000110000000001000101110011111010111011000
000001110110000111110100001011100001001101101100001000000011011010101000010100001111101000001111111000000000010001011111010101111100001000000110000000001000101110011111010111011000
001000110000110001010110001101101000101011010100100000000011011010101000010100001111101000001111111000000000010001011111010101111100001000000110000000001000101110011111010111011000
010011100110011100001100111000000011111111111110111001101011011010101000010100001111101000001111111000000000010001011111010101111100001000000110000000001000101110011111010111011000
