111011100100100101011111111100111000101001111111000101101101001011010110011000011101000110100011000100101000010101100111111101010011111100010101101001101011010111110110001011001011
111011100100100101011111111100111000101001111111000101101101001011010110011000110110110110100101110011011000010000010111000101111111010010000101000110101011010111110110001011001011
111011100100100101011111111100111000101001111111000101101101001011010110011110010001101000001010010111000001100000011010100010111110100100110011011010110111101001110110001011001011
111011100100100101011111111100111000101001111111000101101101001011010110011000011101000110100101110011011000010000010111000101111111010010000101000110101011010111110110001011001011
111011100100100101011111111100111000101001111111000101101101001011010110011000011101000010000011000100101000010101100111111101010011111100010101101001101011010111110110001011001011
111011100100100101011111111100111000101001111111000101101101001011010110011000011101000110100011000100101000010101100111111101010011111100010100101011100101000111110110001011001011
111011100100100101011111111100111000101001111111000101101101001011010110011100111101111001011110011101110110000001110000000111101000110100110010111011000001101101111101100011001011
111011100100100101011111111100111000101001111111000101101101001011010110011110010001101000001010010111000001100000011010100010111110100100110011011010111111001000110110001011001011
111011100100100101011111111100111000101001111111000101101101001011010110011000110110110110100101110011011000010000010111000101111111010010000101001100011010011011110110001011001011
111011100100100101011111111100111000101001111111000101101101001011010110011000010010110001101010100110001001010000101011001111111010100111111000101010011010011011110110001011001011
111011100100100101011111111100111000101001111111000101101101001011010101100000100100001000000011000100101000010101100111111101010011111100010101101001101011010111110110001011001011
111011100100100101011111111100111000101001111111000101101101001011011001011000110110110110100101110011011000010000010111000101111111010010000101000110101011010111110110001011001011
111011100100100101011111111100111000101001111111000101101101001011010110011000011100110000001110100101110101001010100010101110101001111111011111111001111001101101001001010011001011
111011100100100101011111111100111000101001111111000101101101001011010110011000011101000100110101001011011011011011000101101100111110011001101000001110101010111011010000110011001011
111011100100100101011111111100111000101001111111000101101101001011010110011000011101000110100011000100101000010101100111111101010011111100010100101011010111110101000110001011001011
111011100100100101011111111100111000101001111111000101101101001011010110011000011101001011000100010010000101001111010010010110000101010001001111011100000111011001110110001011001011
111011100100100101011111111100111000101001111111000101101101001011010110011000010010110001101010100110001001010000101011001111111010100111111001011100001011101000000000110011001011
111011100100100101011111111100111000101001111111000101101101001011010110011100111101111001011110011101110110000001110000000111101000110100110010101101010001101001111101100011001011
111011100100100101011111111100111000101001111111000101101101001011010110011000011101000110100011000100101000010101100111111101010011111100010101101100000110101001110110001011001011
111011100100100101011111111100111000101001111111000101101101001011010110011100111101111001011110011101110110000001110000000111101000110100110010101100001011000111110010100100000011
111011100100100101011111111100111000101001111111000101101101001011010110011110010001101000001010010111000001100000011010100010111110100100110010101100001011000111110010100100000011
111011100100100101011111111100111000101001111111000101101101001011010110011000011100110000001110100101110101001010100010101110101001111111011001000000010011000111110010100100000011
111011100100100101011111111100111000101001111111000101101101001011010110011110010001101000001010010111000001100000011010100010111110100100110010101101010001101001111101100011001011
111011100100100101011111111100111000101001111111000101101101001011010110011000011100110000001110100101110101001010100010101110101001111111011001000100000110001001111101100011001011
111011100100100101011111111100111000101001111111000101101101001011010110011000011101000100110101001011011011011011000101101100111110011001101000001000010110001001111101100011001011
111011100100100101011111111100111000101001111111000101101101001011111101011000001111100001000110010000100100001010011110100100101100001010100010011110110011110001111101100011001011
111011100100100101011111111100111000101001111111000101101101001011010110011100111101111001011110011101110110000001110000000111101000110100110010101101010001000011101000001010011110
111011100100100101011111111100111000101001111111000101101101001011010110011110010001101000001010010111000001100000011010100010111110100100110010101101010001000011101000001010011110
111011100100100101011111111100111000101001111111000101101101001011010110011100111101111001011110011101110110000001110000000111101000110100110010111011001001111111100010011011111001
111011100100100101011111111100111000101001111111000101101101001011010110011000010010110001101010100110001001010000101011001111111010100111111000101011011000100110000100011101111011
111011100100100101011111111100111000101001111111000101101101001011010110011000010010110001101010100110001001010000101011001111111010100111111000100001101001101011010100001100111110
111011100100100101011111111100111000101001111111000101101101001011010110011000010010110001101010100110001001010000101011001111111010100111111001011100001011000011000000011101111011
