110011001001100110000100101101010111100001100101001110110001100100110111000000101110010100011001011100101100101011111111110011111001101110010000011010100100000110001110000001010110
110011001001100110000100101101010111000100010101001110110001100100110111000000101110010100011001011100101100101011111111110011111001101110010000011010100100000110001110000001010110
110011001001100110000100101101010111000100001000100110110001100100110111000000101110010100011001011100101100101011111111110011111001101110010000011010100100000110001110000001010110
110100011010010111010000010111011110100101100111001110110001100100110111000000101110010100011001011100101100101011111111110011111001101110010000011010100100000110001110000001010110
110100011010010111010000010111011110100100110001111100100110100100000111000000101110010100011001011100101100101011111111110011111001101110010000011010100100000110001110000001010110
110100011010010111010101111000000011100111001101001110110001100100110111000000101110010100011001011100101100101011111111110011111001101110010000011010100100000110001110000001010110
110011001001100110000100101101010111001111001101001110110001100100110111000000101110010100011001011100101100101011111111110011111001101110010000011010100100000110001110000001010110
110100011010010111010000010101100100010011111100011110110001100100110111000000101110010100011001011100101100101011111111110011111001101110010000011010100100000110001110000001010110
110100011010010111010000010101100100011010111101001110110001100100110111000000101110010100011001011100101100101011111111110011111001101110010000011010100100000110001110000001010110
110100011010010111010000010101100100010011111100010100000100001111100001101101110100100001110010001010000001110001001010011000101111000011001010101111001111010000100011011011111111
110100011010010111010000010101100100010011111100010100000100001111100001101101110100100001110010001010000001110001001010011000101111000011001010101111001111010000100011011011111110
110011001001100110000100101101010111001010100001111100100110100100000111000000101110010100011001011100101100101011111111110011111001101110010000011010100100000110001110000001010110
110011001001100110000100101101010111000100001000100111111010100100000111000000101110010100011001011100101100101011111111110011111001101110010000011010100100000110001110000001010110
110100011010010111010000010101100011001011110101001110110001100100110111000000101110010100011001011100101100101011111111110011111001101110010000011010100100000110001110000001010110
110011001001100110000100101101010111100011111001001110110001100100110111000000101110010100011001011100101100101011111111110011111001101110010000011010100100000110001110000001010110
110011001001100110000100101101010111101111100111001110110001100100110111000000101110010100011001011100101100101011111111110011111001101110010000011010100100000110001110000001010110
110011001001100110000100101101010111101110110001000110110001100100110111000000101110010100011001011100101100101011111111110011111001101110010000011010100100000110001110000001010110
110011001001100110000100101101010111100011111011101100101000001101011100001000101110010100011001011100101100101011111111110011111001101110010000011010100100000110001110000001010110
110011001001100110000100101101000010000001100101001110110001100100110111000000101110010100011001011100101100101011111111110011111001101110010000011010100100000110001110000001010110
110100011010010111010000010111011110100100101000011110110001100100110111000000101110010100011001011100101100101011111111110011111001101110010000011010100100000110001110000001010110
110100110000111110010110111100110001111000100101001110110001100100110111000000101110010100011001011100101100101011111111110011111001101110010000011010100100000110001110000001010110
110011001001100110000100101101010111000110001101001110110001100100110111000000101110010100011001011100101100101011111111110011111001101110010000011010100100000110001110000001010110
110100011010011010010111000011000111100111001101001110110001100100110111000000101110010100011001011100101100101011111111110011111001101110010000011010100100000110001110000001010110
100110101100110111001000101100110111101101101101001110110001100100110111000000101110010100011001011100101100101011111111110011111001101110010000011010100100000110001110000001010110
110011001001100110000100101101010111101111001100011001011111110110011111001000101110010100011001011100101100101011111111110011111001101110010000011010100100000110001110000001010110
110011001001100110000100101101110001100100101101001110110001100100110111000000101110010100011001011100101100101011111111110011111001101110010000011010100100000110001110000001010110
110011001001100110000100100111000000101001101101000110110001100100110111000000101110010100011001011100101100101011111111110011111001101110010000011010100100000110001110000001010110
110100011010010111010000010101100100010011111100010100000100001111100001101101110100100001110010001010000001110001001010011000101111000011001010101111001111010000100011011000010011
110100011010010111010101111000010111001001011001001110110001100100110111000000101110010100011001011100101100101011111111110011111001101110010000011010100100000110001110000001010110
101111001100111010001010100000001111000101010001001110110001100100110111000000101110010100011001011100101100101011111111110011111001101110010000011010100100000110001110000001010110
011000110000111110010110111100110001111000100101001110110001100100110111000000101110010100011001011100101100101011111111110011111001101110010000011010100100000110001110000001010110
110101010100110100111010110100011011001111001100011001011111110110011111001000101110010100011001011100101100101011111111110011111001101110010000011010100100000110001110000001010110
