000101010000010110100000010100001000101110000110101001100001110101010011011100101100000100100100110000110111110101100000110001111011100010010010111010001001110111001000110000111001
000101010000010110100000010100001000101110000110101001100001110101010011011100101100000100100100110000110111110101100000110001111010100010010010111010001001110111001000110000111001
000101010000010110100000010100001000101110000110101001100001110101010011011100101100000100100100110000110111110101100000110001111001011010101011011001011001110111001000110000111001
000101010000010110100000010100001000101110000110101001100001110101010011011100101100000100100100110000110111110101100000110001111010111010110101011101000000000111001000110000111001
000101010000010110100000010100001000101110000110101001100001110101010011011100101100000100100100110000110111110101100000110111010110110001010100110001001001110111001000110000111001
000101010000010110100000010100001000101110000110101001100001110101010011011100101100000100100100110000110111110101100000110111010110110001101011011001011001110111001000110000111001
000101010000010110100000010100001000101110000110101001100001110101010011011100101100000100100100110000110111110101100000110100010101110001000110011001011001110111001000110000111001
000100100110111011111010100001100011111000101011110011010100011110000101110001110110110001001111100110011010101111010101011010000111010110010010111010001001110111001000110000111001
000100100110111011111010100001100011111000101011110011010100011110000101110001110110110001001111100110011010101111010101011010101100010110010010111010001001110111001000110000111001
000101010000010110100000010100001000101110000110101001100001110101010011011100101100000100100100110000110111110101100000110111010110110001010111111110010000000111001000110000111001
000101010000010110100000010100001000101110000110101001100001110101010011011100101100000100100100110000110111110101100000110111010110110001010110000001111111110111001000110000111001
000100100110111011111010100001100011111000101011110011010100011110000101110001110110110001001111100110011010101111010101011010110111010001100010011111110000010111001000110000111001
000101010000010110100000010100001000101110000110101001100001110101010011011100101100000100100100110000110111110101100000110001110100001000010010111010001001110111001000110000111001
000101010000010110100000010100001000101110000110101001100001110101010011011100101100000100100100110000110111110101100000110111010110110001101110000001111111110111001000110000111001
000101010000010110100000010100001000101110000110101001100001110101010011011100101100000100100100110000110111110101100000110100010101110001000110000001111111110111001000110000111001
000101010000010110100000010100001000101110000110101001100001110101010011011100101100000100100100110000110111110101100000110001111011100010010111100010101111110111001000110000111001
000101010000010110100000010100001000101110000110101001100001110101010011011100101100000100100100110000110111110101100000110111010110110001010100111010110111110111001000110000111001
000101010000010110100000010100001000101110000110101001100001110101010011011100101100000100100100110000110111110101100000110001100001111110010100111010110111110111001000110000111001
000101010100011000111011011100010111000011010100110000111010101001101110010110000010010010011000011011111010110000011010001010111000100011111010110001110111110111001000110000111001
000101010000010110100000010100001000101110000110101001100001110101010011011100101100000100100100110000110111110101100000110111010110110001010111111110000101100111001000110000111001
000101010000010110100000010100001000101110000110101001100001110101010011011100101100000100100100110000110111110101100000110100010101110001000110100011111101110111001000110000111001
000101010000010110100000010100001000101110000110101001100001110101010011011100101100000100100100110000110111110101100000110001111010111011111010110001110111110111001000110000111001
000100100110111011111010100001100011111000101011110011010100011110000101110001110110110001001111100110011010101111010101011010101101001111000110011001011001110111001000110000111001
000101010000010110100000010100001000101110000110101001100001110101010011011100101100000100100100110000110111110101100000110001111010111000010010111010001001110111001000110000111001
000100100110111011111010100001100011111000101011110011010100011110000101110001110110110001001111100110011010101111010101011010110111010001100011110001011001110111001000110000111001
000100100110111011111010100001100011111000101011110011010100011110000101110001110110110001001111100110011010101111010101011111000011011100011101011101000000000111001000110000111001
000100100110111011111010100001100011111000101011110011010100011110000101110001110110110001001111100110011010101111010101011010101100001111000110011001011001110111001000110000111001
000100100110111011111010100001100011111000101011110011010100011110000101110001110110110001001111100110011010101111010101011111000011011100011101000001111111110111001000110000111001
000101010100011000111001100101001000101110000110101001100001110101010011011100101100000100100100110000110111110101100000110001111011100010010010111010001001110111001000110000111001
000101010100011000111011011100010111000011010100110000111010101001101110010110000010010010011000011011111010110000011011101011011000101011111010110001110111110111001000110000111001
000101010100010000111011011100010111000011010100110000111010101001101110010110000010010010011000011011111010110000011010001010111000100011111010110001110111110111001000110000111001
000100100110111011111010100001100011111000101011110011010100011110000101110001110110110001001111100110011010101111010101011100000000011100001101001011101110111111001000110000111001
