101000111011010001100001100111111101011101010101100100110101000001000111100111011111010110001010101110001010110010111111101110110011001100110000001110111101100001101001111000110011
101000111011010001100001100111111101011101010101100100110101000001000111100111011111010110001010101110001010110010111111101110110011001110011100100011000111000001101001111000110011
101000111011010001101001110110100100101100010111110001111100000001010100100010010100001011000111000011110001001111010000010100001011001011000110001100101010001110111111001010000101
101000111011010001100001100111111101011101010101100100110101000001000111100111011111010110001010101110001010110010111111101110110011001100110101010110011011100001101001111000110011
101000111011010001100001100111111101011101010101100100110101000001000111100111011111010110001010101110001010110010111111101110110011001100110101010110011101100001101001111000110011
101000111011010001100001100111111101011101010101100100110101000001000111100111011111010110001010101110001010110010111111101110110011001101000100001110010011100001101001111000110011
101000111011010001101001110110100100101100010111110001111100000001010100100010010100001011000111000011110001001111010000010100001011001011000011011111000111000001101001111000110011
101000111011010001100001100111111101011101010101100100110101000001000111100111011111010110001010101110001010110010111111101110110011001000011010011110111101100001101001111000110011
101000111011010001100001100111111101011101010101100100110101000001000111100010010100001011000111000011110001001111010000010100001011001011000110001100101010001110111111001010000101
101000111011010001100001100111111101011101010101100100110101000001000111100111011111010110001010101110001010110010111111101110110011001100110101101011000111000001101001111000110011
101000111011010001100001100111111101011101010101100100110101000001000111100111011111010110001010101110001010110010111111101110110011001100110000110011101011011101101001111000110011
101000111011010001100001100111111101011101010101100100110101000001000111100010010100001011000111000011110001001111010000010100001011001011000011011111000111000001101001111000110011
101000111011010001101001110110100100101100010111110001111100000001010100100010010100001011000111000011110001001111010000010100001011001011000110001100101010001110111010001000110011
101000111011001100000011000011001111111010111010101011001001101010000010001111001110111110101100010101011100010101100101111111011101100110011100111001000001011000010010010000110011
101000111011010001100001100111111101011101010101100100110101000001000111100111011111010110001010101110001010110010111111101110110011001101000100001110111101100001101001111000110011
101000111011010001100001100111111101011101010101100100110101000001000111100111011111010110001010101110001010110010111111101110110011001110011100100000101100001011001010001000110011
101000111011010001100001100111111101011101010101100100110101000001000110100010010100001011000111000011110001001111010000010100001011001011000110001100101010001110111111001010000101
101000111011010001100001100111111101011101010101100100110101000001000111100111011111010110001010101110001010110010111111101110110011001100110111111000110100110001101001111000110011
101000111011010001100001100111111101011101010101100100110101000001000111100111011111010110001010101110001010110010111111101110110011001100110100100011000111000001101001111000110011
101000111011010001100001100111111101011101010101100100110101000001000111100111011111010110001010101110001010110010111111101110110011001100110101010110001111010011011101010010100011
101000111011010001100001100111111101011101010101100100110101000001000111100111011111010110001010101110001010110010111111101110110011001100110101010110010001000001101001111000110011
101000010000010101011001110110100100101100010111110001111100000001010100100010010100001011000111000011110001001111010000010100001011001011000110001100101010001110111111001010000101
101000111011010001101001110110100100101100010111110001111100000001010100100010010100001011000111000011110001001111010000010100001011001011000011011111000111100001101001111000110011
101000111011010001100001100111111101011101010101100100110101000001000111100111011111010110001010101110001010110010111111101110110011001110011100100000101101000001101001111000110011
101000111011010001100001100111111101011101010101100100110101000001000111100111011111010110001010101110001010110010111111101110110011001110011100100000101100000011011101010010100011
101000111011001100000011000011001111111010111010101011001001101010000010001111001110111110101100010101011100010101100101111111011101100110011001101010101100110101100010001000110011
101000111011010001101001110110100100101100010111110001111100000001010100100010010100001011000111000011110001001111010000010100001011001011000011011111000111101111011101010010100011
101000111011010001101001110110100100101100010111110001111100000001010100100010010100001011000111000011110001001111010000010100001011001011000011011111000111100011011101010010100011
101000111011010001101001110110100100101100010111110001111100000001010100100010010100001011000111000011110001001111010000010100001011001011000000111101110111110001101001111000110011
101000111011010001100001100111111101011101010101100100110101000001000111100111011111010110001010101110001010110010111111101110110011001110011100100000101100001011001010001101101111
101000111011010011011001110110100100101100010111110001111100000001010100100010010100001011000111000011110001001111010000010100001011001011000110001100101010001110111111001010000101
101000111011010001100001100111111101011101010101100100110101000001000111100010001110101000001010000011110001001111010000010100001011001011000110001100101010001110111111001010000101
