110111110010001100110100010000100011001111010110001000001110001010000011001000001111111011011001011111110111000011000101101100111110101110011101001101111101001100001100000111101000
110111110010001100110100010000100011001111010110001000001110001010000011001000001111111011011001110111011001000011000101101100111110101110011101001101111101001100001100000111101000
110111110010001100110100010000100011001111010110001000001110001010000011001000001111111011011001011111110111000011011110010000100010001110011101001101111101001100001100000111101000
110111110010001100110100010000100011001111010110001000001110001010000011001000001111111011011001011111110111000010101101010101010001100110011101001101111101001100001100000111101000
110111110010001100110100010000100011001111001010011011110100000100000011001000001111111011011001011111110111000011000101101100111110101110011101001101111101001100001100000111101000
110111110010001100110100010000101111011011010110001000001110001010000011001000001111111011011001011111110111000011000101101100111110101110011101001101111101001100001100000111101000
110111110010001100110100010000100011001111010110001000001110001010000011001000001111111011011001110100110011110011000101101100111110101110011101001101111101001100001100000111101000
110111110010001100110100010000100011001001010110001000001110001010000011001000001111111011011001011111110111000011000101101100111110101110011101001101111101001100001100000111101000
110111110010001100110100010000100011000011110010001000001110001010000011001000001111111011011001011111110111000011000101101100111110101110011101001101111101001100001100000111101000
110111110010001100110100010000100011001111010110001000001110001010000011001000001111111011011001011111110111000110011100011111010001100110011101001101111101001100001100000111101000
110111110010001100110100010000011101001111010110001000001110001010000011001000001111111011011001011111110111000011000101101100111110101110011101001101111101001100001100000111101000
110111110010001100110100010000100011000011010110001000001110001010000011001000001111111011011001011111110111000011000101101100111110101110011101001101111101001100001100000111101000
110111110010001100110100010000100011001111010110001000001110001010000011001000001111111011011001011111110111000010101101010101010000110000010100101101111101001100001100000111101000
110111110010001100110100010000100011001111010110001000001110001010000011001000001111111011011001011111110111000011000101101100111110101110101110101101111101001100001100000111101000
110111110010001100110100010000100011001111010110001000001110001010000011001000001111111011011001011111110111000011000000110011101001010101001110011101111101001100001100000111101000
110111110010001100110100010000100011001111010110001000001110001010000011001000001111111011011001011111110111000111000101101100111110101110011101001101111101001100001100000111101000
110111110010001100110100010000100011001111010110001000001110001010000011001000001111111011011001110100110011110010001000101100111110101110011101001101111101001100001100000111101000
110111110010001100110100010000100011001111010110001000001110001010000011001000001111111011011001011111110111000011001110001111010001100110011101001101111101001100001100000111101000
110111110010001100110100010000100011001111010110001000001110001010000011001000001111111011011001110100110011110011011110010000100010001110011101001101111101001100001100000111101000
110111110010001100110100010000100011001111010110001000001110001010000011001000001111111011011001011111110111000011000101101100111110101110011101001101101000101110010100000111101000
110111110010001100110100010000100011110011110010001000001110001010000011001000001111111011011001011111110111000011000101101100111110101110011101001101111101001100001100000111101000
110111110010001100110100010000100011001111010110001000001110001010000011001000001111111011011001011111110111000011000101101100111110101110011101001101111101000100001100000111101000
110111110010001100110100010000100011001111010110001000001110001010000011001000001111111011011001011111110111000011000101101100111110101110011101001101111101001100010010000111101000
110111110010001100110100010000100011001101011101111111101110001010000011001000001111111011011001011111110111000011000101101100111110101110011101001101111101001100001100000111101000
110111110010001100110100010000100011001111010110001000001110001010000011001000001111111011011001011111110111000011000101101100111110101110011101001101111101000011001100000111101000
110111110010001100110100010000011101000011010110001000001110001010000011001000001111111011011001011111110111000011000101101100111110101110011101001101111101001100001100000111101000
110111110010001100110100010000100011001111010110001000001110001010000011001000001111111011011001011111110111000011001010000010100101001110100001001101111101001100001100000111101000
110111110010001100110100010000111011111111101001010101111110001010000011001000001111111011011001011111110111000011000101101100111110101110011101001101111101001100001100000111101000
110111110010001100110001001000000101001111010110001000001110001010000011001000001111111011011001011111110111000011000101101100111110101110011101001101111101001100001100000111101000
110111110010001100110100010100100010001111010110001000001110001010000011001000001111111011011001011111110111000011000101101100111110101110011101001101111101001100001100000111101000
110111110010001100010100010000100011001111010110001000001110001010000011001000001111111011011001011111110111000011000101101100111110101110011101001101111101001100001100000111101000
110111110010101011111010000000111101100000111111011001110110001010000011001000001111111011011001011111110111000011000101101100111110101110011101001101111101001100001100000111101000
