011000111101100101100011100100100000100101000001010100100010110010101000111000001101111001101011100110101111111000101010000110101000000010011001011100001011011001100010010010110000
011000111101100101100011101110010001101001000001010100100010110010101000111000001101111001101011100110101111111000101010000110101000000010011001011100001011011001100010010010110000
011000111101100101100011100100100000100101010011010100100010110010101000111000001101111001101011100110101111111000101010000110101000000010011001011100001011011001100010010010110000
011000111101100101100011101001000001000001000001010100100010110010101000111000001101111001101011100110101111111000101010000110101000000010011001011100001011011001100010010010110000
011000111101100101100011100100100000100101000001010100100010110010101000111000001101111001101011100110101111111000101010000110101000000010011001011100001011011001100010010010110011
011000111101101110100001110011001001011001000001010100100010110010101000111000001101111001101011100110101111111000101010000110101000000010011001011100001011011001100010010010110000
011000111101100101100011100100100000100101000000111001011110010010010000101111000101111001101011100110101111111000101010000110101000000010011001011100001011011001100010010010110000
011000111101100101100011100100100000100101010101100011100010110010101000111000001101111001101011100110101111111000101010000110101000000010011001011100001011011001100010010010110000
011000111101100101100011100100100000100100000001010100100010110010101000111000001101111001101011100110101111111000101010000110101000000010011001011100001011011001100010010010110000
011000111101100101100011100100100111111001000001010100100010110010101000111000001101111001101011100110101111111000101010000110101000000010011001011100001011011001100010010010110000
011000111101100101100011100100100000100101000001010100100010110010101000111000001101111001101011100110101111111000101010000110101000000010011001011100001011011001100000111110100011
011000111101100101100011101110010001101001000000111001011110010010010000101111000101111001101011100110101111111000101010000110101000000010011001011100001011011001100010010010110000
011000111101100101100011100100100000100101000100110101100010110010101000111000001101111001101011100110101111111000101010000110101000000010011001011100001011011001100010010010110000
011000111101100101100011101001010100100101000001010100100010110010101000111000001101111001101011100110101111111000101010000110101000000010011001011100001011011001100010010010110000
011000111101100101100011100100100000100110000001010100100010110010101000111000001101111001101011100110101111111000101010000110101000000010011001011100001011011001100010010010110000
011000111101100101100011100100100000100101000001010100100010110010101000111000001101111001101011100110101111111000101010000110101001010100010000111100001011011001100010010010110000
011000111101100101100011100100100111110101000001010100100010110010101000111000001101111001101011100110101111111000101010000110101000000010011001011100001011011001100010010010110000
011000111101100101100011100100100111111100000001010100100010110010101000111000001101111001101011100110101111111000101010000110101000000010011001011100001011011001100010010010110000
011000111101100101100011100100100000100101000001010100100010110010101000111000001101111001101011100110101111111000101010000110101000000010011000100100001011011001100010010010110000
011000111101100101100011100100100000001110111011101000100010110010101000111000001101111001101011100110101111111000101010000110101000000010011001011100001011011001100010010010110000
011000111101100101100011100100100000100101010101110011111110110010101000111000001101111001101011100110101111111000101010000110101000000010011001011100001011011001100010010010110000
011000111101100101100011100100110101000111011001001011010010000010101000111000001101111001101011100110101111111000101010000110101000000010011001011100001011011001100010010010110000
011000111101100101100011100100100000100101000001010100100010110010101000111000001101111001100001101001101111111000101010000110101000000010011001011100001011011001100010010010110000
011000111101100101100011100100100100000101010011010100100010110010101000111000001101111001101011100110101111111000101010000110101000000010011001011100001011011001100010010010110000
011000111101100101100011100100100111111000111011101000100010110010101000111000001101111001101011100110101111111000101010000110101000000010011001011100001011011001100010010010110000
011000111101100101100011100100100000100101000000000101011010110010101000111000001101111001101011100110101111111000101010000110101000000010011001011100001011011001100010010010110000
011000111101100101100011100100100001011001000001010100100010110010101000111000001101111001101011100110101111111000101010000110101000000010011001011100001011011001100010010010110000
011000111101100101100011100100100000100101000001010100100010110010101000111000001101111001101011100110101111111000101010000110101000000010011001011100001100001000000000000110100000
011000111101100101100011100100100000100101000001010100100010110010101000111000001101111001101011100110101111111000101010000110101000000000110101001111001011011001100010010010110000
011000111101100101100011101110010001101001000001010100100010110010101000111000001101111001101011100110101111111000101010000110101000000010011001011100001011011001100010010010110011
011000111101100101100011100100100000100101000001010100100010110010101000111000001101111001101011100110101111111000101010000110101000000010011001011100001011011001100010111110110000
011000111101100101100011100100100000100100101010000010101001000101100101010001110000011011110011010111001101011111110001010100001101010000000100110010111000010110110011000100100101
