101001110000001001010011101011000110000110111001101100100000011001110011100010100010000110011111001000001101101110001111101000001100110010111110101110101001110010101101011000010100
101001100100101101111111100100010100001010000001111110000000011001110011100010100010000110011111001000001101101110001111101000001100110010111110101110101001110010101101011000010100
101011010100001001010011101011000110000110111001101100100000011001110011100010100010000110011111001000001101101110001111101000001100110010111110101110101001110010101101011000010100
101100110100001001010011101011000110000110111001101100100000011001110011100010100010000110011111001000001101101110001111101000001100110010111110101110101001110010101101011000010100
101001111001100011101011010010110100001010000001111110000000011001110011100010100010000110011111001000001101101110001111101000001100110010111110101110101001110010101101011000010100
101001100110000011101011010010110100001010000001111110000000011001110011100010100010000110011111001000001101101110001111101000001100110010111110101110101001110010101101011000010100
101001100010100011101011010010110100001010000001111110000000011001110011100010100010000110011111001000001101101110001111101000001100110010111110101110101001110010101101011000010100
101001010010100011101011010010110100001010000001111110000000011001110011100010100010000110011111001000001101101110001111101000001100110010111110101110101001110010101101011000010100
101001100010111101111001111011010100111101011110001101111110001000011010010101001101010001100011100011001101101110001111101000001100110010111110101110101001110010101101011000010100
101011110100001001010011101011000110000110111001101100100000011001110011100010100010000110011111001000001101101110001111101000001100110010111110101110101001110010101101011000010100
101001100110011100111001011000101101000010111010101000100000011001110011100010100010000110011111001000001101101110001111101000001100110010111110101110101001110010101101011000010100
101010101001010110000100010000010000100100111010101000100000011001110011100010100010000110011111001000001101101110001111101000001100110010111110101110101001110010101101011000010100
101001111001100000101011010010110100001010000001111110000000011001110011100010100010000110011111001000001101101110001111101000001100110010111110101110101001110010101101011000010100
101001100010100100001001011110101101010000010100110110010101110010100101001111111100011101001100000011001101101110001111101000001100110010111110101110101001110010101101011000010100
101010001110110011010111110001111010001110101110110010000000100111000100001011110011111110011111001000001101101110001111101000001100110010111110101110101001110010101101011000010100
101100101000101011011001110000000111110101010011110111000001001011000100110010101001001001101101100010000010010111111101101100110101101101010101010010101001110010101101011000010100
101101010000001001010011101011000110000110111001101100100000011001110011100010100010000110011111001000001101101110001111101000001100110010111110101110101001110010101101011000010100
101011101110011100111001011000101101000010111010101000100000011001110011100010100010000110011111001000001101101110001111101000001100110010111110101110101001110010101101011000010100
101001110001001011011000110000001010100001111000111001110100101101111001010110001000010110011111001000001101101110001111101000001100110010111110101110101001110010101101011000010100
101001100010100100001001011110101101010000010100110110010101110010100101001111111001001001101101100010000010010111111101101100110101101101010101010010101001110010101101011000010100
101010001001101001110101100011000011011100110110010000001100111001110001010001000011001111100100000110110111000111110100000110011001011111010010001110101001110010101101011000010100
101100101000101011011001110000000111110101010011110111000001001011000100110010101001001001101101100010000010010111111101101100110101101101010010011110101001110010101101011000010100
101010010011010111100001001100011000000101010011110111000001001011000100110010101001001001101101100010000010010111111101101100110101101101010101010010101001110010101101011000010100
101001111001111110001001011110101101010000010100110110010101110010100101001111111001001001101101100010000010010111111101101100110101101101010101010010101001110010101101011000010100
101010001001101001110000101011011010010010110101110111000001001011000100110010101001001001101101100010000010010111111101101100110101101101010101010010101001110010101101011000010100
101010100011010101101100010010011110101111000110111111000100001101001010100110101001001001101101100010000010010111111101101100110101101101010101010010101001110010101101011000010100
101010101001010100001010111001100110110001100110011111000001001011000100110010101001001001101101100010000010010111111101101100110101101101010101010010101001110010101101011000010100
101010001000010001100111011111110000101111000110111111000100001101001010100110101001001001101101100010000010010111111101101100110101101101010101010010101001110010101101011000010100
101001101011100101111100100011110010010110001000100000000111110000110001110101000110011100010111010000101011111101100100010010110011101000001111100010101001110010101101011000010100
101001110001001011011000110000001010100001111000111001110100101101111001000011000001101001000101100010000010010111111101101100110101101101010101010010101001110010101101011000010100
101001100010111101111001111011010100111101011110001101111110001000011010010101001101010001111100000110000010010111111101101100110101101101010101010010101001110010101101011000010100
101001100111010101100110101111100011110100011101011101100100000001001110001000010111100100010000011100100001101101110001101010110000011100110001001111101010110011100001100010111010
