110010010010101110110101010111000000001001010110100100100011010001100110010001001000000010000010010011110111111010100000000110000011010000010101100011001010000001000011001001010100
110010010010101110110101010101100000001001010110100100100011010001100110010001001000000010000010010011110111111010100000000110000011010000010101100011001010000001000011001001010100
110010010010101110110101010111000000001001010110100100100011010001100110010001001000000010000010010011110111111010100000000100011010011101010101100011001010000001000011001001010100
110010010010101110110101010111000000001001010110100100100011010001100110010001001000000010000010010011110111111010100000000110000010001101010101100011001010000001000011001001010100
110010010010101110110101010111000000001001010110100100100011010001100110010001001000000010000010010011110111111010100000000100011010011100010101100011001010000001000011001001010100
110010010010101110110101010111000000001001010110100100100011010001100110010001001000000010000010010011110111111010100000000110100011010000010101100011001010000001000011001001010100
110010010010101110110101010111000000001001010110100100100011010001100110010001001000000010000010010011110111111010100000000110000100111010010101100011001010000001000011001001010100
110010010010101110110101010111000000001001010110100100100011010001100110010001001000000010000010010011110111111010100000000110000110101001010001000011001010000001000011001001010100
110010010010101110110101010111000000001001010110100100100011010001100110010001001000000010000010010011110111111111111000100010001100001101010101100011001010000001000011001001010100
110010010010101110110101010111000000001001010110100100100011010001100110010001001000000010000010010011110111111010100000000110101100001101010101100011001010000001000011001001010100
110010010010101110110101010111000000001001010110100100100011010001100110010001001000000010000010010011110111001011010010000110000011010000010101100011001010000001000011001001010100
110010010010101110110101010111000000001001010110100100100011010001100110010001001000000010000010010011110111111010100000000100010111001110010101100011001010000001000011001001010100
110010010010101110110101010111000000001001010110100100100011010001100110010001001000000010000010010011110111111010100000000110001001000111101101010000101000110011010010100000101100
110010010010101110110101010111000000001001010110100100100011010001100110010001001000000010000010010011110111111010100000000110001100001101010101100011001010000001000011001001010100
110010010010101110110101010111000000001001010110100100100011010001100110010001001000000010000010010011110111111010100000000100001100001101010101100011001010000001000011001001010100
110010010010101110110101010111000000001001010110100100100011010001100110010001001000000010000010010011110111111010110101101111001101010000010101100011001010000001000011001001010100
110010010010101110110101010111000000001001010110100100100011010001100110010001001000000010000010010011110111111010100000000110000011010000010101101111001010000001000011001001010100
110010010010101110110101010111000000001001010110100100100011010001100110010001001000000010000010010011110111111010100000000111110000100100010101100011001010000001000011001001010100
110010010010101110110101010111000000001001010110100100100011010001100110010001001000000010000010010011110111111010100000000111100011010000010101100011001010000001000011001001010100
110010010010101110110101010111000000001001010110100100100011010001100110010001001000000010000010010011110111111111111000100000001110010000010101100011001010000001000011001001010100
110010010010101111110101010111000000001001010110100100100011010001100110010001001000000010000010010011110111111010100000000110000011010000010101100011001010000001000011001001010100
110010010010101110110101010111000000001001010110100100100011010001100110010001001000000010000010010011110111111010100000000100110001011001100001100100000010000001000011001001010100
110010010010101110110101010111000000001001010110100100100011010001100110010001001000000010000010010011110111111010100000000110000011001101010101100011001010000001000011001001010100
110010010010101110110101010111000000001001010110100100100011010001100110010001001000000010000010010011110111111010100000000100010101101011101101010000101000110011010010100000101100
110010010010101110110101010111000000001001010110100100100011010001100110010001001000000010000010010011110111111010100000000110001010011100010101100011001010000001000011001001010100
110010010010101110110101010111000000001001010110100100100011010001100110010001001000000010000010010011110111111010100000000111000001001101010101100011001010000001000011001001010100
110010010010101110110101010111000000001001010110100100100011010001100110010001001000000010000010010011110111111111111000100000000011010000010101100011001010000001000011001001010100
110010010010101110110101010111000000001001010110100100100011010001100110010001001000000010000100011111011110111110101111011001001100001101010101100011001010000001000011001001010100
101110001100001110110101010111000000001001010110100100100011010001100110010001001000000010000010010011110111111010100000000110000011010000010101100011001010000001000011001001010100
110010010010101110110101010111000000001001010000100100100011010001100110010001001000000010000010010011110111111010100000000110000011010000010101100011001010000001000011001001010100
110010010010101110110101010111000000001001010110100100100011010001100110010001001000000010000100110100011101110001100111000110000011010000010101100011001010000001000011001001010100
110010010010101110110101010111000000001001010110100100100011010001100110010011001000000010000010010011110111111010100000000110000011010000010101100011001010000001000011001001010100
