101010101101111000001100110101100101010010111011011110011010100110001010011100111010010010000010111110100000011010100101010000101100101011001100111110101100010010010001010110011001
101010101101110011001011000101100101010010111011011110011010100110001010011100111010010010000010111110100000011010100101010000101100101011001100111110101100010010010001010110011001
101010101101110001100001010101100101010010111011011110011010100110001010011100111010010010000010111110100000011010100101010000101100101011001100111110101100010010010001010110011001
101010101101110011001010010101100101010010111011011110011010100110001010011100111010010010000010111110100000011010100101010000101100101011001100111110101100010010010001010110011001
101010101101111001100100110101100101010010111011011110011010100110001010011100111010010010000010111110100000011010100101010000101100101011001100111110101100010010010001010110011001
101010101101110001011101001101100101010010111011011110011010100110001010011100111010010010000010111110100000011010100101010000101100101011001100111110101100010010010001010110011001
101010101101110011110110111101100101010010111011011110011010100110001010011100111010010010000010111110100000011010100101010000101100101011001100111110101100010010010001010110011001
101010101101110001100100010101100101010010111011011110011010100110001010011100111010010010000010111110100000011010100101010000101100101011001100111110101100010010010001010110011001
101010101101111000001101011001100101010010111011011110011010100110001010011100111010010010000010111110100000011010100101010000101100101011001100111110101100010010010001010110011001
101010101101110011110111000101100101010010111011011110011010100110001010011100111010010010000010111110100000011010100101010000101100101011001100111110101100010010010001010110011001
101010101101110001100111001001100101010010111011011110011010100110001010011100111010010010000010111110100000011010100101010000101100101011001100111110101100010010010001010110011001
101010101101110100001100110101100101010010111011011110011010100110001010011100111010010010000010111110100000011010100101010000101100101011001100111110101100010010010001010110011001
101010101101111000001100110101100101010010111011011110011010100110001010011100111010010010000010111110100000011010100101010000101100101011001001100110001010010010010001010110011001
101010101101110011001100110101100101010010111011011110011010100110001010011100111010010010000010111110100000011010100101010000101100101011001100111110101100010010010001010110011001
101010101101110011110001010101100101010010111011011110011010100110001010011100111010010010000010111110100000011010100101010000101100101011001100111110101100010010010001010110011001
101010101101111000001101001110010011001010100101110110111100110101001100010100111001110100100100000101111101000000110101001010100001011001010110011001111101011000100111010000011001
101010101101111000001100110101100101010010111011011110011010100110001010011100111010010010000010111110100000011010100101010000101100101011001001100110001110011010100010001110111001
101010101101110001010001100101100101010010111011011110011010100110001010011100111010010010000010111110100000011010100101010000101100101011001100111110101100010010010001010110011001
101010101101111000001101001101100101010010111011011110011010100110001010011100111010010010000010111110100000011010100101010000101100101011001100111110101100010010010001010110011001
101010101101111000001100110101100101010010111011011110011010100110001010011100111010010010000010111110100000011010100101010000101100101011010000100000010111001101111101011010011001
101010101101110001011100110101100101010010111011011110011010100110001010011100111010010010000010111110100000011010100101010000101100101011001100111110101100010010010001010110011001
101010101101111000001101001110010011001010100101110110111100110101001100010100111001110100100100000101111101000000110101001010100001011001010110011001111101011000100111101110011001
101010101101111000001000001001101011001010100101110110111100110101001100010100111001110100100100000101111101000000110101001010100001011001010110011001111101011000100111010000011001
101010101101110001011011000101100101010010111011011110011010100110001010011100111010010010000010111110100000011010100101010000101100101011001100111110101100010010010001010110011001
101010101101110001100000000101100101010010111011011110011010100110001010011100111010010010000010111110100000011010100101010000101100101011001100111110101100010010010001010110011001
101010101101110001100111011101101011001010100101110110111100110101001100010100111001110100100100000101111101000000110101001010100001011001010110011001111101011000100111010000011001
101010101101111000001100110101100101010010111011011110011010100110001010011100111010010010000010111110100000011010100101010000101101111101000001000111010100000010010001010110011001
101010101101111000001000001001101011001010100101110110111100110101001100010100111001110100100100000101111101000000110101001010100001011001010110011001111101011000100111101110011001
101010101101111000001100011001101011001010100101110110111100110101001100010100111001110100100100000101111101000000110101001010100001011001010110011001111101011000100111010000011001
101010101101110001100111011101101011001010100101110110111100110101001100010100111001110100100100000101111101000000110101001010100001011001010110011001111101011000100111101110011001
101010101101111000001101001110010011001010100101110110111100110101001100010100111001110100100100000101111101000000110101001010100001011001011000110110001100010010010001010110011001
101010101101111000001100110101100101010010111011011110011010100110001010011100111010010010000010111110100000011010100101010000101100101011001100111110101100010010010001010110011000
