111010100001101011101000111000001111100101011110110100110010011010010011010011111101000101011001110011010110001001011000111001110100001000101001011011111110010000101010111111001001
111010100001101110000111010010011001111001110111000011111000100010111111010011111111011100110011101000111110010001001000111001110100001000101001011011111110010000101010111111001001
111010100001101011101000111000001111100101011110110100110010011010010011010011111111011100110011101000111110010001001000111001110100001000101001011011111110010000101010111111001001
111010100001101011101000111000001111100101011110110100110010011010010011010011111101000101011001110011010110001011010000001001110100001000101001011011111110010000101010111111001001
111010100001101110000111010001100100110011110011101110000111110001000101111110100111110000110010100101111011010001010111010011110100001000101001011011111110010000101010111111001001
111010100001101011101000111000001111100101011110110100110010011010010011010011111101000101011001110011010100100111000001011001110100001000101001011011111110010000101010111111001001
111010100001101110000111010001100100110011110011101110000111110001000101111110100111110000110010100101111001111101101001111001110100001000101001011011111110010000101010111111001001
111010100001101110000111010010011001111001110111000011111000100010111111010011111000011001010010111100111110011001110011111001110100001000101001011011111110010000101010111111001001
111010100001101110000111010001100100110011110011101110000111110001000101111110100111110000110010100101111001111100110010000001110100001000101001011011111110010000101010111111001001
111010100001101011101000111000001111100101011110110100110010011010010011010011111101000101011001110011010100100111011100001111010100001000101001011011111110010000101010111111001001
111010100001101011011010011011111000100111000110101110110001100000100100010111101011011101110111100011111110110001001010100101001111010010110011010100111110010000101010111111001001
111010100001101110000111010010011001111001110111000011111000100010111111010011111111011100110011101000100011110110111001011101010110000011100110101110110100011000001011001111011001
111010100001101110000111010001100100110011110011101110000111110001000101111110100101101001011000111110010011001011111101111110010100001000101001011011111110010000101010111111001001
111010100001101011101000111000001111100101011110110100110010011010010011010011111111011100110011101000100011110110111001011101010110000011100110101110110100011000001011001111011001
111010100001101110000111010010011001111001110111000011111000100010111111010011111111011100110011101000111110010001010111010011110100001000101001011011111110010000101010111111001001
111010100001101011101000111000001111100101011110110100110010011010010011010011111111011100110011101000111110010001010111010011110100001000101001011011111110010000101010111111001001
111010100001101110000111010010011001111001110111000011111000100010111111010011111111011100110011101000111110010001001011010010001001100001111000100011111110010000101010111111001001
111010100001101011101000111000001111100101011110110100110010011010010011010011111111011100110011101000111110010001001011010010001001100001111000100011111110010000101010111111001001
111010100001101110000111010001100100110011110011101110000111110001000101111110100110001110001110001110001001011100101001001000110100001000101001011011111110010000101010111111001001
111010100001101011101000111000001111100101011110110100110010011010010011010011111100111011100101011001110010001110111001011101010110000011100110101110110100011000001011001111011001
111010100001101110000111010010011001111001110111000011111000100010111111010011111111011100110011101000100011110110111001011101010110000011100110101110100001111010010011110001001001
111010100001101011101000111000001111100101011110110100110010011010010011010011111101000101011001110011010110001011010010011001100100110111001100111110110100011000001011001111011001
111010100001101011101000111000001111100101011110110100110010011010010011010011111101001011010010110001111100100110010000101101010111110100100100000011011110010000101010111111001001
111010100001101011101000111000001111100101011110110100110010011010010011010011111111011100110011101000100011110110111001011101010110000011100110101110100001111010010011110001001001
111010100001101011101000111000001111100101011110110100110010011010010011010011111101001011010010110001111100011101011000011001101100000001011101111000110110010101011001111100101111
111010100001101110000111010010011001111001110111000011111000100010111111010011111111011100110011101000111110010010100011000000101100111101110111001001100011101101110101111010111100
111010100001101011101000111000001111100101011110110100110010011010010011010011111111011100110011101000111110010010100011000000101100111101110111001001100011101101110101111010111100
111010100001101110000111010001100100110011110011101110000111110001000101111110100101101001011000111110010011001011110111001111011000011110100001110000000100101111110000001111110011
111010100001101110000111010010011001111001110111000011111000100010111111010011111111011100110011101000111110010001001010000101010111011011000110001100001100011100010010101101111110
111010100001101011101000111000001111100101011110110100110010011010010011010011111101000101011001110011010100100111011100010010100010100101110011101110010101000110000111100101111110
111010100001101011101000111000001111100101011110110100110010011010010011010011111111011100110011101000111110010001001010000101010111011011000110001100001100011100010010101101111110
111010100001101011101111101111101111001001100111100111011100001111100010001011111101001111100001100101001011110110100011001011111110110101110111101000100100101111110000001111110011
