101001111001101011101011101001000101011001011000011100000110101000101101010011100100001000011011100011110111010101100010000101001110110000011001011110111011111110100011100001111010
101001111001101011101011101001000101011000001000010111111101100100111011000100010000001000011011100011110111010101100010000101001110110000011001011110111011111110100011100001111010
101001111001101011101011101001000101011001000001101100100011010110011001100001111001011100111011100011110111010101100010000101001110110000011001011110111011111110100011100001111010
101001111001101011101011101001000101011000010010000101000111010110011001100001111001011100111011100011110111010101100010000101001110110000011001011110111011111110100011100001111010
101001111001101011101011101001000101011000001000010111111101100100111011000110111100011011011101100011110111010101100010000101001110110000011001011110111011111110100011100001111010
101001111001101011101011101001000101011000010010000101001000110101010110000010100111001110111001000011110111010101100010000101001110110000011001011110111011111110100011100001111010
101001111001101011101011101001000101011000001000010111111101100100111011000110111100011011111011100011110111010101100010000101001110110000011001011110111011111110100011100001111010
101001111001101011101011101001000101011000011111110011100111111001000001111011011000001000011011100011110111010101100010000101001110110000011001011110111011111110100011100001111010
101001111001101011101011101001000101011001000100001100101001100000001100101001001000100110111011100011110111010101100010000101001110110000011001011110111011111110100011100001111010
101001111001101011101011101001000101011000001111111000011100110101010111101010001001001110111011100011110111010101100010000101001110110000011001011110111011111110100011100001111010
101001111001101011101011101001000101011000001000010111111101011110000000101111111101110110110001100011110111010101100010000101001110110000011001011110111011111110100011100001111010
101001111001101011101011101001000101011000001000010111111101100100111011000110111110001000011011100011110111010101100010000101001110110000011001011110111011111110100011100001111010
101001111001101011101011101001000101011000001000010111111101100100111011000110111101101101101001100011110111010101100010000101001110110000011001011110111011111110100011100001111010
101001111001101011101011101001000101011000010010100110110001110011001010001011111001011100111011100011110111010101100010000101001110110000011001011110111011111110100011100001111010
101001111001101011101011101001000101011000001000010111111101100100111011000110111100011000011011100011110111010101100010000101001110110000011001011110111011111110100011100001111010
101001111001101011101011101001000101011001000001101100100011010001000010000000011011001000011011100011110111010101100010000101001110110000011001011110111011111110100011100001111010
101001111001101011101011101001000101011000001000010111111101011110000000101111111101111001011011100011110111010101100010000101001110110000011001011110111011111110100011100001111010
101001111001101011101011101001000101011000001000010111111101100100111011000110111100011100111011100011110111010101100010000101001110110000011001011110111011111110100011100001111010
101001111001101011101011101001000101011001010100101001010100010110011110001001000101011100111011100011110111010101100010000101001110110000011001011110111011111110100011100001111010
101001111001101011101011101001000101011000010010000101001000110101010110000010100111001110111011100011110111010101100010000101001110110000011001011110111011111110100011100001111010
101001111001101011101011101001000101011000010010000101001000001111101101101011100110101110110001100011110111010101100010000101001110110000011001011110111011111110100011100001111010
101001111001101011101011101001000101011000001000010111111101100100111011000110111100011001101011100011110111010101100010000101001110110000011001011110111011111110100011100001111010
101001111001101011101011101001000101011001000001101100100011010001000010000000011001011100111011100011110111010101100010000101001110110000011001011110111011111110100011100001111010
101001111001101011101011101001000101010110111000010011100111111001000001111011011000001000011011100011110111010101100010000101001110110000011001011110111011111110100011100001111010
101001111001101011101011101001000101010110111101110011100001111101001000100100011111101000011011100011110111010101100010000101001110110000011001011110111011111110100011100001111010
101001111001101011101000110101100001010100001000010111111101100100111011000100010000001000011011100011110111010101100010000101001110110000011001011110111011111110100011100001111010
101001111001101011100001110000010100111111001111111000011100110101010111101010001001001110111011100011110111010101100010000101001110110000011001011110111011111110100011100001111010
101001111001101011101011101001010000111010010111000000001100000011111110100001111001011100111011100011110111010101100010000101001110110000011001011110111011111110100011100001111010
101001111001101011101011101001010000111010011110110000110101101010111011011010000001011000011011100011110111010101100010000101001110110000011001011110111011111110100011100001111010
101001111001101011101011101001010000111010010111000000000110110010110011001101011110001011111011100011110111010101100010000101001110110000011001011110111011111110100011100001111010
101001111001101011101011101001010000111010000111000110000011100010100010010100111100101100111011100011110111010101100010000101001110110000011001011110111011111110100011100001111010
101001111001101011101000110101100001010100001000010111111101100100111011000110111100011011011101100011110111010101100010000101001110110000011001011110111011111110100011100001111010
