011010101110101001111011011111001111100000111110111100010001011001100000000000111100010000110011110111111010101000000110101000100101001000001010101001010011101100110111001010001111
011010101110101001111011011111001111101000100000000110010001011001100000000000111100010000110011110111111010101000000110101000100101001000001010101001010011101100110111001010001111
011010101110101001111011011111001111101110100000000110010001011001100000000000111100010000110011110111111010101000000110101000100101001000001010101001010011101100110111001010001111
011010101110101001111011011111001111100000100000000110010001011001100000000000111100010000110011110111111010101000000110101000100101001000001010101001010011101100110111001010001111
011010101110101001111011011111001111100000010110000000010001011001100000000000111100010000110011110111111010101000000110101000100101001000001010101001010011101100110111001010001111
011010101110101001111011011111001111100000010110111100010001011001100000000000111100010000110011110111111010101000000110101000100101001000001010101001010011101100110111001010001111
011010101110101001111110000111101001100000111110111100010001011001100000000000111100010000110011110111111010101000000110101000100101001000001010101001010011101100110111001010001111
011010101110101001111011011111001111100010010110000000010001011001100000000000111100010000110011110111111010101000000110101000100101001000001010101001010011101100110111001010001111
011010101110101001111011011111001111100001111110111100010001011001100000000000111100010000110011110111111010101000000110101000100101001000001010101001010011101100110111001010001111
011010101110101001111011011111001111111110100000000110010001011001100000000000111100010000110011110111111010101000000110101000100101001000001010101001010011101100110111001010001111
011010101110101001111011011111001111101110000011001000011011011111000011100111110000110000110011110111111010101000000110101000100101001000001010101001010011101100110111001010001111
011010101110101001111011011111001111101110000010111100010001011001100000000000111100010000110011110111111010101000000110101000100101001000001010101001010011101100110111001010001111
011010101110101001111011011111001111101110000011001000010001011001100000000000111100010000110011110111111010101000000110101000100101001000001010101001010011101100110111001010001111
011010101110101001111011011111001111111100111110111100010001011001100000000000111100010000110011110111111010101000000110101000100101001000001010101001010011101100110111001010001111
011010101110101001111011011111001111101110010110000000010001011001100000000000111100010000110011110111111010101000000110101000100101001000001010101001010011101100110111001010001111
011010101110101001111011011111001111100000000001100100010001011001100000000000111100010000110011110111111010101000000110101000100101001000001010101001010011101100110111001010001111
011010101110101001111011011111000010010011111110111100010001011001100000000000111100010000110011110111111010101000000110101000100101001000001010101001010011101100110111001010001111
011010101110101001111011011111001111101110010110111100010001011001100000000000111100010000110011110111111010101000000110101000100101001000001010101001010011101100110111001010001111
011010101110101001111011011111001111101101001110111100010001011001100000000000111100010000110011110111111010101000000110101000100101001000001010101001010011101100110111001010001111
011010101110101001111011011111001111101111011100100100010001011001100000000000111100010000110011110111111010101000000110101000100101001000001010101001010011101100110111001010001111
011010101110101001111011011111001111100000111110111100010001011001100000000000111100010000110011110111111010101000000110101000100101001000001011010001010011101100110111001010001111
011010101110101001111011011111001111100010011110111100010001011001100000000000111100010000110011110111111010101000000110101000100101001000001010101001010011101100110111001010001111
011010101110101001111011011111001111100000000011001000011011011111000011100111110000110000110011110111111010101000000110101000100101001000001010101001010011101100110111001010001111
011010101110101001111011011111001111101000100000000110010001011001100000000000111100010000110011110111111010101000000110101000100101001000001011010001010011101100110111001010001111
011010101110101001111011011111001111101110000011001000011011011111000011100111110000110000111100010111111010101000000110101000100101001000001010101001010011101100110111001010001111
011010101110101001111011011111001111101100111001110110110100101001100000000000111100010000110011110111111010101000000110101000100101001000001010101001010011101100110111001010001111
011010101110101001111011011111001111100000011001010010011001011011010110110011010010101100010000101011111010101000000110101000100101001000001010101001010011101100110111001010001111
011010101110101001111011011111001111100000111110111100010001011001100000000000111100010000110011110111111010101000000110101000100101001000001010101110011110001111011111110110001111
011010101110101001111011011111001111101111011110001000101100110000000000011110001000011001111011111101010100000011010100010010100100000101101110010110101100000001001001111000100110
011010101110101001111011011111001111100000111110111100010001011001100000000000111100010000110011110111111010101000000110101000100101001000001010101110011110001111011110011011110111
011010101110101001111011011111001111100000111110111100010001011001100000000000111100010000110011110111111010101000000110101000100101001000001011011100101101011000011111110110001111
011010101110101001111011011111001111101111011110001000101100110000000000011110001000011001111011111101010100000011010100010010100100000101010100101001110110011011100101000111111010
