011011011101001001001110110000010101001110110110111010101000110011110001111110001011001000011100101100111101100001111010111100011011101000011101001100110000100010011111101101001000
011011011101001001001110110000010101001110110110111010101001101001010100111110001011001000011100101100111101100001111010111100011011101000011101001100110000100010011111101101001000
011011011101001001001110110000010101001110110110111010100001100100100000001110001011001000011100101100111101100001111010111100011011101000011101001100110000100010011111101101001000
011011011101001001001110110000010101001110110110111010111101001101000101001011010001111101110111111010010000111011001111010111001101000101000111111001011011110100001111101101001000
011011011101001001001110110000010101001110110110111010101000100110010011100110001011001000011100101100111101100001111010111100011011101000011101001100110000100010011111101101001000
011011011101001001001110110000010101001110110110111010101000110011110001111110001011001000011100101100111101100001111010111100011011101000111000100000001101110100001111101101001000
011011011101001001001110110000010101001110110110111010101000110011110001111110001011001000011100101100111101100001111010111100011011101000100111001100110000100010011111101101001000
011011011101001001001110110000010101001110110110111010101000110011110001111110001011001000011100101100111101100001111010111100011011101000011101001100100101000000000111101101001000
011011011101001001001110110000010101001110110110111010101000110011110001111110001011001000011100101100111101100001111010111100011011101000011101001100110000000000011111101101001000
011011011101001001001110110000010101001110110110111010101010000111011010110000010000110001010110001001111100101110110101011010101011110101111101010111101000000000011111101101001000
011011011101001001001110110000010101001110110110111010100001100100010100111110001011001000011100101100111101100001111010111100011011101000011101001100110000100010011111101101001000
011011011101001001001110110000010101001110110110111010101000110011110001111110001011001000011100101100111101100001111010111100011011101000011101001101100011011100001111101101001000
011011011101001001001110110000010101001110110110111010101000110011110001111110001011001000011100101100111101100001111010111100011011101000100010010001010010001101111111101101001000
011011011101001001001110110000010101001110110110111010100001100100100000001110001110010000111010101100111101100001111010111100011011101000011101001100110000100010011111101101001000
011011011101001001001110110000010101001110110110111010101001111100110110100110001011001000011100101100111101100001111010111100011011101000011101001100110000100010011111101101001000
011011011101001001001110110000010101001110110110111010101000110011110001111110001011001000011100101100111101100001111010111101100111110101111101010111101000000000011111101101001000
011011011101001001001110110000010101001110110110111010101000110011110001111110001011001000011100101100111101100001111010111100011011101000011101001100110000100011011111101101001000
011011011101001001001110110000010101001111100000110011011101001101000101001011010001111101110111111010010000111011001111010111001101000101000111111001011011110100001111101101001000
011011011101001001001110110000010101001110110110111010101000110011110001111110001011001000011100101100111101100001111010111100011011101000011101001100110000110100001111101101001000
011011011101001001001110110000010101001110110110111010101000110011110001111110001011001000011100101100111101100001111010111100011011101000000110111111110100101101111111101101001000
011011011101001001001110110000010101001110110110111010101000110011110001111110001011001000011100101100111101100001111010111100011011101000011101001101111000010001111111101101001000
011011011101001001001110110000010101001110110110111010101000110011110001111110001011001000011100101100111101100001111010111100011011101111101101101000010100010001111111101101001000
011011011101001001001110110000010101001110110110111010101000110011110001111110001011001000011100101100111101100001111010111100011011101000011101001100110000100011001111101101001000
011011011101001001001110110000010101001110110110111010101000110011110001111110001011001000011100101100111101100001111010101001111110100000010001110101100011011100001111101101001000
011011011101001001001110110000010101001110110110111010101000110011110001111110001011001000011100101100111101100001111010111011011011101000011101001100110000100010011111101101001000
011011011101001001001110110000010101001110110110111010101000110011110001111110001011001000011100101100111101100001111010111100011011101000100010011011100011000001111111101101001000
011011011101001001001110110000010101001110110110111110001001111100110110100110001011001000011100101100111101100001111010111100011011101000011101001100110000100010011111101101001000
011011011101001001001110110000010101001110110110111010101000110011110001111110001011001000011100101100111101100001111010111100011011110101111101010111101000000000011111101101001000
011011011101001001001110110000010101001110110110111010101000110011110001111110001011001000011100101100111101100001111010111100011011101000011101001100110000100010001001011100000000
011011011101001001001110110000010101001110110110111010101000110011110001111110001011001000011100101100111101100001111010111100011011101000011101001100000000010000010101000111011101
011011011101001001001110110000010101001110110110111010101000110011110001111110001011001000011100101100111101100001111010111100011011101000011101001100110000010000010101000111011101
011011011101001001001110110000010101001110110110111010101000110011110001111110001011001000011100101100111101100001111010101001111001110000011010010110000000010000010101000111011101
