010011100011111001110001000101000011100101110000011101010110100100100110100111011111001011100010111010000101000111000100101101101011010000011010110000001100111010010010111111110101
010011100011111001110001000101000011100101110000011101010110100100100110100111011111001011100010111010000101000111000100101101101011010000011010110000001100111010010000010011100110
010011100011111001110001000101000011100101110000011101010110100100100110100111011111001011100010111010000101000111000100101101101011010000011010110000001100110111011111101010101000
010011100011111001110001000101000011100101110000011101010110100100100110100111011111001011100010111010000101000111000100101101101011010000011010110000001100111011000100110110011101
010011100011111001110001000101000011100101110000011101010110100100100110100111011111001011100010111010000101000111000100101101101011010000011010110000001100111011000100111000000000
010011100011111001110001000101000011100101110000011101010110100100100110100111011111001011100010111010000101000111000100101101101011010000011010110000001100110111011111100100110000
010011100011111001110001000101000011100101110000011101010110100100100110100111011111001011100010111010000101000111000100101101101011010000011010110000001100111010010010110001100000
010100110011111001110001000101000011100101110000011101010110100100100110100111011111001011100010111010000101000111000100101101101011010000011010110000001100111010010010111111110101
010011100011111001110001000101000011100101110000011101010110100100100110100111011111001011100010111010000101000111000100101101101011010000011010110000001100111010110001111111101010
010011100011111001110001000101000011100101110000011101010110110100010010001000010011001111100010111010000101000111000100101101101011010000011010110000001100111010010010111111110101
010011100011111001110001000101000011100101110000011101010110100100100110100111011111001011100010111010000101000111000100101101101011010000011010110000001100111011000110011010001110
010011100011111001110001000101000011100101110000011101010110100100100110100111011111001011100010111010000101000111000100101101101011010000011010110000001100111010111110111101100000
010011100011011011011000101101111101100101110000011101010110100100100110100111011111001011100010111010000101000111000100101101101011010000011010110000001100111010010010111111110101
010011100011111001110001000101000011100101110000011101010110100100100110100111011111001011100010111010000101000111000100101101101011010000011010110000001100111010010010110101001000
010100110011111001110001000101000011100101110000011101010110100100100110100111011111001011100010111010000101000111000100101101101011010000011010110000001100111010010000010011100110
010011100011111001110001000101000011100101110000011101010110100100100110100111011111001011100010111010000101000111000100101101101011010000011010110000001100110111010100011110011101
010011100011111001110001000101000011100101110000011101010110110100010010001000010011001111100010111010000101000111000100101101101011010000011010110000001100111010010000010011100110
010011100011111001110001000101000011100101110000011101010110100100100110100111011111001011100010111010000101000111000100101101101011010000011010110000001100111010110001111110011101
010011100011111001110001000101000011100101110000011101010110100100100110100111011111001011100010111010000101000111000100101101101011010000011010110000001100111010010000010010010000
010011100011111001110001000101000011100101110000011000001110000010000111000000011010001100000010111010000101000111000100101101101011010000011010110000001100111010010010111111110101
010011100011111001110001000101000011100101110000011101010110100100100110100111011111001011100010111010000101000111000100101101101011010000011010110000001100111010010010110001100010
010011100011111001110001000101000011100101110000011101010110100100100110100111011111001011100010111010000101000111000100101101101011010000011010110000001100111010010010111110000010
010011100010001101010001000101000011100101110000011101010110100100100110100111011111001011100010111010000101000111000100101101101011010000011010110000001100111010010010111111110101
010011100011111001110001000101000011100101110000011101010110100100100110100111011111001011100010111010000101000111000100101101101011010000011010110000001100111010010010111111111110
010011100011111001110001000101000011100101110000011101010110100100100110100111011111001011100010111010000101000111000100101101101011010000011010110000001100110110011100011110011101
010011100011111001110001000101000011100101110000011101010110100100100110100111011111001011100010111010000101000111000100101101101011010000011010110000001100111001101011000000111000
010011100011111001110001000101000011100101110000011101010110100100100010001000010011001111100010111010000101000111000100101101101011010000011010110000001100111010010010111111110101
010011100011111001110001000101000011100101110000011101010110100100100110100111011111001011100010111010000101000111000100101101101011010000011010110000001100111010010101100001010000
010011100011111001110001000101000011100101110000011101010110100100100110100111011111001011100010111010000101000111000100101101101011010000011010110000001100111010010000010011101101
010011100011111001110001000101000011100101110000011101010110100100100110100111011111001011100010111010000101000111000100101101101011010000011010110000001100111010110001111111101000
010011100011011011011000101101111101100101110000011101010110100100100110100111011111001011100010111010000101000111000100101101101011010000011010110000001100111010010000010011100110
010100110011111001110001000101000011100101110000011101010110100100100110100111011111001011100010111010000101000111000100101101101011010000011010110000001100110111011111101010101000
