001000010011101011101010010101111110011101011000011001111011100101010100100000100101010101001111100010000001011100000100001000010000110100010101101011010110001011110000010010011110
001110010011101011101010010101111110011101011000011001111011100101010100100000100101010101001111100010000001011100000100001000010000110100010101101011010110001011110000010010011110
101111100011011000010000001010100101111010100001100111000111000001000110111111110000010010011010010110000011011000110001100011001100100111101111011111001011011001111111000011011110
001000010011101011101010010101111110011101011000011001111011100101010100100000100101010101001111100010000001011100000100001000010000110100010101101011010010101011011011000100011110
000011010001110001000010010101111110011101011000011001111011100101010100100000100101010101001111100010000001011100000100001000010000110100010101101011010110001011110000010010011110
100010100011011000010000001010100101111010100001100111000111000001000110111111110000010010011010010110000011011000110001100011001100100111101111011111001011011001111111000011011110
111010000101010101001010111111001110101100001100111101110010101010010000010010101010100111011011101110010011110110001010100000000111110001110010111011010110001011110000010010011110
000011111010101000001010010101111110011101011000011001111011100101010100100000100101010101001111100010000001011100000100001000010000110100010101101011010110001011110000010010011110
101111100011011000010000001010100101111010100001100111000111000001000110111111110000010010011010010110000011011000110001100011001100100111101111011100100100000100110000111000001110
001000010011101011101010010101111110011101011000011001111011100101010100100000100101010101001111100010000001011100000100001000010000110100010101101011010010101011110000010010011110
001000010011101011101010010101111110011101011000011001111011100101010100100000100101010101001111100010000001011100000100001000010000110100010101101011010111011110110101011110111110
001000010011101011101010010101111110011101011000011001111011100101010100100000100101010101001111100010000001011100000100001000010000110100010101101011010010000011101010001110001110
111010000101010101001010111111001110101100001100111101110010101010010000010010101010100111110001000000101110000010000100001000011010001010110101101001000001001110101101101001110110
101111101101110101001010111111001110101100001100111101110010101010010000010010101010100111011011101110010011110110001010100000000111110001110010111011010110001011110000010010011110
011111100110011011001110101011010101111010100001100111000111000001000110111111110000010010011010010110000011011000110001100011001100100111101111011111001011011001111111000011011110
001000010011101011101010010101111110011101011000011001111011100101010100100000100101010101001111100010000001011100000100001000010000110100010101101011010010101000100011111000001110
000100100011011000010000001010100101111010100001100111000111000001000110111111110000010010011010010110000011011000110001100011001100100111101111011111001011011001111111000011011110
001000010011101011101010010101111110011101011000011001111011100101010100100000100101010101001111100010000001011100000100001000010000110100010101101011010010000011101010001011011110
011111100111001101000110111101001110101100001100111101110010101010010000010010101010100111011011101110010011110110001010100000000111110001110010111011010110001011110000010010011110
100010100011011000010000001010100101111010100001100111000111000001000110111111110000010010011010010110000011011000110001100011001100100111101111011100100100000100110000111000001110
001110010011101011101010010101111110011101011000011001111011100101010100100000100101010101001111100010000001011100000100001000010000110100010101101011010010101011011011000100011110
111010000101010101001010111111001110101100001100111101110010101010010000010010101010100111110001000000101110000010000100001000011010001010110101101001001111010001100101011110111110
101111100011011000010000001010100101111010100001100111000111000001000110111111110000010010110000111000111110101100111111001011010001011100101000001011010110001011110000010010011110
101110010011101011101010010101111110011101011000011001111011100101010100100000100101010101001111100010000001011100000100001000010000110100010101101011010110001011110000010010011110
101110110111011011101010010101111110011101011000011001111011100101010100100000100101010101001111100010000001011100000100001000010000110100010101101011010110001011110000010010011110
111010000101010101001010111111001110101100001100111101110010101010010000010010101010100111110001000000101110000010000100001000011010001010110101101010100000001110000100010010011110
101110110111000110110000100000010101001011110101000011001110001110000010001101111111100000100100110100101100000110110001100010110101110001010110000111111011000001010100010010011110
000011010001110001000010010101111110011101011000011001111011100101010100100000100101010101001111100010000001011100000100001000010000110100010101101011010010101011011011000100011110
101111100011011000010000001010100101111010100001100111000111000001000110111111110000010010011010010110000011011000110001100011001100100111101111011100100100000111110000010010011110
101110110111000110110000100000010101001011110101000011001110001110000010001101111111100000100100110100101100000110110001100010110101110001010110000111101110001011110000010010011110
111010000101010101001010111111001110101100001100111101110010101010010000010010101010100111110001000000101110000010000100001000011010001010110101101011010110001011110000010010011110
101111101101110101001010111111001110101100001100111101110010101010010000010010101010100111110001000000101110000010000100001000011010001010110101101001000001001110101101101001110110
