100001000110110010000000011000000010101100011001001101100101111111100011010001001010001110110001110100010011010110001010100001110111010001110101000100011101100111011010110010010100
100001000110110010000000011000000010101100011001001101100101111111100011010001001010001110110001110100010011010110001010100001110111010001110101001110011101100111011010110010010100
100001000110110010000000011000000010101100011001001101100101111111100011010001001010001110110001110100010011010110001010100001110111010001110101001110100101100111011010110010010100
100001000110110010000000011000000010101100011001001101100101111111100011010001001010001110110001110100010011010110001010100001110111010001110101011101001101100111011010110010010100
100001000110110010000000011000000010101100011001001101100101111111100011010001001010001110110001010110010110011100101000011001100000000000011000100111101101100111011010110010010100
100001000110110010000000011000000010101100011001001101100101111111100011010001001010001110110001110100010011010110001010100001110111010001110101011101101101100111011010110010010100
100001000110110010000000011000000010101100011001001101100101111111100011010001001010001110110001110101000101111100011001111110010101000011111001011111110101100111011010110010010100
100001000110110010000000011000000010101100011001001101100101111111100011010001001010001110110001110101000101111100011001111110010101000011111001001010100111100111011010110010010100
100001000110110010000000011000000010101100011001001101100101111111100011010001001010000010000110000101000111010001001101011000101010000111011101000111010100111101001111111010010100
100001000110110010000000011000000010101100011001001101100101111111100011010001001010001110110001110100010011010110001010100001110111010001110101000001100101100111011010110010010100
100001000110110010000000011000000010101100011001001101100101111111100011010001001010001110110001110100010011010110001010100001110111010001111111100110011101100111011010110010010100
100001000110110010000000011000000010101100011001001101100101111111100011010001001010001110110001110101000101111100011001111110010101000011111001011111110111100111011010110010010100
100001000110110010000000011000000010101100011001001101100101111111100011010001001010001110110001110100010011010110001010100001110111010001110101000101110101100111011010110010010100
100001000110110010000000011000000010101100011001001101100101111111100011010001001010001110110001010110010110011100101000011001100000000000011000100100011101100111011010110010010100
100001000110110010000000011000000010101100011001001101100101111111100011010001001010001110110001000100001011000110011101110010110110101111101110000001001101100111011010110010010100
100001000110110010000000011000000010101100011001001101100101111111100011010001001010001110110001110100010011010110001010100001110111010001110101000001001101100111011010110010010100
100001000110110010000000011000000010101100011001001101100101111111100011010001001010001110100101100001111111000010110110001000111001010000110010001101001101100111011010110010010100
100001000110110010000000011000000010101100011001001101100101111111100011010001001010001110110001010110010110011100101000011001100000000010110100111110011101100111011010110010010100
100001000110110010000000011000000010101100011001001101100101111111100011010001001010001110110001110100010011010110001010100001110111010001011011100011011101100111011010110010010100
100001000110110010000000011000000010101100011001001101100101111111100011010001001010001110110001110100010011010110001010100001110111010001110101001011011101100111011010110010010100
100001000110110010000000011000000010101100011001001101100101111111100011010001001010001110110001110100010011010110001010100001110111010001111111100100001101100111011010110010010100
100001000110110010000000011000000010101100011001001101100101111111100011010001001010001110110001110101000101111100011001111110010101000011111001011111111101100111011010110010010100
100001000110110010000000011000000010101100011001001101100101111111100011010001001010001000110111001001000111010001001101011000101010000111011101000111010100111101001111111010010100
100001000110110010000000011000000010101100011001001101100101111111100011010001001010001110110110110101000101111100011001111110010101000011111001011111110101100111011010110010010100
100001000110110010000000011000000010101100011001001101100101111111100011010001001010001110110110110101000101111100011001111110010101000011111001001010100111100111011010110010010100
100001000110110010000000011000000010101100011001001101100101111111100011010001001010001110110110110101000111010001001101011000101010000111011101000111010100111101001111111010010100
100001000110110010000000011000000010101100011001001101100101111111100011010001001010011101000001100101000111010001001101011000101010000111011101000111010100111101001111111010010100
100001000110110010000000011000000010101100011001001101100101111111100011010001001010000010000111111001000111010001001101011000101010000111011101000111010100111101001111111010010100
100001000110110010000000011000000010101100011001001101100101111111100011010001001010001110000111111001000111010001001101011000101010000111011101000111010100111101001111111010010100
100001000110110010000000011000000010101100011001001101100101111111100011010001001010001000100010101010000111010001001101011000101010000111011101000111010100111101001111111010010100
100001000110110010000000011000000010101100011001001101100101111111100011010001001010000010000111010010000111010001001101011000101010000111011101000111010100111101001111111010010100
100001000110110010000000011000000010101100011001001101100101111111100011010001001010001110100101100001111111000010110110001000111001010000110010001101011101100111011010110010010100
