101100111110001000110111101110011001100001100100000000101100100100111011111110001111001001000100100101011101111101111100000110011110100001101100000101110101000110011010011101011001
101100111110001000110111101110011001100001100100000000101100100100111011111110001111001001000100100101011101111101111100000110011110100001101100000101110101000110011010011101011000
101100111110001000110111101110011001100001100100000000101100100100111011111110001111001001000100100101011101111101111100000110011110100001101111101010001001010100110110100001011000
101100111110001000110111101110011001100001100100000000101100100100111011111110001111001001000100100101011101111101111100000110011110100001101100000101110101000110011010011000011100
101100111110001000110111101110011001100001100100000000101100100100111011111110001111001001000100100101011101111101111100000110011110100001101100000101110101000110011010011000011000
101100111110001000110111101110011001100001100100000000101100100100111011111110001111001001000100100101011101111101111100000110011110100001101100000101110101000110011010011000100000
101100111110001000110111101110011001100001100100000000101100100100111011111110001111001001000100100101011101111101111100000110011110100001101100000101110101000110011010100001011000
101100111110001000110111101110011001100001100100000000101100100100111011111110001111001001000100100101011101111101111100000110011110100001101100000101110101000110011010011001011000
101100111110001000110111101110011001100001100100000000101100100100111011111110001111001001000100100101011101111101111100000110011110100001101100000101110101000110011010011100101100
101100111110001000110111101110011001100001100100000000101100100100111011111110001111001001000100100101011101111101111100000110011110100001101100000101110010100100010011011011011000
101100111110001000110111101110011001100001100100000000101100100100111011111110001111001001000100100101011101111101111100000110011110100001101100000101000001111101101111100001011000
101100111110001000110111101110011001100001100100000000101100100100111011111110001111001001000100100101011101111101111100000110011110100001101100000101110101000110010010100001011000
101100111110001000110111101110011001100001100100000000101100100100111011111110001111001001000100100101011101111101111100000110011110100010011000110001101011010101000010100001011000
101100111110001000110111101110011001100001100100000000101100100100111011111100100011001001000100100101011101111101111100000110011110100001101100000101110101000110011010011101011001
101100111110001000110111101110011001100001100100000000101100100100111011111110001111001001000100100101011101111101111100000110011110100001101100000101110101000111001100010001011000
101100111110001000110111101110011001100001100100000000101100100100111011111110001111001001000100100101011101111101111100000110011110100001101100000101110101000110011010011101111010
101100111110001000110111101110011001100001100100000000101100100100111011111110001111001001000100100101011101111101111100000110011110100001101100000101110101000110011010000001011000
101100111110001000110111101110011001100001100100000000101100100100111011111110001111001001000100100101011101111101111100000110011110100001101100000101110101000111001100010100010000
101100111110001000110111101110011001100001100100000000101100100100111011111110001111001001000100100101011101111101111011000010011110110000011111000000001100010000100110000001011000
101100111110001000110111101110011001100001100100000000100110010101110111111101001111001001000100100101011101111101111100000110011110100001101100000101110101000110011010011101011001
101100111110001000110111101110011001100001100100000000101100100100111011111110001111001001000100100101011101111101111100000110011110100001101100000101110101000110011001011101011001
101100111110001000110111101110011001100001100100000000101100100100111011111101001111001001000100100101011101111101111100000110011110100001101100000101110101000110011010011101011001
101100111110001000110111101110011001100001100100000000101100100100111011111100100011001001000100100101011101111101111100000110011110100001101100000101110101000110011010011101011000
101100111110001000110111101110011001100001100100000000101100100100111011111110001111001001000100100101011101111101111100000110011110100001101100000101110101000110011010011100101101
101100111110001000110111101110011001100001100100000000101100100100010000111010111110010111111001111000010011100100110110100100000110011011011000001111001000011011100110100001011000
101100111110001000110111101110011001100001100100000000101100100100111011111100100011011001000100100101011101111101111100000110011110100001101100000101110101000110011010011101011001
101100111110001000110111101110011001100001100100000000101100100100010000111010111110010111111001111000010011100100110110100100000110011011011000001111001000011011100001100001011000
101100111110001000110111101110011001100001100100000000100110010101110111111101001111001001000100100101011101111101111100000110011110100001101100000101110101000110011010011101011000
101100111110001000110111101110011001100001100100000000101100100100111011111110001111001001000100100101011101111101111100000110011110100001101100000101110101000110011010011100111001
101100111110001000110111101110011001100001100100000000101100100100010000111010111110010111111001111000010011100100110110100100000110011011011000001111001000011011100011000001011000
101100111110001000110111101110011001100001100100000000101100100100111011111110001111001001000100100101011101111101111100000110011110100001101100000101110101000110011001011101011000
101100111110001000110111101110011001100001100100000000101100100100111011111110001111001001000100100101011101111101111100000110011110100001101100000101110101000110011001011000011100
