010001101100010101010010011000000110011111010001001001100110011111011110011101011111011100000010001110110000101110010111101110101010010010011011111110100111111110010100100110100111
010001101100010101010010011000000110011111010001001001100110011111011110011101011111011100000010001110110000101110010111101110101010010010011011111110100111111110001001000111110111
010001101100010101010010011000000110011111010001001001100110011111011110011101011111011100000010001110110000101110010111101110101010010010011011111110100111111110001001001100110111
010001101100010101010010011000000110011111010001001001100110011111011110011101011111011100000010001110110000101110010111101110101010010010011011111110100111010101010000010111110111
010001101100010101010010011000000110011111010001001001100110011111011110011101011111011100000010001110110000101110010111101110101010010010011011111110100111111110000000010111110111
010001101100010101010010011000000110011111010001001001100110011111011110011101011111011100000010001110110000101110010111101110101010010010011011111110100111111110101011010001101011
010001101100010101010010011000000110011111010001001001100110011111011110011101011111011100000010001110110000101110010111101110101010010010011011111110100111111110010100100100110111
010001101100010101010010011000000110011111010001001001100110011111011110011101011111011100000010001110110000101110010111101110101010010010011011111110100111111111000010101011110111
010001101100010101010010011000000110011111010001001001100110011111011110011101011111011100000010001110110000101110010111101110101010010010011011111110100111111110010100100010101011
010001101100010101010010011000000110011111010001001001100110011111011110011101011111011100000010001110110000101110010111101110101010010010011011111110100111111110010100010111110111
010001101100010101010010011000000110011111010001001001100110011111011110011101011111011100000010001110110000101110010111101110101010010010011011111110100111111110001011100100110111
010001101100010101010010011000000110011111010001001001100110011111011110011101011111011100000010001110110000101110010111101110101010010010011011111110100111111100101110010111110111
010001101100010101010010011000000110011111010001001001100110011111011110011101011111011100000010001110110000101110010111101110101010010010011011111110100111111110001001000111000111
010001101100010101010010011000000110011111010001001001100110011111011110011101011111011100000010001110110000101110010111101110101010010010011011111110100111111110001001010111110111
010001101100010101010010011000000110011111010001001001100110011111011110011101011111011100000010001110110000101110010111101110101010010010011011111110100111111111011111001110100111
010001101100010101010010011000000110011111010001001001100110011111011110011101011111011100000010001110110000101110010111101110101010010010011011111110100111111110010100101011110111
010001101100010101010010011000000110011111010001001001100110011111011110011101011111011100000010001110110000101110010111101110101010010010011011111110100111111111000010101110100111
010001101100010101010010011000000110011111010001001001100110011111011110011101011111011100000010001110110000101110010111101110101010010010011011111110100111111110010100100111000111
010001101100010101010010011000000110011111010001001001100110011111011110011101011111011100000010001110110000101110010111101110101010010010011011111110100111111110101011011111110111
010001101100010101010010011000000110011111010001001001100110011111011110011101011111011100000010001110110000101110010111101110101010010010011011111110100111111110010100101100011111
010001101100010101010010011000000110011111010001001001100110011111011110011101011111011100000010001110110000101110010111101110101010010010011011111110100111111110010100100111110111
010001101100010101010010011000000110011111010001001001100110011111011110011101011111011100000010001110110000101110010111101110101010010010011011111110100111111110010110000100110111
010001101100010101010010011000000110011111010001001001100110011111011110011101011111011100000010001110110000101110010111101110101010010010011011111110100111111110010111000111110111
010001101100010101010010011000000110011111010001001001100110011111011110011101011111011100000010001110110000101110010111101110101010010010011011111110100111111110010101111011111011
010001101100010101010010011000000110011111010001001001100110011111011110011101011111011100000010001110110000101110010111101110101010010010011011111110100111111110010100010001101011
010001101100010101010010011000000110011111010001001001100110011111011110011101011111011100000010001110110000101110010111101110101010010010011011111110100111111110010110001010101011
010001101100010101010010011000000110011111010001001001100110011111011110011101011111011100000010001110110000101110010111101110101010010010011011111110100111111111000010100000111011
010001101100010101010010011000000110011111010001001001100110011111011110011101011111011100000010001110110000101110010111101110101010010010011011111110100111111110010111010001101011
010001101100010101010010011000000110011111010001001001100110011111011110011101011111011100000010001110110000101110010111101110101010010010011011111110100111111110001001000111111011
010001101100010101010010011000000110011111010001001001100110011111011110011101011111011100000010001110110000101110010111101110101010010010011011111110100111111110010100011001101011
010001101100010101010010011000000110011111010001001001100110011111011110011101011111011100000010001110110000101110010111101110101010010010011011111110100111111110010100100110111011
010001101100010101010010011000000110011111010001001001100110011111011110011101011111011100000010001110110000101110010111101110101010010010011011111110100111111110010100101000111011
