100000101100001111110010110100100101001101001111010100010111111011111110000000011110100110111111010010110101110101111010000100100010000100101011110110100001010110100101010011101011
100000101100001111110010110100100101001101001111010100010111111011111110000000011110100110111111010010101000110001011110011111011111101001010011100010000110010100000000010000011011
100000101100001111110010110100100101001101001111010100010111111011111110000000011110101011010110010010110101110101111010000100100010000100101011110110100001010110100101010011101011
100000101100001111110010110100100101001101001111010100010111111011111110000000011110100110111111011000110101110101111010000100100010000100101011110110100001010110100101010011101011
100000101100001111110010110100100101001101001111010100010111111011111110000000011110100110111111011101110101110101111010000100100010000100101011110110100001010110100101010011101011
100000101100001111110010110100100101001101001111010100010111111011111110000000011110100110111111011110110101110101111010000100100010000100101011110110100001010110100101010011101011
100000101100001111110010110100100101001101001111010100010111111011111110000000011110100110111111011111001101110010011101000100101001111000000110110101011010000111010001010011101011
100000101100001111110010110100100101001101001111010100010111111011111110000000011110100110111111100110111001001110101000101101100010000100101011110110100001010110100101010011101011
100000101100001111110010110100100101001101001111010100010111111011111110000000011111001000100110010010110101110101111010000100100010000100101011110110100001010110100101010011101011
100000101100001111110010110100100101001101001111010100010111111011111110000000011110100110111111010011110111001100110010110010000101101001010011100010000110010100000000010000011011
100000101100001111110010110100100101001101001111010100010111111011111110000000011110100110111111010011110101110101111010000100100010000100101011110110100001010110100101010011101011
100000101100001111110010110100100101001101001111010100010111111011111110000000011110100110111111011101001011000011101100101001100010000100101011110110100001010110100101010011101011
100000101100001111110010110100100101001101001111010100010111111011111110000000011110100110111111011101001100101110000001010000110111111001111100101010110010000100110001011100110110
100000101100001111110010110100100101001101001111010100010111111011111110000000011010101001010100110110111000110001011110011111011111101001010011100010000110010100000000010000011011
100000101100001111110010110100100101001101001111010100010111111011111110000000011110100110111111011111001101110010011101000100101001111000000110110101011010000100110001011100110110
100000101100001111110010110100100101001101001111010100010111111011111110000000011010101001010100110110110101110101111010000100100010000100101011110110100001010110100101010011101011
100000101100001111110010110100100101001101001111010100010111111011111110000000011110100110111111010011000000010001001010011001111101110111010000000111010010000100110001011100110110
100000101100001111110010110100100101001101001111010100010111111011111110000000011110100110101000000110110101110101111010000100100010000100101011110110100001010110100101010011101011
100000101100001111110010110100100101001101001111010100010111111011111110000000011110100110111111010011000000110001011110011111011111101001010011100010000110010100000000010000011011
100000101100001111110010110100100101001101001111010100010111111011111110000000011110100110111111010011111011111101000110011111011111101001010011100010000110010100000000010000011011
100000101100001111110010110100100101001101001111010100010111111011111110000000011011111110011001011010110101110101111010000100100010000100101011110110100001010110100101010011101011
100000101100001111110010110100100101001101001111010100010111111011111110000000011110100110111111010111110101110101111010000100100010000100101011110110100001010110100101010011101011
100000101100001111110010110100100101001101001111010100010111111011111110000000011110100110111111011111001101110010011101000100101001111000000110110101011010000111010010111011111101
100000101100001111110010110100100101001101001111010100010111111011111110000000011110100110111111010011011000101111001111101111110100101000100111101100001001111001000000000010010011
100000101100001111110010110100100101001101001111010100010111111011111110000000011110100110111111010010010101011101010010011001111101110111010000000111010010000100110001011100110110
100000101100001111110010110100100101001101001111010100010111111011111110000000011110100110111101000000010011111001111010000100100010000100101011110110100001010110100101010011101011
100000101100001111110010110100100101001101001111010100010111111011111110000000011110100110101010110000110000110001011110011111011111101001010011100010000110010100000000010000011011
100000101100001111110010110100100101001101001111010100010111111011111110000000011110100110111111010011000011011101111111011100001001111000000110110101011010000111010001010011101011
100000101100001111110010110100100101001101001111010100010111111011111110000000011110100110111111010011111011000101111010000100100010000100101011110110100001010110100101010011101011
100000101100001111110010110100100101001101001111010100010111111011111110000000011110100110111111010010101000110001011110011111011111101001010011100010000110010101010110011001111011
100000101100001111110010110100100101001101001111010100010111111011111110000000011110100110111111011111001101110010011101000100101001111000000110110101011010000111010001011100110110
100000101100001111110010110100100101001101001111010100010111111011111110000000011110100110111111100011000000010110101101110101001000110011111011011010101100101011000010010000011011
