100000100010100010111100111001111101100111010010010100101110001111110100010000110000101001101010010001000110011000111111110010110101000100010001011111101011110110011011111000100101
100000100010100010111100111001111101100111010010010100101110001111110100010000110000101001101010010001000110010111001010110010110101000100010001011111101011110110011011111000100101
100000100010100010111100111001111101100111010010010100101110001111110100010000110000101001101010010001000111010000010010110010110101000100010001011111101011110110011011111000100101
100000100010100010111100111001111101100111010010010100101110001111110100010000110000101001101010010001000110111100111010110010110101000100010001011111101011110110011011111000100101
100000100010100010111100111001111101100111010010010100101110001111110100010000110000101001101010010001000110111100101110110010110101000100010001011111101011110110011011111000100101
100000100010100010111100111001111101100111010010010100101110001111110100010000110000101001101010010001000100011111001010110010110101000100010001011111101011110110011011111000100101
100000100010100010111100111001111101100111010010010100101110001111110100010000110000101001101010010001000110011000110010110010110101000100010001011111101011110110011011111000100101
010001010001011110011100111110110011101001001010010111000111111010001000011000010100110101001000100011001011101000111110110010110101000100010001011111101011110110011011111000100101
111010000111110011000110001011011000111111100111001101110010010001011110110101001110000000100011110101100100011111001010110010110101000100010001011111101011110110011011111000100101
100000100010100010111100111001111101100111010010010100101110001111110100010000110000101011101110100110100100011111001010110010110101000100010001011111101011110110011011111000100101
100000100010100010111100111001111101100111010010010100101110001111110100010000110000101001101010010001000110111100101100110010110101000100010001011111101011110110011011111000100101
100000100010100010111100111001111101100111010010010100101110001111110100010000110000101001101010010001000110010110011011010010110101000100010001011111101011110110011011111000100101
100000100010100010111100111001111101100111010010010100101110001111110100010000110000101011101110100110100110011000111111110010110101000100010001011111101011110110011011111000100101
100000100010100010111100111001111101100111010010010100101110001111110100010000110000101001101010010001000110111100111010010010110101000100010001011111101011110110011011111000100101
100000100010100010111100111001111101100111010010010100101110001111110100010000110000101001101010010001000111010110011011010010110101000100010001011111101011110110011011111000100101
100000100010100010111100111001111101100111010010010100101110001111110100010000110000101011101110100110100100110100101100110010110101000100010001011111101011110110011011111000100101
100000100010100010111100111001111101100111010010010100101110001111110100010000110000101001101010010001000100010000111101100010110101000100010001011111101011110110011011111000100101
010001010001011110011100111110110011101001001010010111000111111010001000011000010100110101001000100011010010011000010010110010110101000100010001011111101011110110011011111000100101
100000100010100010111100111001111101100111010010010101111011100100100010111101101010011100000001000111101011001101101001000010110101000100010001011111101011110110011011111000100101
100000100010100010111100111001111101100111010010010100101110001111110100010000110000101001101010010001000110101011001010110010110101000100010001011111101011110110011011111000100101
100000100010100010111100111001111101100111010010010100101110001111110100010000110000101001101010010001000110010111011100110010110101000100010001011111101011110110011011111000100101
100000100010100010111100111001111101100111010010010100101110001111110100010000110000101001101010010001000101111100000001110010110101000100010001011111101011110110011011111000100101
100000100010100010111100111001111101100111010010010100101110001111110100010000110000101001101010010001000110110011010100110010110101000100010001011111101011110110011011111000100101
100000100010100010111100111001111101100111010010010101111011100100100010111101101010011100000001000111101011110110010011010010110101000100010001011111101011110110011011111000100101
100000100010100010111100111001111101100111010010010100101110001111110100010000110000101001101010010001000110100100110000110010110101000100010001011111101011110110011011111000100101
100000100010100010111100111001111101100111010010010100101110001111110100010000110000101001101010010001000110010010001011010010110101000100010001011111101011110110011011111000100101
100000100010100010111100111001111101100111010010010100101110001111110100010000110000101001101010010001000110110011011001100010110101000100010001011111101011110110011011111000100101
010001010001011110011100111110110011101001001010010111000111111010001000011000010100110101001000100011010110101011001010110010110101000100010001011111101011110110011011111000100101
010001010001011110011100111110110011101001001010010111000111111010001000011000010100110101001000100011001011101000110100110010110101000100010001011111101011110110011011111000100101
010001010110011001001110001100010110110001111111001110011011100100100010111101101010011100000001000111101011001101101001000010110101000100010001011111101011110110011011111000100101
100000100010100010111100111001111101100111010010010100101110001111110100010000110000101001101010010001000110101100100100110010110101000100010001011111101011110110011011111000100101
100000100010100010111100111001111101100111010010010100101110001111110100010000110000101001101010010001000110111101100010110010110101000100010001011111101011110110011011111000100101
