110101010010001110111001111001000001011000111111011100100111000101000000111100100101110110011110101101010101011100101101110000111101111100000110000101101011000001010010100110010011
110101010010001110111001111001000001011000111111011100100111000101000000111100100101110110011110101101010101011100101101110000111101111100000110000101101011000001010010100101010110
110101010010001110111001111001000001011000111111011100100111000101000000101010100101110110011110101101010101011100101101110000111101111100000110000101101011000001010010100110010011
110101010010001110111001111001110001011000111111011100100111000101000000111100100101110110011110101101010101011100101101110000111101111100000110000101101011000001010010100110010011
110101010010001110111001111001000001011000111111011100100111000101000001111100100101110110011110101101010101011100101101110000111101111100000110000101101011000001010010100110010011
110101010010001110111001111001000001011000001111100010000111110101000000111100100101110110011110101101010101011100101101110000111101111100000110000101101011000001010010100110010011
110101010010001110111001111001000001011000001111100010000010000010100000111100100101110110011110101101010101011100101101110000111101111100000110000101101011000001010010100110010011
110101010010001110111001111001000001011000001000010011101010010011000000111100100101110110011110101101010101011100101101110000111101111100000110000101101011000001010010100110010011
110101010010001110111001111001000001011000001111100010000111100100110000111100100101110110011110101101010101011100101101110000111101111100000110000101101011000001010010100110010011
110101010010001110111001111001000001011000001111100010000111100101000000111100100101110110011110101101010101011100101101110000111101111100000110000101101011000001010010100110010011
110101010010001110111001111001011010111000111111011100100111000101000000111100100101110110011110101101010101011100101101110000111101111100000110000101101011000001010010100110010011
110101010010001110111001111001000001011000001111100010000100110101000000111100100101110110011110101101010101011100101101110000111101111100000110000101101011000001010010100110010011
110101010010001110111001111001000001011000001111100000100111000101000000111100100101110110011110101101010101011100101101110000111101111100000110000101101011000001010010100110010011
110101010010001110111001111001000001011000001111100010000111000101000000111100100101110110011110101101010101011100101101110000111101111100000110000101101011000001010010100110010011
110101010010001110111001111001000001011000111111011100100111000101000000111100100101110110011110101101010101011100101101110000111101111100111101010100011101010100010010100110010011
110101010010001110111001111001000001011000010111100000100111000101000000111100100101110110011110101101010101011100101101110000111101111100000110000101101011000001010010100110010011
110101010010001110111001111001000001011000111111011100100111000101000001101010100101110110011110101101010101011100101101110000111101111100000110000101101011000001010010100110010011
110101010010001110111001111001000001011000111111011100100111000101100000111100100101110110011110101101010101011100101101110000111101111100000110000101101011000001010010100110010011
110101010010001110111001111001000001011000001111100010000111110101111001111100100101110110011110101101010101011100101101110000111101111100000110000101101011000001010010100110010011
110101010010001110111001111001000001011000111111011100100111000101000000111100100101110110011110101101010101011100101101110000111101111100000110000101101011000010000000000011111110
110101010010001110111001111001000001011000001000010001100000001001100000111100100101110110011110101101010101011100101101110000111101111100000110000101101011000001010010100110010011
110101010010001110111001111001000001011000001110010000000000101100010000111100100101110110011110101101010101011100101101110000111101111100000110000101101011000001010010100110010011
110101010010001110111100100001100111011000111111011100100111000101000000111100100101110110011110101101010101011100101101110000111101111100000110000101101011000001010010100110010011
110101010010001110111001111011011111000001111000001110000100110101000000111100100101110110011110101101010101011100101101110000111101111100000110000101101011000001010010100110010011
110101010010001110111001111011011111000001111000001000001000110101100000111100100101110110011110101101010101011100101101110000111101111100000110000101101011000001010010100110010011
110101010010001110111001111011011111000001111000001001111111011011000000111100100101110110011110101101010101011100101101110000111101111100000110000101101011000001010010100110010011
110101010010001110111001111011011111000001111000001000000010000101000000111100100101110110011110101101010101011100101101110000111101111100000110000101101011000001010010100110010011
110101010010001110111001111011011111000001111000001001111110011100100000111100100101110110011110101101010101011100101101110000111101111100000110000101101011000001010010100110010011
110101010010001110111001111011011111000001111000001001111011000101000000111100100101110110011110101101010101011100101101110000111101111100000110000101101011000001010010100110010011
110101010010001110111001111011011111000001111000001100100111000101000000111100100101110110011110101101010101011100101101110000111101111100000110000101101011000001010010100110010011
100000110000010110111001111001000001011000111111011100100111000101000000111100100101110110011110101101010101011100101101110000111101111100000110000101101011000001010010100110010011
110101010010001110111100100001010111011000111111011100100111000101000000111100100101110110011110101101010101011100101101110000111101111100000110000101101011000001010010100110010011
