110011111010011000101110001100100011111110011001011101111101111100001101101100111001101011000100010110011011011000010011010011100000111000001111100111100100110001011110001101111101
110011111010011000101110001100100011111110011001011101111101101010110001101000000001101101110100100110000001110011000011010011100000111000001111100111100100110001011110001101111101
110011111010011000101110001100100011111110011001011101111101111100001101101100111001101011000100010110011011011001101001011000011011100001110010101001100100110001011110001101111101
110011111010011000101110001100100011111110011001011101111100011111101101000110101100110110111110000010000101011001010011010011100000111000001111100111100100110001011110001101111101
110011111010011000101110001100100011111110011001011101111101111100001101101100111001101011000100010110011011011001010011010011100000111000001111100111100100110001011110001101111101
110011111010011000101110001100100011111110011001011101111101111111011110100100001111000010000010001011101101000000111101010000111011111101001111100111100100110001011110001101111101
110011111010011000101110001100100011111110011001011101111101111100001101101100111001101011000100010110011011011001101010101111100000111000001111100111100100110001011110001101111101
110011111010011000101110001100100011111110011001011101111101111100001101101100111001101011000100010111001101010001110011010011100000111000001111100111100100110001011110001101111101
110011111010011000101110001100100011111110011001011101111101101010110001101000000001101101110100100111000010001001101011010011100000111000001111100111100100110001011110001101111101
110011111010011000101110001100100011111110011001011101110111011011111101110111100000010101110000000111010101010010011001011000011011100001110010101001100100110001011110001101111101
110011111010011000101110001100100011111110011001011101111101111100001101101100111001101011000100010110011011011000011001011000011011100001110010101001100100110001011110001101111101
110011111010011000101110001100100011111110011001011101111101011100001101101100111001101011000100010110011011011000010011010011100000111000001111100111100100110001011110001101111101
110011111010011000101110001100100011111110011001011101111110000001101110010101111110110000100101011100010110010111001100110111111110011000001111100111100100110001011110001101111101
110011111010011000101110001100100011111110011001011101111110001000011001110111001000001001001000101100110111001011010011010011100000111000001111100111100100110001011110001101111101
110011111010011000101110001100100011111110011001011101111101111100001101101100111001101011000100010110011011011001101001011001010000010011111111100111100100110001011110001101111101
110011111010011000101110001100100011111110011001011101111110000001100111000101011011011000011111110000111001011001010011010011100000111000001111100111100100110001011110001101111101
110011111010011000101110001100100011111110011001011101111110000001100111000101011011011000011111110001010001000110011011010011100000111000001111100111100100110001011110001101111101
110011111010011000101110001100100011111110011001011101111101101011101011111101001001100100101110011001001110110001010011010011100000111000001111100111100100110001011110001101111101
110011111010011000101110001100100011111110011001011101111101111100001101101100111001101011000100010110011011011001101000111111011110011000001111100111100100110001011110001101111101
110011111010011000101110001100100011111110011001011101111110000000111101010000010011010001000010011001110010001000010001011101110000111000001111100111100100110001011110001101111101
110011111010011000101110001100100011111110011001011101111100011111001111000011001010000101110000000111010101010010011001011000011011100001110010101001100100110001011110001101111101
110011111010011000101110001100100011111110011001011101111101101010110001101000000001101101110100100111111100011100101101010100001000101000001111100111100100110001011110001101111101
110011111010011000101110001100100011111110011001011101111101111111011110100100001111000010000010001011101101000101101100000010011100000000001111100111100100110001011110001101111101
110011111010011000101110001100100011111110011001011101111110010100001000001001010101110111101001011100111111011100110111010011100000111000001111100111100100110001011110001101111101
110011111010011000101110001100100011111110011001011101111101101110110111111011101111000000101011100000001000010110011001011000011011100001110010101001100100110001011110001101111101
110011111010011000101110001100100011111110011001011101111101111100001101101100111001101011000100010110011011010010101000101010111100001000001111100111100100110001011110001101111101
110011111010011000101110001100100011111110011001011101111110000000111101010000010011010001000101001111100101010111000101110110111100001000001111100111100100110001011110001101111101
110011111010011000101110001100100011111110011001011101110111001110010010111011101110111010000110101011111010011011011101010100001000101000001111100111100100110001011110001101111101
110011111010011000101110001100100011111110011001011101111101111111011110100100001111000010000010001011101101000000111101010000111011111111100011101101110100101111110111111101111101
110011111010011000101110001100100011111110011001011101111101111111011110100100001111000010000010001011101101000000111101010000111011111101001111111110110011000100100000111000011111
110011111010011000101110001100100011111110011001011101111110111111100110010011010010111001101101010111000101111000001101010111101011010111100110110110000010100000101110001101111101
110011111010011000101110001100100011111110011001011101111101111100001101101100111001101011000100010111100100011110111110101011011100101011001001011110110011000100100000111000011111
