110110101001100011000001100110010111110000010111111000100100010100101001100110001101010111001011111010111110101000100110011000010100010010010111111101111111111100011100110100111100
110110101001100011000001100110010111110000010111111101111101100101101001100110001101010111001011111010111110101000100110011000010100010010010111111101111111111100011100110100111100
110110101000110101000111110000010111110000010111111000100100010100101001100110001101010111001011111010111110101000100110011000010100010010010111111101111111111100011100110100111100
110110101000110101000111110000010111110000010111111101111101100101101001100110001101010111001011111010111110101000100110011000010100010010010111111101111111111100011100110100111100
110110101001100011000001100110010111110000010111111000100100010100101001100110001101010111001011111010111110100000100110011000010100010010010111111101111111111100011100110100111100
110110101001100011000001100110010111110000010111111000100101000011101001100110001101010111001011111010111110101000100110011000010100010010010111111101111111111100011100110100111100
110110101001100011000001100110010111110000010111111101111101100101101001111001111011000111001011111010111110101000100110011000010100010010010111111101111111111100011100110100111100
100011001011111011000001100110010111110000010111111000100100010100101001100110001101010111001011111010111110101000100110011000010100010010010111111101111111111100011100110100111100
110110101001100011000001100110010111110000010111111101111100110010101001100110001101010111001011111010111110101000100110011000010100010010010111111101111111111100011100110100111100
110110101001100011000001100110010111110000010111111101111101100101101001100110001101010111001011111010111110100000100110011000010100010010010111111101111111111100011100110100111100
110110101001100011000001100110010111110000010111111000100100011000101001100110001101010111001011111010111110101000100110011000010100010010010111111101111111111100011100110100111100
100011001011111011000001100110010111110000010111111101111101100101101001100110001101010111001011111010111110101000100110011000010100010010010111111101111111111100011100110100111100
110110101001100011000001100110010111110000010111111000100100010100101001100110001101010111001011111010111100001100010110011000010100010010010111111101111111111100011100110100111100
110110101001100011000001100110010111110000010111111000100101000011100101100110001101010111001011111010111110101000100110011000010100010010010111111101111111111100011100110100111100
110110101001100011000001100110010111110000010111101111100001010000000010010000101010111111001011111010111110101000100110011000010100010010010111111101111111111100011100110100111100
110110101001100011000001100110010111110000010111000110101111001100101001100110001101010111001011111010111110101000100110011000010100010010010111111101111111111100011100110100111100
110010001000000011000001100110010111110000010111111000100100010100101001100110001101010111001011111010111110101000100110011000010100010010010111111101111111111100011100110100111100
110110101001100011000001100110010111110000010111111000100100010100101001100110001101010111001011111011101000100000100110011000010100010010010111111101111111111100011100110100111100
101100010111101110100111110100011100111010011001111011011110110101001001100110001101010111001011111010111110101000100110011000010100010010010111111101111111111100011100110100111100
110110101001100011000001100110010111110000010111111000100100010100101001100110001101010111001011111010111110101000100110011000010100010010010111111101111111111100011100110100100010
001000101100000111100010011001111011110000010111111000100100010100101001100110001101010111001011111010111110101000100110011000010100010010010111111101111111111100011100110100111100
110110101001100011000001100110010111110000010111111101111101100101101001101111010100111111001011111010111110101000100110011000010100010010010111111101111111111100011100110100111100
110010001000000011000001100110010111110000010111111101111101100101101001100110001101010111001011111010111110101000100110011000010100010010010111111101111111111100011100110100111100
110110101001100011000001100110010111110000010111111101111101100101101001100110001101010111001011111010111100001100010110011000010100010010010111111101111111111100011100110100111100
110110101001100011000001100110010111110000010101000010000001011111001001100110001101010111001011111010111110101000100110011000010100010010010111111101111111111100011100110100111100
001000100101011010001101100100011100111010011001111011011110110101001001100110001101010111001011111010111110101000100110011000010100010010010111111101111111111100011100110100111100
110110101001100011000001110011000101011001010111111000100100010100101001100110001101010111001011111010111110101000100110011000010100010010010111111101111111111100011100110100111100
110110101001100011000001100110010111111111110100110011110111101010101001100110001101010111001011111010111110101000100110011000010100010010010111111101111111111100011100110100111100
110110101001100011000001100110010111110000010111111000100100010100101001100110001101010111001011111010111110101100010110011000010100010010010111111101111111111100011100110100111100
110010001001001000010010111110010111110000010111111000100100010100101001100110001101010111001011111010111110101000100110011000010100010010010111111101111111111100011100110100111100
001000101100000111100010011001111011110000010111111101111101100101101001100110001101010111001011111010111110101000100110011000010100010010010111111101111111111100011100110100111100
001100001100101100110111010101101110011101111000111101000010100000001001100110001101010111001011111010111110101000100110011000010100010010010111111101111111111100011100110100111100
