001001011000001110000100111001100001001111111010111100011100101011000011100011010010001011000001000010001000100011001101111001011101001001010110100001111001110001110000111010101101
001001011000001110000100111001100001001111111010111100011100101011000011100011010010001011000001000010001000100011001101111001011101001001010110100001111001110001110010010110111110
001001011000001110000100111001100001001111111010111100011100101011000011100011010010001011000001000010001000100011001101111001011101001001010110100001111000111001010111111110100110
011100111010100111111101011001111100001111111010111100011100101011000011100011010010001011000001000010001000100011001101111001011101001001010110100001111001110001110000111010101101
011100011000001110000100111001100001001111111010111100011100101011000011100011010010001011000001000010001000100011001101111001011101001001010110100001111001110001110000111010101101
001110000011100001011010000111010011001111111010111100011100101011000011100011010010001011000001000010001000100011001101111001011101001001010110100001111001110001110000111010101101
001001010001001000100011100111001110001111111010111100011100101011000011100011010010001011000001000010001000100011001101111001011101001001010110100001111001110001110000111010101101
011100111011000101110000110101110001101111111010111100011100101011000011100011010010001011000001000010001000100011001101111001011101001001010110100001111001110001110000111010101101
001001011000001110000100111001100001000011111010111100011100101011000011100011010010001011000001000010001000100011001101111001011101001001010110100001111001110001110000111010101101
001001011000001110000100111001100001001111001111110001110100001011000011100011010010001011000001000010001000100011001101111001011101001001010110100001111001110001110000111010101101
011011111000001110000100111001100001001111111010111100011100101011000011100011010010001011000001000010001000100011001101111001011101001001010110100001111001110001110000111010101101
001001011000001110000100110011010000001111111010111100011100101011000011100011010010001011000001000010001000100011001101111001011101001001010110100001111001110001110000111010101101
011100111010010011111001010101111010001111111010111100011100101011000011100011010010001011000001000010001000100011001101111001011101001001010110100001111001110001110000111010101101
001110000011100001011010000111010011101111111010111100011100101011000011100011010010001011000001000010001000100011001101111001011101001001010110100001111001110001110000111010101101
001001011111011100000000010000001000001111111010111100011100101011000011100011010010001011000001000010001000100011001101111001011101001001010110100001111001110001110000111010101101
011011100011011011101100010101011110001111111010111100011100101011000011100011010010001011000001000010001000100011001101111001011101001001010110100001111001110001110000111010101101
011011100011011011101100010101011110101111111010111100011100101011000011100011010010001011000001000010001000100011001101111001011101001001010110100001111001110001110000111010101101
001001011001110100010010001110001111101111111010111100011100101011000011100011010010001011000001000010001000100011001101111001011101001001010110100001111001110001110000111010101101
001001011000001110000100111001100001001111011001011000011100101011000011100011010010001011000001000010001000100011001101111001011101001001010110100001111001110001110000111010101101
011100111011000101110000110101110001001111111010111100011100101011000011100011010010001011000001000010001000100011001101111001011101001001010110100001111001110001110000111010101101
001001011001110100010010001110001110001111111010111100011100101011000011100011010010001011000001000010001000100011001101111001011101001001010110100001111001110001110000111010101101
001001011000001110000100111001011111001111111010111100011100101011000011100011010010001011000001000010001000100011001101111001011101001001010110100001111001110001110000111010101101
001001111010001011100001110000000011001111111010111100011100101011000011100011010010001011000001000010001000100011001101111001011101001001010110100001111001110001110000111010101101
011100111011000101110000110101110001100001100100101100011100101011000011100011010010001011000001000010001000100011001101111001011101001001010110100001111001110001110000111010101101
011100110011000010010100001101011100001111111010111100011100101011000011100011010010001011000001000010001000100011001101111001011101001001010110100001111001110001110000111010101101
001001011000001110000100111001100001101111111010111100011100101011000011100011010010001011000001000010001000100011001101111001011101001001010110100001111001110001110000111010101101
011100111010010011111000000001011010001111111010111100011100101011000011100011010010001011000001000010001000100011001101111001011101001001010110100001111001110001110000111010101101
001110001001110001011010100101100011101111111010111100011100101011000011100011010010001011000001000010001000100011001101111001011101001001010110100001111001110001110000111010101101
011100111010100111111101011001111100101011110011010100100000001010100111000100011111010101001010010010111100111100001001000101110010000110001010001001010011101110110000001100000111
001001011000001110000100111001100001111111111010111100011100101011000011100011010010001011000001000010001000100011001101111001011101001001010110100001111001110001110000111010101101
111011110110110011110000111000110110001111111010111100011100101011000011100011010010001011000001000010001000100011001101111001011101001001010110100001111001110001110000111010101101
011011010001101111111011000100010010001111111010111100011100101011000011100011010010001011000001000010001000100011001101111001011101001001010110100001111001110001110000111010101101
