001000011010010110101111000101001100100011011010010100100010010001100001011000010110101011100010000111101111111000101000010001100111000110010011011010011100100011010000100100100110
001000011010010110101111000101001100100011011010010100100010010001100001011000010110101011100010000111101111000000001000010001100111000110010011011010011100100011010000100100100110
001000011010010110101111000101001100100011011010010100100010010001100001011000010110101011100010000111101111000001011000010001100111000110010011011010011100100011010000100100100110
001000011010010110101111000101001100100011011010010100100010010001100001011000010110101011100010000111101111111010101000010001100111000110010011011010011100100011010000100100100110
001000011010010110101111000101001100100011011010010100100010010001100001011000010110101011100010000111101111011010101000010001100111000110010011011010011100100011010000100100100110
001000011010010110101111000101001100100011011010010100100010010001100001011000010110101011100010000111101111000001000000010001100111000110010011011010011100100011010000100100100110
001000011010010110101111000101001100100011011010010100100010010001100001011000010110101011100010000111101111000000000101011100110001001110010011011010011100100011010000100100100110
001000011010010110101111000101001100100011011010010100100010010001100001011000010110101011100010000111101111111010110101011100110001001110010011011010011100100011010000100100100110
001000011010010110101111000101001100100011011010010100100011010111100011111011100011000110111000101101000000001011011101011100110001001110010011011010011100100011010000100100100110
001000011010010110101111000101001100100011011010010100100010010001100001011000010110101011100010000111101111111111101000010001100111000110010011011010011100100011010000100100100110
001000011010010110101111000101001100100011011010010100100010010001100001011000010110101011100010000111101111000010110101011100110001001110010011011010011100100011010000100100100110
001000011010010110101111000101001100100011011010010100100010010001100001011000010110101011100010000111101111000100101000010001100111000110010011011010011100100011010000100100100110
001000011010010110101111000101001100100011011010010100100010010001100001011000010110101011100010000111110001111111101000010001100111000110010011011010011100100011010000100100100110
001000011010010110101111000101001100100011011010010100100010010001100001011000010110101011100010000111101101101101011000010001100111000110010011011010011100100011010000100100100110
001000011010010110101111000101001100100011011010010100100010010001100001011000010110101011100010000111101111111011011001110110000111000110010011011010011100100011010000100100100110
001000011010010110101111000101001100100011011010010100100010010001100001011000010110101011100010000111101111000101011000010001100111000110010011011010011100100011010000100100100110
001000011010010110101111000101001100100011011010010100100010010001100001011000010110101011100010000111101111111110111000010001100111000110010011011010011100100011010000100100100110
001000011010010110101111000101001100100011011010010100100010010001100001011000010110101011100010000111101111000101001000010001100111000110010011011010011100100011010000100100100110
001000011010010110101111000101001100100011011010010100100000000101000110011001101010011000111100010010100010000100110000010001100111000110010011011010011100100011010000100100100110
001000011010010110101111000101001100100011011010010100100010010001100001011000010110101011100010000111101111100101000101011100110001001110010011011010011100100011010000100100100110
001000011010010110101111000101001100100011011010010100101100101111110101101111101010011000111100010010100010000100110000010001100111000110010011011010011100100011010000100100100110
001000011010010110101111000101001100100011011010010100100010010001100001011000010110100001001001001101011101011101011000010001100111000110010011011010011100100011010000100100100110
001000011010010110101111000101001100100011011010010100100010010001100001011000010110101011100010000111101111100000001000010001100111000110010011011010011100100011010000100100100110
001000011010010110101111000101001100100011011010010100100010010001100001011000010110101011100010000111101111011010110101011100110001001110010011011010011100100011010000100100100110
001000011010010110101111000101001100100011011010010100100010010001100001011000010110101011100010000111101111111110110101011100110001001110010011011010011100100011010000100100100110
001000011010010110101111000101001100100011011010010100100010010001100001011000010110101011100010000111101100011010101000010001100111000110010011011010011100100011010000100100100110
001000011010010110101111000101001100100011011010010100100010010001100001011000010110101011100010000111101111111110101000010001100111000110010011011010011100100011010000100100100110
001000011010010110101111000101001100100011011010010100100010010001100001011000010110101011100010000111101111111001110100010001100111000110010011011010011100100011010000100100100110
001000011010010110101111000101001100100011011010010100100010010001100001011000010110101011100010000111101111000101000101011100110001001110010011011010011100100011010000100100100110
001000011010010110101111000101001100100011011010010100100010010001100001011000010110101011100010000111101111000010111101011000110101100100110111111011111010111110111111001001100110
001000011010010110101111000101001100100011011010010100100010010001100001011000010110101011100010000111101111000001110010100111010111100001100001011010011100100011010000100100100110
001000011010010110101111000101001100100011011010010100100010010001100001011000010110101011100010000111101111111000101000010001100111000110010011011010011100100011010010001000110101
