100101000011010101110100101101100111100111101011011000011010100011001001001010011001000010111010010100100110100010110111011110001110000010001101011011111111001111101111100110101010
100101000011010101110100101101100111100111101011011101001000111001010111110000011100100001011110101111100110100010110111011110001110000010001101011011111111001111101111100110101010
100101000011010101110100101101100111100111101011011000010000010010000111110000011100100001011110101111100110100010110111011110001110000010001101011011111111001111101111100110101010
100101000011010101110100101101100111100111101011011000011010100011001001010110101100100001011110101111100110100010110111011110001110000010001101011011111111001111101111100110101010
100101000011010101110100101101100111100111101011011000011010100011001010100001010011100001011110101111100110100010110111011110001110000010001101011011111111001111101111100110101010
100101000011010101110100101101100111100111101011011000011010011100010111110000011100100001011110101111100110100010110111011110001110000010001101011011111111001111101111100110101010
100101000011010101110100101101100111100111101011011000010000010010000100000101100001110001011110101111100110100010110111011110001110000010001101011011111111001111101111100110101010
100101000011010101110100101101100111100111101011011000011010110110101011010001100110001010100100100100100101000100011000101000100010010001100110001011000111010101100100111100110010
100101000011010101110100101101100111100111101011011100111010110110101011010001100110001010100100100100100101000100011000101000100010010001100110001011000111010101100100111100110010
100101000011010101110100101101100111100111101011011000010000010010000101010001100110001010100100100100100101000100011000101000100010010001100110001011000111010101100100111100110010
100101000011010101110100101101100111100111101011011101001000110101010111110000011100100001011110101111100110100010110111011110001110000010001101011011111111001111101111100110101010
100101000011010101110100101101100111100111101011011101001000110100000101110001000110001010100100100100100101000100011000101000100010010001100110001011000111010101100100111100110010
100101000011010101110100101101100111100111101011011001111101011110001111110000011100100001011110101111100110100010110111011110001110000010001101011011111111001111101111100110101010
100101000011010101110100101101100111100111101011011101000010001000011011110001000110001010100100100100100101000100011000101000100010010001100110001011000111010101100100111100110010
100101000011010101110100101101100111100111101011011101000010000010010000111001110101100001011110101111100110100010110111011110001110000010001101011011111111001111101111100110101010
100101000011010101110100101101100111100111101011011001111101100001011110110001001011100001011110101111100110100010110111011110001110000010001101011011111111001111101111100110101010
100101000011010101110100101101100111100111101011011000010000001101101100000101100001110001011110101111100110100010110111011110001110000010001101011011111111001111101111100110101010
100101000011010101110100101101100111100111101011011000010000010010000101010110101100100001011110101111100110100010110111011110001110000010001101011011111111001111101111100110101010
100101000011010101110100101101100111100111101011011000011010100011001010110001001011100001011110101111100110100010110111011110001110000010001101011011111111001111101111100110101010
100101000011010101110100101101100111100111101011011000011010100011001010110100100001001000001111101000011100011100011000101000100010010001100110001011000111010101100100111100110010
100101000011010101110100101101100111100111101011011000010100001011110111110000011100100001011110101111100110100010110111011110001110000010001101011011111111001111101111100110101010
100101000011010101110100101101100111100111101011011000011010100011001011100000101111110101000101100111011100011100011000101000100010010001100110001011000111010101100100111100110010
100101000011010101110100101101100111100111101011011001111101011110000111110000011100100001011110101111100110100010110111011110001110000010001101011011111111001111101111100110101010
100101000011010101110100101101100111100111101011011000011001000110010111110000011100100001011110101111100110100010110111011110001110000010001101011011111111001111101111100110101010
100101000011010101110100101101100111100111101011011000010000010010000110110001001011100001011110101111100110100010110111011110001110000010001101011011111111001111101111100110101010
100101000011010101110100101101100111100111101001110000101001111110101011010001100110001010100100100100100101000100011000101000100010010001100110001011000111010101100100111100110010
100101000011010101110100101101100111100111101011011000011010110111110111110000011100100001011110101111100110100010110111011110001110000010001101011011111111001111101111100110101010
100101000011010101110100101101100111100111101011011101000010000101111100010010011100100001011110101111100110100010110111011110001110000010001101011011111111001111101111100110101010
100101000011010101110100101101100111100111101011011101001000111001011110110001001011100001011110101111100110100010110111011110001110000010001101011011111111001111101111100110101010
100101000011010101110100101101100111100111101011011000011010100011001010110001000110001010100100100100100101000100011000101000100010010001100110001011000111010101100100111100110010
100101000011010101110100101101100111100111101011011100111010110111110111110000011100100001011110101111100110100010110111011110001110000010001101011011111111001111101111100110101010
100101000011010101110100101101100111100111101011011101000010001000011011100001011111100000101100111100000011010111000010110000010111001110010001110010000001001001101101100010101010
