011110010111101111100010001000001001101100101001111111100101111010110111000101110000000010110000001111101011011010101110000000001101011110011110000001101101011001100101001100001100
011110010111101111100010001000001001101100101001111111100101111010110111000101110000000010110011111011000011100110101100000101110101111010111011111100101100110111110010000110101000
011110010111101111100010001000001001101100101001111111100101111010110111000101110000000010111001001100000000000110101110110010010001100011001011011001010101011001100101001100001100
011110010111101111100010001000001001101100101001111111100101111010110111000101110000000010100110011000000101010111101011101011011010010001000110010111101000000101010101001100001100
011110010111101111100010001000001001101100101001111111100101111010110111000101110000000010100010110010110111111101001010110111010010001010000000111011101101011001100101001100001100
011110010111101111100010001000001001101100101001111111100101111010110111000101110000000010110000001111101011011010101110000000001100111100011100100010000011010011101011110111001000
011110010111101111100010001000001001101100101001111111100101111010110111000101110000000010100010100111101111000000010010111010111101011101111110010110011011111001000011001100001100
011110010111101111100010001000001001101100101001111111100101111010110111000101110000000010100110011000000101010111101011111001000111001110010001101100111110001100110000100000000000
011110010111101111100010001000001001101100101001111111100101111010110011011100000000100111011011011001000110000000011011101011011010010001000110010111101000000101010101001100001100
011110010111101111100010001000001001101100101001111111100101111010110111000101110000000010110000001111101011011010101110000000001100111100011100100010000011010011111100011101110100
011110010111101111100010001000001001101100101001111111100101111010110111000101110000000010110011001100000000000110101110110010010001100011001011011001010101011001100101001100001100
011110010111101111100010001000001001101100101001111111100101111010110111000101110000000010110001110111111011110100010000110111100001110101111101001111011101100100010101001100001100
011110010111101111100010001000001001101100101001111111100101111010110111000101110000000010111000011010101101011100011011011001000111001110010001101100111110001100110000100000000000
011110010111101111100010001000001001101100101001111111100101111010110111000101110000000010101100101100111000110101111001100100110110101011100010100010100011110110001100011101110100
011110010111101111100010001000001001101100101001111111100101111010110110111110111000110110011110001110010011100111001010110111010010001010000000111011101101011001100101001100001100
011110010111101111100010001000001001101100101001111111100101111010110111000111011100010001101100111100011100100111001110000000001101011110011110000001101101011001100101001100001100
011110010111101111100010001000001001101100101001111111100101111010110111000101110000000010100010010000110010011011111101011001110011010110110111010101001101011001100101001100001100
011110010111101111100010001000001001101100101001111111100101111010110111000101110000000010100010110010110111111101001010110001111101111100100011010101001101011001100101001100001100
011110010111101111100010001000001001101100101001111111100101111010110111000101110000000010111001001100000000000110101110110010010001100011001011011001010101011010011101111110101000
011110010111101111100010001000001001101100101001111111100101111010110111000101110000000010111001001100000000000110101110110010010001100011001011011001010101011010011100011101110100
011110010111101111100010001000001001101100101001111111100101111010110110111110111000110110011110001110010011100111000000000110011110001110010001000001101101011001100101001100001100
011110010111101111100010001000001001101100101001111111100101111010110111000101110000000010110000001111101011011010101110000000001100111100011100100010000011010010111101111110101000
011110010111101111100010001000001001101100101001111111100101111010110111000101110000000010100100011110001100011111101001100100110110101011100010100010100011110110001100011101110100
011110010111101111100010001000001001101100101001111111100101111010110111000101110000000010110111101001110100111100100000001110101101101100110010110010001111001111110101001100001100
011110010111101111100010001000001001101100101001111111100101111010110111000101110000000010111001001100000000000110101110110010010001100011001011011001010101011010011100011101000111
011110010111101111100010001000001001101100101001111111100101111010110111000101110000000010110000001110101000001101011110010010010001100011001011011001010101011001100101001100001100
011110010111101111100010001000001001101100101001111111100101111010110111000101110000000010111001001100000000000110101110110010010001100011001011011001010101011010011100011000001000
011110010111101111100010001000001001101100101001111111100101111010110111000101110000000010110001110111111011110100010000110111100001110101111101001111011101100101100101001100001100
011110010111101111100010001000001001101100101001111111100101111010110111000101110000000010110011001100000000000110101110110010010001100011001011011001010101011010011101111110101000
011110010111101111100010001000001001101100101001111111100101111010110111000101110000000010110000001111101011011010101110000000001100111100011100101000110010011111111001010101001110
011110010111101111100010001000001001101100101001111111100101111010110111000101110000000010110011001100000000000110101110110010010001100011001011011001010101011010011100011101110100
011110010111101111100010001000001001101100101001111111100101111010110111000101110000000010100010011110001100011111101001100100110110101011100010100010100011110110001100011101110100
