001000101110001100010110010101110111111010101000000101000010101110001111110010011111101001010011111100110110010010001100100100101100101110000111101001000111101100101100111011010010
001000101110001100010110010101110111111010101000000101000010101110001111110010011111101001010011111100110110010010001100100100101100101110000111101001000111101100101100111111100010
001000101110001100010110011111000110110110101000000101000010101110001111110010011111101001010011111100110110010010001100100100101100101110000111101001000111101100101100111011010010
001000101110001100010110010101110111111010101000000101000010101110001111110010011111101001010011111100110110010010001100100100101100101110000111101001000111101100101110010110010010
001000101110001100010110010101110111111010101000000101000010101110001111110010011111101001010011111100110100001111111100100100101100101110000111101001000111101100101100111011010010
001000101110001100010110010101110111111010101000000101000010101110001111110010011111101001010011111100110110010010001100100100101100101110000111101001000111101100101100111010101010
001000101110001100010110010101110111111010101000000101000010101110001111110010011111101001010011111100110110010010001100100100101100101110000111101001010010001110110100111011010010
001000101110001100010110010101110111111010101000000101000010101110001111110010011111101001010011111100110110010010001100100100100110000110110011101010010111101101010001010110010010
001000101110001100010110010101110111111010101000000101000010101110001111110010011111101001010011111101010110010010001100100100101100101110000111101001000111101100101100111011010010
001000101110001100010110010101110111111010101000000101000010101110001111110010011111101001010011111100110110010010001100100100101100101110000111101001000111101101010001010110010010
001000101110001100010110010101110111111010101000000101000010101110001111110010011111101001010011111100110110010010001100100100101100101110000111101001000111101100101100000111010010
001000101110001100010110010101110111111010101000000101000010101110001111110010011111101001010011111100110100111110001100100100101100101110000111101001000111101100101100111011010010
001000101110001100010110010101110111111010101000000101000010101110001111110010011111101001010100111100110110010010001100100100101100101110000111101001000111101100101100111011010010
001000101110001100010110010101110111111010101000000101000010101110001111110010011111101001010011111100110110010010001100100100101100101110000111101001000111101100101110010111000001
001000101110001100010110010101110111111010101000000101000010101110001111110010011111101001010011111100110110010010001100100100101100101110000111101001000111101100101100111100000010
001000101110001100010110010101110111111010101000000101000010101110001111110010011111101001010011111100110110101100001100100100101100101110000111101001000111101100101100111011010010
001000101110001100010110010101110111110101111010000101000010101110001111110010011111101001010011111100110110010010001100100100101100101110000111101001000111101100101100111011010010
001000101110001100010110010101110111111010101000000101000010101110001111110010011111101001010011111100110110010010001100100100101100101110000111101001000111101111000001111011010010
001000101110001100010110010101110111111010101000000101000010101110001111110010011111101001010011011100110110010010001100100100101100101110000111101001000111101100101100111011010010
001000101110001100010110010101110111111010101000000101000010101110001111110010011111101001010011111100110110010010001100100100101100101110000111101001010010001110110100111111100010
001000101110001100010110010101110111111010101000000101000010101110001111110010011111101001010011111100110110010010001100100100101100101110000111101001000111101100101100111010011110
110001111010001011010110010101110111111010101000000101000010101110001111110010011111101001010011111100110110010010001100100100101100101110000111101001000111101100101100111011010010
001000101110001100010110010101110111111010101000000101000010101110001111110010011111101001010011111100110110010111010100100100101100101110000111101001000111101100101100111011010010
001000101110001100010110010101110111111010101000000101000010101110001111110010011111101011110011111100110110010010001100100100101100101110000111101001000111101100101100111011010010
001000101110001100010110010101110111111010101000000101000010101110001111110010011111101001010011110111111110010010001100100100101100101110000111101001000111101100101100111011010010
001000101110001100010110010101110111111010101000000101000010101110001111110010011111101001010011111100110110010010001100110001001110110110000111101001000111101100101100111011010010
001000101110001100010110010101110111111010101000000101000010101110001111110010011111101001010011111100110110010010001100100100101100101110011110101011011111111110100110111111100010
001000101110001100010110010101110111111010101000000101000010101110001111110010011111101001010011111100110100001000101100100100101100101110000111101001000111101100101100111011010010
001000101110001100010110010101110111111010101000000101000010101110001111110010011111101001010011111100110110101110001100100100101100101110000111101001000111101100101100111011010010
001000101110001100100111110111010111111010101000000101000010101110001111110010011111101001010011111100110110010010001100100100101100101110000111101001000111101100101100111011010010
001000101110001100010110010101110111111010101000000101000010101110001111110010011111101001010011010100111100010010001100100100101100101110000111101001000111101100101100111011010010
011101001100010100010110010101110111111010101000000101000010101110001111110010011111101001010011111100110110010010001100100100101100101110000111101001000111101100101100111011010010
