110110011111100001111110011011010001010110000011001011010110111110011101110110101010111010010001110011111100111110011011101000001100100110001000110001101101111110100101101010100100
110110011111100001111110011011010001010110000011001011010110111110011101110110101010111010010001010000101010111110011011101000001100100110001000110001101101111110100101101010100100
110110011111100001111110011011010001010110000011001011010110111110011101110110101010111010010001110010101010111110011011101000001100100110001000110001101101111110100101101010100100
110110011111100001111110011011010001010110000011001011010110111110011101110110101010111010010001110011111110111110011011101000001100100110001000110001101101111110100101101010100100
110110011111100001111110011011010001010110000011001011010110111110011101110110101010111010010001110011111100111110011011101000001100100110001000110001101101011110100101101010100100
110110011111100001111110011011010001010110000011001011010110111110011101110110101010111010010001110011111100111011001000001010001100100110001000110001101101111110100101101010100100
110110011111100001111110011011010001010110000011001011010110111110011101110110101111100010110111110011111100111110011011101000001100100110001000110001101101111110100101101010100100
110110011111100001111110011011010001010110000011001011010110111110011101110110101010111010010001011000100110111110011011101000001100100110001000110001101101111110100101101010100100
110110011111100001111110011011010001010110000011001011010110111110011101110110101010111010010001011011000000111110011011101000001100100110001000110001101101111110100101101010100100
110110011111100001111110011011010001010110000011001011010110111110011101110110101101011111100001110011111100111110011011101000001100100110001000110001101101111110100101101010100100
110110011111100001111110011011010001010110000011001011010110111110011101110110101010111010010001111011101110111110011011101000001100100110001000110001101101111110100101101010100100
110110011111100001111110011011010001010110000011001011010110111110011101110110101010111010010001110011111100110111111011101000001100100110001000110001101101111110100101101010100100
110110011111100001111110011011010001010110000011001011010110111110011101110110101010111010010001110011100010001101111010100011001100100110001000110001101101111110100101101010100100
110110011110110111110110011011010001010110000011001011010110111110011101110110101010111010010001110011111100111110011011101000001100100110001000110001101101111110100101101010100100
110110011111100001111110011011010001010110000011001011010110111110011101110110101010111010010001110010110100111110011011101000001100100110001000110001101101111110100101101010100100
110110011111100001111110011011010001010110000011001011010110111110011101110110101010111010010001010001111100111110011011101000001100100110001000110001101101111110100101101010100100
110110011111100001111110011011010001010110000011001011010110111110011101110110101010111010010001110011111100111110010000011000001100100110001000110001101101111110100101101010100100
100011111111100001111110011011010001010110000011001011010110111110011101110110101010111010010001110011111100111110011011101000001100100110001000110001101101111110100101101010100100
110110011111100001111110011011010001010110000011001011010110111110011101110110101010111010010001110010111100111110011011101000001100100110001000110001101101111110100101101010100100
110110011111100001111110011011010001010110000011001011010110111110011101110110101010111010010110110100101010111110011011101000001100100110001000110001101101111110100101101010100100
110110011111100001111110011011010001010110000011001011010110111110011101110110101010111010010000101001101001110110011011101000001100100110001000110001101101111110100101101010100100
110110011111100001111110011011010001010110000011001011010110111110011101110110101010111010010001110011100010111110011011101000001100100110001000110001101101111110100101101010100100
110110011111100001111110011011010001010110000011001011010110111110011101110110101010111010010110101101000110111110011011101000001100100110001000110001101101111110100101101010100100
110110011111100001111110011011010001010110000011001011010110111110011101110110101010111010010001110011111100111011000011001110001100100110001000110001101101111110100101101010100100
110110011111100001111110011011010001010110000011001011010110111110011101110110101010111010010000101000100001001010011011101000001100100110001000110001101101111110100101101010100100
110110011111100001110101000000000011111010000011001011010110111110011101110110101010111010010001110011111100111110011011101000001100100110001000110001101101111110100101101010100100
001110011111100001111110011011010001010110000011001011010110111110011101110110101010111010010001110011111100111110011011101000001100100110001000110001101101111110100101101010100100
110110011111100001111110011011010001010110000011001011010110111110011101110110101010111010010001110011111100111110011011101000001100100110001000110001101101010101100001011010100100
110110011111100001111110011011010001010110000011001011010110111110011101110110101010111010010001011000111000001110011011101000001100100110001000110001101101111110100101101010100100
110110011111100001111110011011010001010110000011001011010110111110011101110110101010111010010001110011111100111110011011101000001100100110001000110001101101111110100111000110110111
110110011111100001111110011011010001010110000011001011010110111110011101110110101010111010010001100000101010111110011011101000001100100110001000110001101101111110100101101010100100
101100111111100001111110011011010001010110000011001011010110111110011101110110101010111010010001110011111100111110011011101000001100100110001000110001101101111110100101101010100100
