100011010101100011111110011010100010111101011001110111011011100101000101111100101101000000000110010110001111110010110011000010010111010111001011011000001000000000101011110101010111
110110110111111011101110011010100010111101011001110111011011100101000101111100101101000000000110010110001111110010110011000010010111010111001011011000001000000000101011110101010111
100011010101100011101100111011111101111101011001110111011011100101000101111100101101000000000110010110001111110010110011000010010111010111001011011000001000000000101011110101010111
110101011111000000100000010000101101111101011001110111011011100101000101111100101101000000000110010110001111110010110011000010010111010111001011011000001000000000101011110101010111
100011010101100011101110011010100010111101011001110111011011100101000101111100101101000000000110010110001111110010110011000010010111010111001011011000001000000000101011110101010111
110110110111111011100000111111100101011101011001110111011011100101000101111100101101000000000110010110001111110010110011000010010111010111001011011000001000000000101011110101010111
110101011111000000100010000001111101111101011001110111011011100101000101111100101101000000000110010110001111110010110011000010010111010111001011011000001000000000101011110101010111
110110110111101100111110011010100010111101011001110111011011100101000101111100101101000000000110010110001111110010110011000010010111010111001011011000001000000000101011110101010111
100011010101100011101100111001010010111101011001110111011011100101000101111100101101000000000110010110001111110010110011000010010111010111001011011000001000000000101011110101010111
100011010101100011101100010000101101111101011001110111011011100101000101111100101101000000000110010110001111110010110011000010010111010111001011011000001000000000101011110101010111
110110110111111011100001001000001011111101011001110111011011100101000101111100101101000000000110010110001111110010110011000010010111010111001011011000001000000000101011110101010111
100011010100110101100101101111011101111101011001110111011011100101000101111100101101000000000110010110001111110010110011000010010111010111001011011000001000000000101011110101010111
110001111111101100111110011010100010111101011001110111011011100101000101111100101101000000000110010110001111110010110011000010010111010111001011011000001000000000101011110101010111
110101011111000000100010011010100010111101011001110111011011100101000101111100101101000000000110010110001111110010110011000010010111010111001011011000001000000000101011110101010111
100011010110000110111110011010100010111101011001110111011011100101000101111100101101000000000110010110001111110010110011000010010111010111001011011000001000000000101011110101010111
100011010101100001010010011010100010111101011001110111011011100101000101111100101101000000000110010110001111110010110011000010010111010111001011011000001000000000101011110101010111
110110110111111011100010110011011101111101011001110111011011100101000101111100101101000000000110010110001111110010110011000010010111010111001011011000001000000000101011110101010111
110110110111111010100111100000111110000110000101110111011011100101000101111100101101000000000110010110001111110010110011000010010111010111001011011000001000000000101011110101010111
100011010101100011101100001011110010111101011001110111011011100101000101111100101101000000000110010110001111110010110011000010010111010111001011011000001000000000101011110101010111
100110011110000111001110011010100010111101011001110111011011100101000101111100101101000000000110010110001111110010110011000010010111010111001011011000001000000000101011110101010111
110010010110000110111110011010100010111101011001110111011011100101000101111100101101000000000110010110001111110010110011000010010111010111001011011000001000000000101011110101010111
110001101100001100110000010000101101111101011001110111011011100101000101111100101101000000000110010110001111110010110011000010010111010111001011011000001000000000101011110101010111
100100001100010100111100111011111101111101011001110111011011100101000101111100101101000000000110010110001111110010110011000010010111010111001011011000001000000000101011110101010111
100011010101100011100010110011011101111101011001110111011011100101000101111100101101000000000110010110001111110010110011000010010111010111001011011000001000000000101011110101010111
110110110111111011100011111001111000100001101011010111011011100101000101111100101101000000000110010110001111110010110011000010010111010111001011011000001000000000101011110101010111
110110110111111011111110011010100010111101011001110111011011100101000101111100101101000000000110010110001111110010110011000010010111010111001011011000001000000000101011110101010111
100011010101100011101011001100101101111101011001110111011011100101000101111100101101000000000110010110001111110010110011000010010111010111001011011000001000000000101011110101010111
100100001100010100111110111011111101111101011001110111011011100101000101111100101101000000000110010110001111110010110011000010010111010111001011011000001000000000101011110101010111
100011010101100011010111001100101101111101011001110111011011100101000101111100101101000000000110010110001111110010110011000010010111010111001011011000001000000000101011110101010111
100100001100010100111110011010100010111101011001110111011011100101000101111100101101000000000110010110001111110010110011000010010111010111001011011000001000000000101011110101010111
110101011111000000100010110011011101111101011001110111011011100101000101111100101101000000000110010110001111110010110011000010010111010111001011011000001000000000101011110101010111
110110110111111011101100010000101101111101011001110111011011100101000101111100101101000000000110010110001111110010110011000010010111010111001011011000001000000000101011110101010111
