000011000101011010101111101100010001011111100000110111110001100111001101100010110001100110011111001001011000110010110010011111010001001100110000100000001001110011010100010001001101
000011000101011010101111101100000011101101010011010001010100100000100111000110110001100110011111001001011000110010110010011111010001001100110000100000001001110011010100010001001101
000011000101011010101111101100010001011111100000110111110001100111110011001111010111010101111001010110100111001000101000101010110001111100110000100000001001110011010100010001001101
011110001000111111011101100100011011010010010011010001010100100000100111000110110001100110011111001001011000110010110010011111010001001100110000100000001001110011010100010001001101
000011000101011010101111101100000011101101010010011011011010001000011001001011000100011011000000100100000000010100100100111010000011001110100010100000001001110011010100010001001101
000011000101011010101111101100010001011111100010011011011010001000011001001011000100011011000000100100000000010100100100111010000011001110100010100000001001110011010100010001001101
000011000101011010101111101100000011101101001101101101000100001100100101100010110001100110011111001001011000110010110010011111010001001100110000100000001001110011010100010001001101
000011000101011010101111101100000011101101001110001011011000001101101101100010110001100110011111001001011000110010110010011111010001001100110000100000001001110011010100010001001101
000011000101011010101111101100000011101101001110010001011000001101101101100010110001100110011111001001011000110010110010011111010001001100110000100000001001110011010100010001001101
000011000101011010101111101100000011101101010010011011011010001000011001001011000100011011000000100100000000010110110010011111010001001100110000100000001001110011010100010001001101
000011000101011010101111101100010001011111100000110111110001100111110011001111010111010101111001010110100111110010110010011111010001001100110000100000001001110011010100010001001101
000011000101011010101111101100010001011111100010011011011010001000011001001011000100011011000000100100000000010110110010011111010001001100110000100000001001110011010100010001001101
000011000101011010101111101100000011101101010011110000110000001101101101100010110001100110011111001001011000110010110010011111010001001100110000100000001001110011010100010001001101
000011000101011010101111101100000011101101001111000001101111100011001111100110011110101110101011110010101101001110010001010001010101100011111100111001111111101000110100010001001101
000011000101011010101111101100010001011111100110111110101111110110011010111000111010100110011111001001011000110010110010011111010001001100110000100000001001110011010100010001001101
000011000101011010101111101100000011101101001110001011011000011000000101000011010011101110010000111101000100010110110010011111010001001100110000100000001001110011010100010001001101
000011000101011010101111101100000011101101001111000001101111100011001111100110011110101110101011110010101101001110010001010001010101100011111101001101001011101011011001110000011101
000011000101011010101111101100010001011111100011010001010100100000100111000110110001100110011111001001011000110010110010011111010001001100110000100000001001110011010100010001001101
000011000101011010101111101100000011101101010010011011011010001000011001001011000100011011000000100100000010110000011010011110011001110011010110100000001001110011010100010001001101
000011000101011010101111101100000011101101010011010001010100100000101101100010110001100110011111001001011000110010110010011111010001001100110000100000001001110011010100010001001101
011100001111000101111011001111001011101110001110001011011000001101101101100010110001100110011111001001011000110010110010011111010001001100110000100000001001110011010100010001001101
011100001111000101111011001111001011101110001001100000011000001101101101100010110001100110011111001001011000110010110010011111010001001100110000100000001001110011010100010001001101
000011000101011010101111101100010001011111100011110110011000001101101101100010110001100110011111001001011000110010110010011111010001001100110000100000001001110011010100010001001101
000011000101011010101111101111101000010011010010011011011010001000011001001011000100011011000000100100000000010100100100111010000011001110100010100000001001110011010100010001001101
000011000101011010101111101100000011101101001111000001101111100011001111100110011110101110101011110010101101001111101000011111001010010010010100011000001001110011010100010001001101
000011000101011010101111101100010001011111100011010001101101110011011001001011000100011011000000100100000000010100100100111010000011001110100010100000001001110011010100010001001101
000011000101011010101111101100000011101101001111000001101111100011001111100110011110101110101011110010101101001110010001010001010101100011111101001111000111010011010100010001001101
000011000101011010101111101100010001011111111010011011011010001000011001001011000100011011000000100100000000010100100100111010000011001110100010100000001001110011010100010001001101
000011000101011010101111101100010001011110110011010001010100100000100111000110110001100110011111001001011000110010110010011111010001001100110000100000001001110011010100010001001101
000011000101011010101111101100010001011111100010011011011010001000011001001011000100011011000000100100000010110000011010011110011001110011010110100000001001110011010100010001001101
000011000101011010101111101100000011101101001110011011011010001000011001001011000100011011000000100100000000010100100100111010000011001110100010100000001001110011010100010001001101
011110001000111111011101100100011011010010010011110000110000001101101101100010110001100110011111001001011000110010110010011111010001001100110000100000001001110011010100010001001101
