101110000110110111000101110111101010101111010100011100011111110101111110000011101111000101010100111101001010101000011001110100111000110110011100001110111111100011001110000110101110
101110000110110111000101110111101010101111010100011100011111110101111110000011101111000101010100010111011110101000011001110100111000110110011100001110111111100011001110000110101110
101110000110110111000101110111101010101111010100011100011111110101111110000011101111000101010100010101110110101000011001110100111000110110011100001110111111100011001110000110101110
101110000110110111000101110111101010101111010100011100011111110101111110000011101111000101000001011100101100100000001111101111101100110110011100001110111111100011001110000110101110
101110000110110111000101110111101010101111010100011100011111110101111110000011101111000101010100111111100110101000011001110100111000110110011100001110111111100011001110000110101110
101110000110110111000101110111101010101111010100011100011111110101111110000011101111000101010100111101011111000100010101110010010110001011101000001110111111100011001110000110101110
101110000110110111000101110111101010101111010100011100011111110101111110000011101111000101010100111101011110101000011001110100111000110110011100001110111111100011001110000110101110
101110000110110111000101110111101010101111010100011100011111110101111110000011101111000101010100111110110010111011010010110000111000110110011100001110111111100011001110000110101110
101110000110110111000101110111101010101111010100011100011111110101111110000011101110101101110000011110011001000110111001110100111000110110011100001110111111100011001110000110101110
101110000110110111000101110111101010101111010100011100011111110101111110000011101111000101000001011101111010101000011001110100111000110110011100001110111111100011001110000110101110
101110000110110111000101110111101010101111010100011100011111110101111110000011101111000101000001110111101110101000011001110100111000110110011100001110111111100011001110000110101110
101110000110110111000101110111101010101111010100011100011111110101111110000011101111000101010100111110101001000110111001110100111000110110011100001110111111100011001110000110101110
101110000110110111000101110111101010101111010100011100011111110101111110000011101111000101010100111100011100100000001111101111101100110110011100001110111111100011001110000110101110
101110000110110111000101110111101010101111010100011100011111110101111110000011101110101101110111100000001110101000011001110100111000110110011100001110111111100011001110000110101110
101110000110110111000101110111101010101111010100011100011111110101111110000011101111000101010100111110110100101000011001110100111000110110011100001110111111100011001110000110101110
101110000110110111000101110111101010101111010100011100011111110101111110000011101111000101010100111110110100101101111111110000111000110110011100001110111111100011001110000110101110
101110000110110111000101110111101010101111010100011100011111110101111110000011101110101101110111100010100110111011010010110000111000110110011100001110111111100011001110000110101110
101110000110110111000101110111101010101111010100011100011111110101111110000011101111000101010100011011100110111011010010110000111000110110011100001110111111100011001110000110101110
101110000110110111000101110111101010101111010100011100011111110101111110000011101111000101000001110100000010111011010010110000111000110110011100001110111111100011001110000110101110
101110000110110111000101110111101010101111010100011100011111110101111110000011101111000101000001011100101100100101010010110000111000110110011100001110111111100011001110000110101110
101110000110110111000101110111101010101111010100011100011111110101111110000011101111000101010100011001001110101000011001110100111000110110011100001110111111100011001110000110101110
101110000110110111000101110111101010101111010100011100011111110101111110000011101111000101010100111111100010100000001111101111101100110110011100001110111111100011001110000110101110
101110000110110111000101110111101010101111010100011100011111110101111110000011101111000101010100110110100011110111110100111001101111001100011100001110111111100011001110000110101110
101110000110110111000101110111101010101111010100011100011111110101111110000011101111000101000001011111010010111011010010110000111000110110011100001110111111100011001110000110101110
101110000110110111000101110111101010101111010100011100011111110101111110000011101111000101010100111110110100101000100111010110111000110110011100001110111111100011001110000110101110
101110000110110111000101110111101010101111010100011100011111110101111110000011101111000101010100010110011011001110101111101111101100110110011100001110111111100011001110000110101110
101110000110110111000101110111101010101111010100011100011111110101111110000011101110101101111100100101101100100101010010110000111000110110011100001110111111100011001110000110101110
101110000110110111000101110111101010101111010100011100011111110101111110000011101110101101110111100010110010111011010010110000111000110110011100001110111111100011001110000110101110
101110000110110111000101110111101010101111010100011100011111110101111110000011101110101101110111001010011010111011010010110000111000110110011100001110111111100011001110000110101110
101110000110110111000101110111101010101111010100011100011111110101111110000011101110101101110111001001111001000110111001110100111000110110011100001110111111100011001110000110101110
101110000110110111000101110111101010101111010100011100011111110101111111010101100110100101101010010111011110101000011001110100111000110110011100001110111111100011001110000110101110
101110000110110111000101110111101010101111010100011100011111110101111110000011101110101101110111000001110011110111110100111001101111001100011100001110111111100011001110000110101110
