010100101011011101110010000101111100110011101011110000001000010110000000010100010111110100110101101111100010110111110110100101111111101111110111100101100010011110011011010110111001
010100101011011101110010000101111100110011101011110000001000010110000001011111111010001001011110111001001111101101000011001110101001000010101101010101010010011110011011010110111001
010100101011011101110010000101111100110011101011110000001000010110000000001011010000001010100101001010001010111000010110001101101000110100011011110101010010011110011011010110111001
010100101011011101110010000101111100110011101011110000001000010110000000010110111001000100100110011000101011101001110101110000110001100111100101010101010010011110011011010110111001
010100101011011101110010000101111100110011101011110000001000010110000000010100010111110101111001011110110000000110111001111011001110011110110001110101010010011110011011010110111001
010100101011011101110010000101111100110011101011110000001000010110000000001011010000001010001000100101011011111101011110010001000100011010001001010101010010011110011011010110111001
010100101011011101110010000101111100110011101011110000001000010110000000010100010111110101000101011001010110010011001010101010101001101001011011110101010010011110011011010110111001
010100101011011101110010000101111100110011101011110000001011110101100001001111011011000100100110011000101011101001110101110000110001100111100101010101010010011110011011010110111001
010100101011011101110010000101111100110011101011110000000010100111001100001000000001000100000101010111110010101100100110010101010101010011010111100101100010011110011011010110111001
010100101011011101110010000101111100110011101011110000000010100111001100001000000001000100000101010111110010101100100110010101010101010011010010110101010010011110011011010110111001
010100101011011101110010000101111100110011101011110000000010100111001100001000000001000100000101010111110010101100100110010101010101010011010111101101100010011110011011010110111001
010100101011011101110010000101111100110011101011110000000010100111001100001000000001000100000101010111110010101100100110010101010101001011110010111101100010011110011011010110111001
010100101011011101110010000101111100110011101011110000000010100111001100001000000001000100000101010111110010101100100110010101010101010011010010111101100010011110011011010110111001
010100101011011101110010000101111100110011101011110000000110000011111101110010100000111100110101101111100010110111110110100101111111101111110111100101100010011110011011010110111001
010100101011011101110010000101111100110011101011110000000010100111001100001000000001000100000101010111110010101100100110010101010101010011010010110111100000011110011011010110111001
010100101011011101110010000101111100110011101011110000000010100111001100001000000001000100000101010111110010101100100110010011001001000010101101010101010010011110011011010110111001
010100101011011101110010000101111100110011101011110000000010100111001100001000000001000100000101010111110010101100100110010011001001011010001001110101010010011110011011010110111001
010100101011011101110010000101111100110011101011110000001011110101100001001111011011000100100110011000101011101001110101110000110011000010110110111110110010011110011011010110111001
010100101011011101110010000101111100110011101011110000001011110101100001001111011011000100100110011000101011101001110101110000110011000010110010111110110010011110011011010110111001
010100101011011101110010000101111100110011101011110000001011110101100001010000011110011010110111110001011011111011010010111111110111111011110001110101010010011110011011010110111001
010100101011011101110010000101111100110011101011110000001011110101100001001111011011000100100110011000101011101001110101110000110011000000011011110101010010011110011011010110111001
010100101011011101110010000101111100110011101011110000001011110101100001001111011011000100100110011000101011101001110101110000110011000010110111100101100010011110011011010110111001
010100101011011101110010000101111100110011101011110000001011110101100001001111011011000100100110011000101011101001110101110000110001100111100010110101010010011110011011010110111001
010100101011011101110010000101111100110011101100011101111111101111001001110010100000111100110101101111100010110111110110100101111111101111110111100101100010011110011011010110111001
010100101011011101110010000101111100100011101110110001101100101000000100100001110100111001011110111001001111101101000011001110101001000010101101010101010010011110011011010110111001
010100101011011101110010000101111100110011101100011101111111101111001001110010100000111100110101101111100010111000000100011001011100111100011000111110110010011110011011010110111001
010100101011011101110010000101111100100011101110110001101100101000000100100001110100111001011110111001001111100010110001110010001010010001000011110101010010011110011011010110111001
010100101011011101110010000101111100100011101110110001101100101000000100100001110100111001011110111001001111100010110001110010001010000111100001010101010010011110011011010110111001
010100101011011101110010000101111100100011101110110001101100101000000100100001110100111001011110111001001111100010110001110010001010010001000010001101010010011110011011010110111001
010100101011001000010001111010010001110101111111001111011111101111001001110010100000111100110101101111100010110111110110100101111111101111110111100101100010011110011011010110111001
010100001010111011100001010001100000101111001010001101010101111011111010101101001100010101111110001001001011010100010101110001111000000101010011110101010010011110011011010110111001
010100101011011101110010000101111100110011101100011101111111101111001001110010100000111100110101101111100010110111110110100101111111101111110111101101100010011110011011010110111001
