100000110010000000011001011001100001101001100110100001010101101000011110011111100101001100100000010001110111010101010010101000111000100110010001101101111101001111111001000110001011
100000110010000000011001011001100001101001100110100001010101101000011110011111100101001100100000010001110111010101010010101000111000100110010001101101111101001111111001000110000000
100000110010000000011001011001100001101001100110100001010101101000011110011111100101001100100000010001110111010101010010101000111000100110010001101101111101001111111001000100111100
110110011110000000011001011001100001101001100110100001010101101000011110011111100101001100100000010001110111010101010010101000111000100110010001101101111101001111111001000110001011
100000110010000000011001011001100001101001100110100001010101101000011110011111100101001100100000010001110111010101010010101000111000100110010001101101111101001111111001000110001110
100000110010000000011001011001100001101001100110100001010101101000011110011111100101001100100000010001110111010101010010101000111000100110010001101101111101001111111001000110000110
100000110010000000011001011001100001101001100110100001010101101000011110011111100101001100100000010001110111010101010010101000111000100110010001101101111101001111111001000110010011
100000110010000000011001011001100001101001100110100001010101101000011110011111100101001100100000010001110111010101010010101000111000100110010001101101111101001111111001000111110011
100000110010000000011001011001100001101001100110100001010101101000011110011111100101001100100000010001110111010101010010101000111000100110010001101101111101001111111011101010011000
100000110010000000011001011001100001101001100110100001010101101000011110011111100101001100100000010001110111010101010010101000111000100110010001101101111101001111111001000110010000
100000110010000000011001011001100001101001100110100001010101101000011110011111100101001100100000010001110111010101010010101000111000100110010001101101111101001111111001000110001111
100000110010000000011001011001100001101001100110100001010101101000011110011111100101001100100000010001110111010101010010101000111000100110010001101101111101001111111001000001001000
100000110010000000011001011001100001101001100110100001010101101000011110011111100101001100100000010001110111010101010010101000111000100110010001101101111101001111111011101000101111
100000110010000000011001011001100001101001100110100001010101101000011110011111100101001100100000010001110111010101010010101000111000100110010001101101111101001110101111001111101011
100000110010000000011001011001100001101001100110100001010101101000011110011111100101001100100000010001110111010101010010101000111000100110010001101101111101001111111011101010000000
100000110010000000011001011001100001101001100110100001010101101000011110011111100101001100100000010001110111010101010010101000111000100110010001101101111101001111111001000111111110
110000110010000000011001011001100001101001100110100001010101101000011110011111100101001100100000010001110111010101010010101000111000100110010001101101111101001111111001000110001011
100000110010000000011001011001100001101001100110100001010101101000011110011111100101001100100000010001110111010101010010101000111000100110010001101101111101001111111001000110000111
100000110010000000011001011001100001101001100110100001010101101000011110011111100101001100100000010001110111010101010010101000111000100110010001101101111101001111111001111100101111
001011100100101101000011101100001010111111001011111011100000000011001000110010111111111001001011000111011010001111100111000011101110001011001011011000010110011001010100011100111100
100000110010000000011001011001100001101001100110100001010101101000011110011111100101001100100000010001110111010101010010101000111000100110010001101101111101001111111001000001000000
100000110010000000011001011001100001101001100110100001010101101000011110011111100101001100100000010001110111010101010010101000111000100110010001101101111101001111111001000111001001
100000110010000000011001011001100001101001100110100001010101101000011110011111100101001100100000010001110111010101010010101000111000100110010001101101111101001111111001000110001001
100000110010000000011001011001100001101001100110100001010101101000011110011111100101001100100000010001110111010101010010101000111000100110010001101101111101001111111001001011010000
100000110010000000011001011001100001101001100110100001010101101000011110011111100101001100100000010001110111010101010010101000111000100110010001101101111101001111111001000110001000
100000110010000000011001011001100001101001100110100001010101101000110101011011010101001100100000010001110111010101010010101000111000100110010001101101111101001111111001000110001011
100000110010000000011001011001100001101001100110100001010101101000011110011111100101001100100000010001110111010101010010101000111000100110010001101101111101001111111001000111110110
100000110010000000011001011001100001101001100110100001010101101000011110011111100101001100100000010001110111010101010010101000111000100110010001101101111101001111111001111100000000
100000110010000000011001011001100001101001100110100001010101101000011110011111100101001100100000010001110111010101010010101000111000100110010001101101111101011111110011000100000000
100000110010000000011001011001100001101001100110100001010101101000011110011111100101001100100000010001110111010101010010101000111000100110010001101101111101001111111000110110001011
100000110010000000011001011001100001101001100110100001010101101000011110011111100101001100100000010001110111010101010010101000111000100110010001101101111101001111111001000110000011
110101010000011000011001011001100001101001100110100001010101101000011110011111100101001100100000010001110111010101010010101000111000100110010001101101111101001111111001000110001011
