000110100011111011001100101110101000100111000100001101001001100110011111011010101011101100010000110011001100001010101111011110110010100010000111100010010101011001010001001100100100
000110100011111011001100101110101000100111000100001101001001100110011111011010101011101100010000110011001100001010101111011110110010100010000111100010010101011001010011100000110100
000110100011111011001100101110101000100111011010101111010110011101000010100111100011010101100000000001000010011110110111011110110010100010000111100010010101011001010001001100100100
000110100011111011001100101110101000100111000100001101001001100110011111011010101011101100010000110011011111011110110111011110110010100010000111100010010101011001010001001100100100
000110100011111011001100101110101000100111000100001101001001100110011111011010101011101100010000110011001100001010110111011110110010100010000111100010010101011001010001001100100100
000110100011111011001100101110101000100111000100001101001001100110010001100110001110101010011101011100000010011110110111011110110010100010000111100010010101011001010001001100100100
000110100011111011001100101110101000100111011010101111010110011101001100110000001011010001001001011100000010011110110111011110110010100010000111100010010101011001010001001100100100
000110100011111011001100101110101000100111011010101111010110011101000010100111100011010101100000000001000010011110110111011110110010100010000111100010010101011001010011100000110100
000110100011111011001100101110101000100111000100001101001001100110011111011010101011101100000011010011011111011110110111011110110010100010000111100010010101011001010001001100100100
000110100011111011001100101110101000100111000100001101001001100110011111011010101011101100010000110011000010011110110111011110110010100010000111100010010101011001010001001100100100
000110100011111011001100101110101000100111000100001101001001100110010011011100000010001111011000110101101000011110110111011110110010100010000111100010010101011001010001001100100100
000110100011111011001100101110101000100111000100001101001001100110011111011010101011101100010000110011001100001010101000110000110010100010000111100010010101011001010001001100100100
000110100011111011001100101110101000100111000100001101001001100110001110000011010101110100001110111100000010011110110111011110110010100010000111100010010101011001010001001100100100
000110100011111011001100101110101000100111000100001101001001110011010100101000100110100010101101101100000010011110110111011110110010100010000111100010010101011001010001001100100100
000110100011111011001100101110101000100110010010000100101001101100111001001111111011010001001001011100000010011110110111011110110010100010000111100010010101011001010001001100100100
000110100011111011001100101110101000100111011010101111010110011101000010110101111100010110001111011100000010011110110111011110110010100010000111100010010101011001010001001100100100
000110100011111011001100101110101000100111000100001101001001100110010000111001010101110100001110111100000010011110110111011110110010100010000111100010010101011001010001001100100100
000110100011111011001100101110101000100111000100001101001001100110110111001011001001110100010110100101001001101110110111011110110010100010000111100010010101011001010001001100100100
000110100011111011001100101110101000100111000100001101001001101100111001001111111011010001001001011100000010011110110111011110110010100010000111100010010101011001010001001100100100
000110100011111011001100101110101000100111000100001101001001100110101010011010100101010001001001011100000010011110110111011110110010100010000111100010010101011001010001001100100100
000110100011111011001100101110101000100111000100001101001001100110010011000011000011111110001111011100000010011110110111011110110010100010000111100010010101011001010001001100100100
000110100011111011001100101110101000100111000100001000010001000000011101010111001011010001001001011100000010011110110111011110110010100010000111100010010101011001010001001100100100
000110100011111011001100101110101000100111000100001101001001100011010100101000100110100010101101101100000010011110110111011110110010100010000111100010010101011001010001001100100100
000110100011111011001100101110101000100111000100001101001001100110011101110011110001110001001001011100000010011110110111011110110010100010000111100010010101011001010001001100100100
000110100011111011001100101110101000100111000100001101001001100110110110001111011111010101100000000001000010011110110111011110110010100010000111100010010101011001010001001100100100
000110100011111011001100101110101000100111000100001101001001100110011111011010001111101001001001011100000010011110110111011110110010100010000111100010010101011001010001001100100100
000110100011111011001100101110101000100111000100001101001001100110011110110011100011010101100000000001000010011110110111011110110010100010000111100010010101011001010001001100100100
000110100011111011001100101110101000100111000100001101001001100110110110110000100110100010101101101100000010011110110111011110110010100010000111100010010101011001010001001100100100
000110100011111011001100101110101000100111000100001101001001100110011111011010101011101100010000110011001100001010101111011110110010100010000111100010010101011001010001001100100111
000110100011111011001100101110101000100111000100001101001001100110011111011010101011101100010000110011001100001010101111011110110010100010000111100010010101011001010011100000110111
000110100011111011001100101110101000100111000100001101001001100110011111011010101011101100010000110011001100001010101101000011001000011100110111000010100101000111011001101000100010
000110100011111011001100101110101000100111000100001101001001100110011111011010101011101100010000110011011111011110110111011110110010100010000111100010010101011001010011100000110100
