100001010110101010100110000010011110100100001100111111111010111110010101110001011100000001001000100110011000110001001101010010101100101010001101100000000101010011000110111100010001
100001010110101010100110000010011110100100001100111111111010111110010101110001011100000001011101000100000000001101001101010010101100101010001101100000000101010011000110111100010001
100001010110101010100110000010011110100100001100111111111010111110010101110001011100000001001000100110011000110001001101010010101100101010001101100000000101010011000110111011100100
100001010110101010100110000010011110100100001100111111111010111110010101110001011100000001001000001101011100110001001101010010101100101010001101100000000101010011000110111100010001
100001010110101010100110000010011110100100001100111111111010111110010101110001011100000001001000100110000101101011111000111001111010000111010111010101101110000101101011100110100100
100001010110101010100110000010011110100100001100111111111010111110010101110001011100000001001100111001101000110001001101010010101100101010001101100000000101010011000110111100010001
100001010110101010100110000010011110100100001100111111111010111110010101110001011100000001011101000100000000110001001101010010101100101010001101100000000101010011000110111100010001
100001010110101010100110000010000010000010100001100101001111010101000011011100000110110100100011110000101000110001001101010010101100101010001101100000000101010011000110111100010001
100001010110101010100110000010011110001110101001001111111010111110010101110001011100000001001000100110011000110001001101010010101100101010001101100000000101010011000110111100010001
100001010110101010100110000010011110100100001100111111111010111110010101110001011100000001001001010000101000110001001101010010101100101010001101100000000101010011000110111100010001
100001010110101010100110000010011111110010100001100101001111010101000011011100000110110100100011110000101000110001001101010010101100101010001101100000000101010011000110111100010001
100001010110101010100110000010011110100100001100111111111010111110010101110001011100000001011101000100000000001101001101010010101100101010001101100000000101010011000110111011100100
100001010110101010100110000010011110100100001100111111111010111110010111100111111010101011100001011000001000110001001101010010101100101010001101100000000101010011000110111100010001
100001010110101010100011010110111110100100001100111111111010111110010101110001011100000001001000100110011000110001001101010010101100101010001101100000000101010011000110111100010001
100001010110101010100110000010011110100100001100111111111010111110010101110001011100000001001000001101011100110001001101010010101100101010001101100000000101010011000110111011100100
100110010001010001010001000011010101110010100001100101001111010101000011011100000110110100100011110000101000110001001101010010101100101010001101100000000101010011000110111100010001
100001010110101010100110001110011111110010100001100101001111010101000011011100000110110100100011110000101000110001001101010010101100101010001101100000000101010011000110111100010001
100001010110101010100110000010011110100100001100111111111010111110010101110001011101110101001110110000101000110001001101010010101100101010001101100000000101010011000110111100010001
100110010001010001010001000011010110100100001100111111111010111110010101110001011100000001001000100110011000110001001101010010101100101010001101100000000101010011000110111100010001
100001010110101010100110000010011110100100001100111111111010111110010101110001011100000001001000011001000001111111000010001100100001100001001011001010000101010011000110111100010001
100001010110101010100110000010011110100100001100111111111010111110010101110001011100000001001000101000111000110001001101010010101100101010001101100000000101010011000110111100010001
100001010110101010100110000010011110100100001100111111111010111110010101110001011100001011111110110000101000110001001101010010101100101010001101100000000101010011000110111100010001
100001010110101010100110000010011110100100001100111111111010111110010101110001011100000001001100111001101000110001001101010010101100101010001101100000000101010011000110111011100100
100001010110101010100110000010011110100100001100111111111010111110010100000011111010101011100001011000001000110001001101010010101100101010001101100000000101010011000110111100010001
100001010110101010100110000010011110000100001100111111111010111110010101110001011100000001001000100110011000110001001101010010101100101010001101100000000101010011000110111100010001
100001010110101010100110000010011110100100001100111111111010111110010101110001011100000001011101000100000000110001001101010010101100101010001101100000000101010011000110111011100100
100001010110101010100110000010011110100100001100111111111010111110010101110001011100000001001000100110011000110001001101010010101100101010001101100000000101010011000100111011100100
100001010110101010100110000010011110100100001100111111111010111110010101110001011100000001001000100110011000100001111100100010101100101010001101100000000101010011000110111100010001
100001010110101010100110000010011110100100001100111111111010111110010100000011111110001011011110111000011100110001001101010010101100101010001101100000000101010011000110111100010001
100110010001010001010001000011010010110010100001100101001111010101000011011100000110110100100011110000101000110001001101010010101100101010001101100000000101010011000110111100010001
100001010110101010100110000010011110001111001000001111111010111110010101110001011100000001001000100110011000110001001101010010101100101010001101100000000101010011000110111100010001
100001010110101010100110000010011110100100001100111111111010111110010101110001011100001011111100001001110000110001001101010010101100101010001101100000000101010011000110111100010001
