100011000111101001110011010110111110000000010110011010011000000100000010111010000110111110101101111101111101110010010101000101100001111000101001011000111011011110100011011110011001
100011101001011101110011010110111110000000010110011010011000000100000010111010000110111110101101111101111101110010010101000101100001111000101001011000111011011110100011011110011001
100011000111101000110110000110111110000000010110011010011000000100000010111010000110111110101101111101111101110010010101000101100001111000101001011000111011011110100011011110011001
100011000111101001110011010110111110000000010110011010011000000100000010111010000110111101011101101110001101100000100101000101100001111000101001011000111011011110100011011110011001
100011000111101001110011010110111110000000010110011010011000000100000010111010000110111110101101111101111101000001111000111001001110111110010010110010011001111101111100110010011001
100011101001011101110011010110111110000000010110011010011000000100000010111010000110111101011101101110001101100000100101000101100001111000101001011000111011011110100011011110011001
100011000111101000110110000110111110000000010110011010011000000100000010111010000110111101011101101110001101100000100101000101100001111000101001011000111011011110100011011110011001
100011101001011101110011010110111110000000010110011010011000000100000010111010000110111110101101111101111101000001111000111001001110111110010010110010011001111101111100110010011001
100011000111101001100011110011010101010110111011000000101101101111010100010111011100001011000100011101010100101100011101101011001100110100101001011000111011011110100011011110011001
100011000111101011001100110011010101010110111011000000101101101111010100010111011100001011000100011101010100101100011101101011001100110100101001011000111011011110100011011110011001
100011000111101001100101100111110101010110111011000000101101101111010100010111011100001011000100011101010100101100011101101011001100110100101001011000111011011110100011011110011001
100011000111101001011001000110111110000000010110011010011000000100000010111010000110111110101101111101111101110010010101000101100001111000101001011000111011011110100011011110011001
100011000111101011001100100110111110000000010110011010011000000100000010111010000110111110101101111101111101110010010101000101100001111000101001011000111011011110100011011110011001
100011000111101001110011010110111110000000010110011010011000000100000010111010000110111110101111001011111001110110101000000000011010011011001001011000111011011110100011011110011001
100011000111101000110110000110111110000000010110011010011000000100000010111010000110111110101101111101111101000001111000111001001110111110010010110010011001111101111100110010011001
100011000111101001110011010110111110000000010110011010011000000100000010111010000110111110101111001011111001110110101000000000011010011011001100001000000010001010001011011110011001
100011101001011101110011010110111110000000010110011010011000000100000010111010000110111110101111001011111001110110101000000000011010011011001100001000000010001010001011011110011001
100011000111101000110110000110111110000000010110011010011000000100000010111010000110111110101111001011111001110110101000000000011010011011001100001000000010001010001011011110011001
100011000111101001110011010110111110000000010110011010011000000100000010111010000110111110101111001011111001110110101000000000011010011001001110011011100110110101010011011110011001
100011000111101001011001000110111110000000010110011010011000000100000010111010000110111101011101101110001101100000100101000101100001111000101001011000111011011110100011011110011001
100011000111101011001100100110111110000000010110011010011000000100000010111010000110111101011101101110001101100000100101000101100001111000101001011000111011011110100011011110011001
100011101001011101110011010110111110000000010110011010011000000100000010111010000110111110101111001011111001110110101000000000011010011011001001011000111011011110100011011110011001
100011000111101001011001000110111110000000010110011010011000000100000010111010000110111110101101111101111101000001111000111001001110111110010010110010011001111101111100110010011001
100011000111101001110011010110101011101111011011011110001100001100111010100101010010110110010100100111101000111010011100011100010101010011010001101011011001101100111100011110011001
100011000111101001110011010110111110000000010110011010011000000100000010111010000110111110101111001011111001110110101000000000011010011011001100001001100000111000111101000010111110
100011000111101011001100100110111110000000010110011010011000000100000010111010000110111110101101111101111101000001111000111001001110111110010010110010011001111101111100110010011001
100011000111101001110011010110111110000000010110011010011000000100000010111010000110111101011101100100010010001011000011000100101000101101100100001001100000111000111101000010111110
100011101001011101110011010110101011101111011011011110001100001100111010100101010010110110010100100111101000111010011100011100010101010011010001101011011001101100111100011110011001
100011101001011101110011010110111110000000010110011010011000000100000010111010000110111110101111001011111001110110101000000000011010011001001110011011100110110101010011011110011001
100011101001011101110011010110111110000000010110011010011000000100000010111010000110111110101111001011111001110110101000000000011010011011001100001001100000111000111101000010111110
100011101001011101110011010110111110000000010110011010011000000100000010111010000110111101011101100100010010001011000011000100101000101101100100001001100000111000111101000010111110
100011000111101000110110000110111110000000010110011010011000000100000010111010000110111110101111001011111001110110101000000000011010011011001100001001100000111000111101000010111110
