110110010101101000001110100110101000001000010100000011000101101110001001010011101011101010000000100001000111001010110110110001001101001011101101101100000000100010010110100001110000
110110010101101000001110100110101000001000010100000011000101101110001001010011101011101010000000100001000111001010110110110001001100011111000010011110010010100101010111011101110000
110110010101101000001110100110101000001000010100000011000101101110001001010011101011101010000000100001000111001010110110110001001101011101000011110011011000101001010100110001110000
110110010101101000001110100110101000001000010100000011000101101110001001010011101011101010000000100001000111001010110110100100101110000001110010011110010010100101010111011101110000
110110010101101000001110100110101000001000010100000011000101101110001001010011101011101010000000100001000111001010110110110001001100001110010101001111010010001010100111010101110000
110110010101101000001110100110101000001000010100000011000101101110001001010011101011101010000000100001000111001010110110110001001101101010111010000111100110110001010010101001100011
110110010101101000001110100110101000001000010100000011000101101110001001010011101011101010000000100001000111001010110110110001001101011111000010011110010010100101010111011101110000
110110010101101000001110100110101000001000010100000011000101101110001001010011101011101010000000100001000111001010101000110101000111101110010101001111010010001010100111010101110000
110110010101101000001110100110101000001000010100000011000101101110001001010011101011101010000000100001000111001010110110110001001100011010010111011011011000000001000100101101000000
110110010101101000001110100110101000001000010100000011000101101110001001010011101011101010000000100001000111001010110110100100101110011010010111011011011000000001000100101101000000
110110010101101000001110100110101000001000010100000011000101101110001001010011101011101010000000100001000111001010110110110111001011001110010101001111010010001010100111010101110000
110110010101101000001110100110101000001000010100000011000101101110001001010011101011101010000000100001000111001010101000100100001011101110010101001111010010001010100111010101110000
110110010101101000001110100110101000001000010100000011000101101110001001010011101011101010000000100001000111001010110110110001001101010110010101001111010010001010100111010101110000
110110010101101000001110100110101000001000010100000011000101101110001001010011101011101010000000100001000111001010110110100100101110011111000010011110010010100101010111011101110000
110110010101101000001110100110101000001000010100000011000101101110001001010011101011101010000000100001000111001010110110110000011011011110010101001111010010001010100111010101110000
110110010101101000001110100110101000001000010100000011000101101110001001010011101011101010000000100001000111001010101000100010011001010110010101001111010010001010100111010101110000
110110010101101000001110100110101000001000010100000011000101101110001001010011101011101010000000100001000111001010110110110001001101001011101101101100000000100010010110100001100000
110110010101101000001110100110101000001000010100000011000101101110001001010011101011101010000000100001000111001010101000100000100101110111001101101110110011010111101001110111110110
110110010101101000001110100110101000001000010100000011000101101110001001010011101011101010000000100001000111001010110110110000110000010110010101001111010010001010100111010101110000
110110010101101000001110100110101000001000010100000011000101101110001001010011101011101010000000100001000111001010101000100010011001001110010101001111010010001010100111010101110000
110110010101101000001110100110101000001000010100000011000101101110001001010011101011101010000000100001000111001010110110110000110000101110010101001111010010001010100111010101110000
110110010101101000001110100110101000001000010100000011000101101110001001010011101011101010000000100001000111001010110110110000110001001110010101001111010010001010100111010101110000
110110010101101000001110100110101000001000010100000011000101101110001001010011101011101010000000100001000111001010110110110001001100011111001101101110110011010111101001110111110110
110110010101101000001110100110101000001000010100000011000101101110001001010011101011101010000000100001000111001010101000100100000101011101000011110011011000101001010100110001110000
110110010101101000001110100110101000001000010100000011000101101110001001010011101011101010000000100001000111001010110110110001000011101110010101001111010010001010100111010101110000
110110010101101000001110100110101000001000010100000011000101101110001001010011101011101010000000100001000111001010110110110000110000011111000010011110010010100101010111011101110000
110110010101101000001110100110101000001000010100000011000101101110001001010011101011101010000000100001000111001010101000100000100101101110010101001111010010001010100111010101110000
110110010101101000001110100110101000001000010100000011000101101110001001010011101011101010000000100001000111001010101000100010101001010110010101001111010010001010100111010101110000
110110010101101000001110100110101000001000010100000011000101101110001001010011101011101010000000100001000111001010101001100000100101110111001101101110110011010111101001110111110110
110110010101101000001110100110101000001000010100000011000101101110001001010011101011101010000000100001000111001010101000110111111011001110010101001111010010001010100111010101110000
110110010101101000001110100110101000001000010100000011000101101110001001010011101011101010000000100001000111001010110111100100101110000001110010011110010010100101010111011101110000
110110010101101000001110100110101000110100101000011101110000000101011111111110110001011111101011110111101010010000000011011010011010101110010101001111010010001010100111010101110000
