100111010100100001001001010111001000101111000001011010010111001001110001001110101100100110100001010001100111100111010101111000100100000011100010100001010101110101111100110010111111
100111010100100001001001010111001000101111000001011010010111001001110001001110101100100110100001010001100111100111010101111000100100000011100010100001010101110101111100110010110110
100111010100100001001001010111001000101111000001011010010111001001110000011000101100100110100001010001100111100111010101111000100100000011100010100001010101110101111100110010111111
100111010100001000001010001111001000101111000001011010010111001001110001001110101100100110100001010001100111100111010101111000100100000011100010100001010101110101111100110010111111
100111010100100001001001010111001000101111000001011010010111001001110001001110101100100110100001010001100111100111010101111000100100000011100011101100010001111001110000101100110110
100111010100100001001001010111001000101111000001011010010111001001110001001110101100100110100001010001100111100111010101111000100100000011100110111100101000100011100101100100110110
100111010100100001001001010111001000101111000001011010010111001001110001001110101100100110100001010001100111100111010101111000100100000011100010100001010101110101111100110111110110
100111010100100001001001010111001000101111000001011010010111001001110001011110101100100110100001010001100111100111010101111000100100000011100010100001010101110101111100110010111111
100111010100100001001001010111001000101111000001011010010111001110101001001110101100100110100001010001100111100111010101111000100100000011100010100001010101110101111100110010111111
100111010100100001001001010111001000101111000001011010010111001001110001001110101100100110100001010001100111100111010101111000100100000011100000111111010001111001110000101100110110
100111010100100001001001010111001000101111000001011010010111001001110001001110101100100110100001010001100111110101101111001100110000101111001100101100010001111001110000101100110110
100111010100100001001001010111001000101111000001011010010111000001110001001110101100100110100001010001100111100111010101111000100100000011100010100001010101110101111100110010111111
100111010100100001001001010111001000101111000001011010011111101010110001001110101100100110100001010001100111100111010101111000100100000011100010100001010101110101111100110010111111
100111010100100001001001010111001000101111000001011010010111000011010001011110101100100110100001010001100111100111010101111000100100000011100010100001010101110101111100110010111111
100111010100100001001001010111001000101111000001011010010111001110000011000000101100100110100001010001100111100111010101111000100100000011100010100001010101110101111100110010111111
100111010100100001001001010111001000101111000001011010010111001001110001001110101100100110100001010001100111100111010101111000100100000011100010010111010101101011101000011111110110
110111010100100001001001010111001000101111000001011010010111001001110001001110101100100110100001010001100111100111010101111000100100000011100010100001010101110101111100110010111111
100111010100100001001001010111001000101111000001011010010111001001011101111110101100100110100001010001100111100111010101111000100100000011100010100001010101110101111100110010111111
100111010100100001001001010111001000101111000001011010010111001001110001001110101100100110100001010001100111100111010101111000100100000011100010100001010101110101111100110010111110
100111010100100001001001010111001000101111000001011010010111001001011010001010010100100110100001010001100111100111010101111000100100000011100010100001010101110101111100110010111111
100111010100100001001001010111001000101111000001011010010111001001110001001110101100100110100001010001100111100101010101111000100100000011100010100001010101110101111100110010111111
100111010100100001001001010111001000101111000001011010010111001001011101111101011001010110000000010111011111100111010101111000100100000011100010100001010101110101111100110010111111
100111010100100001001001010111001000101111000001011010010111001001110001001110101100100110100001010001100111100111010101111000100100000011100010111000110001111001110000101100110110
100111010100100001001001010111001000101111000001011010010111001001110001001110101100100110100001010001100111100111010101111000100100000011100010111110010101110101111100110010111111
100111010100100001001001010111001000101111000001011010010111001001110000000110101100100110100001010001100111100111010101111000100100000011100010100001010101110101111100110010111111
100111010100100001001001010111001000101111000001011010010111001001110001001110101100100110100001010001100111100111010101111000100100000011100101111000110001111001110000101100110110
100111010100100001001001010111001000101111000001011010010111001001110001001110101100100110100001010001100111100111010101111000100100000011100110111100000011001101000010110100110110
100111010100100001001001010111001000101111000001011010010111001001010001011110101100100110100001010001100111100111010101111000100100000011100010100001010101110101111100110010111111
100111010100100001001001010111001000101111000001011010010111001001001110101110101100100110100001010001100111100111010101111000100100000011100010100001010101110101111100110010111111
100111010100100001001001010111001000101111000001011010010111001001110001001110101100100110100001010001100111100111010101111000100100000111110001001111100001111001110000101100110110
100111010100100001001001010111001000101111000001011010010111001001011010001010000011101110010101101011000100010010000101111000100100000011100010100001010101110101111100110010111111
100111010100100001001001010111001000101111000001011001110101101101001101001110101100100110100001010001100111100111010101111000100100000011100010100001010101110101111100110010111111
