011011001000100100011101101010001001111001110100110111011110110111111100010110010100110100111011001001101101111101010110100010101010101000110011000010011001111010001110100101101100
011011001000100100011101101010001001111001110100110111011110110111111100010110010100110100111011001001101101111101010110100010101010101000111100100011110001111010001110100101101100
011011001000100100011101101010001001111001110100110111011110110111111100010110010100110100111010110011100000010101111110100011111000001010110111000001010000111010001110100101101100
011011001000100100011101101010001001111001110100110111011110110111111100010110010100110100111011001001101101111101010110100010101010101000111011010001011000111010001110100101101100
011011001000100100011101101010001001111001110100110111011110110111111100010110010100110100111010110011100000010101111110100011111000001000001010001111101110000111111001011001101100
011011001000100100011101101010001001111001110100110111011110110111111100010110010100110100101111011111001001000000101011110111110111011111111001011000110101111010001110100101101100
011011001000100100011101101010001001111001110100110111011110110111111100010110010100110100111010010011111000110101010110100010101010101000110011000010011001111010001110100101101100
011011001000100100011101101010001001111001110100110111011110110111111100010110010100110100111010110011100000010101111110100011111000001101011110010101110000111010001110100101101100
011011001000100100011101101010001001111001110100110111011110110111111100010110010100110100111100010010101001111110111001000001100100100011110000000011110001111010001110100101101100
011011001000100100011101101010001001111001110100110111011110110111111100010110010100110100111010110011100000010101111110100011111000001000110011000010011001111010001110100101101100
011011001000100100011101101010001001111001110100110111011110110111111100010110010100110100111010110011100000010101111110100011111000001111111011100110000100101101001111011111101100
011011001000100100011101101010001001111001110100110111011110110111111100010110010100110100111100010010101001111110111000000100010001111111100100111001001111111100001111011111101100
011011001000100100011101101010001001111001110100110111011110110111111100010110010100110100111100010111100010100110011111101010001101001000101010010101010100101000010010100100000100
011100001000100100011101101010001001111001110100110111011110110111111100010110010100110100111011001001101101111101010110100010101010101000110011000010011001111010001110100101101100
011011001000100100011101101010001001111001110100110111011110110111111100010110010100110100111010110011100000010101111110100011111000001000011010010110111001011111111011110101111100
011011001000100100011101101010001001111001110100110111011110110111111100010110010100110100111100010010101001111110111000000100010001111111111110010101010100101000010010100100000100
011011001000100100011101101010001001111001110100110111011110110111111100010110010100110100111011001001101101111101010110100010101010101000111100101001000000110110001110100101101100
011011001000100100011101101010001001111001110100110111011110110111111100010110010100110100111011001001101101111101010110100010101010101010011111010001011000111010001110100101101100
011011001000100100011101101010001001111001110100110111011110110111111100010110010100110100111010110011100000010101111110100011111000001000001000001001100111100010001110100101101100
011100001000100100011101101010001001111001110100110111011110110111111100010110010100110100111011001001101101111101010110100010101010101000111100100011110001111010001110100101101100
011100001000100100011101101010001001111001110100110111011110110111111100010110010100110100111010110011100000010101111110100011111000001010110111000001010000111010001110100101101100
011100001000100100011101101010001001111001110100110111011110110111111100010110010100110100111011001001101101111101010110100010101010101000111011010001011000111010001110100101101100
011011001000100100011101101010001001111001110100110111011110110001001001010100011011011111111111110111100110000111111100001000000010110110000100100000011011000111111001011001101100
011011001000100101001000111011010100010011110011101001101110111101101111111000101100101001101001110101100111000000101011111101000111110000010101010100111100101000010010100100000100
101000001000100100011101101010001001111001110100110111011110110111111100010110010100110100111011001001101101111101010110100010101010101000110011000010011001111010001110100101101100
011011001000100101001000111011010100010011110011101001101110111101101111111000101100101001101110011110010001101100000100100001100001110011110011000010011001111010001110100101101100
011011001000100100011101101010001001111001110100110111011110110001001001010100011011011111111111110111100110000111111100001000000010110110000100100000011011100010001110100101101100
011011001000100100011101101010001001111001110100110111011110110001001001010100011011011111111111110111100110000111111100001000000010110110100010100101011011100010001110100101101100
011100001000100100011101101010001001111001110100110111011110110111111100010110010100110100111010110011100000010101111110100011111000001000001010001111101110000111111001011001101100
011011001000100101001000111011010100010011110011101001101110111101101111111000101100101001101110011110010001101100000100100001100001110001011110010101110000111010001110100101101100
011100001000100100011101101010001001111001110100110111011110110111111100010110010100110100101111011111001001000000101011110111110111011111111001011000110101111010001110100101101100
011100001000100100011101101010001001111001110100110111011110110111111100010110010100110100111010010011111000110101010110100010101010101000110011000010011001111010001110100101101100
