110011001110000011101111000010110111111111110100110100001111001000011100110011000100000111000110000111100110101000001111101000111101100001100111011101011010000010110110101101111100
110011001110000011101111000010110111111111110100110100000000001101100101000010011101110111000110000111100110101000001111101000111101100001100111011101011010000010110110101101111100
110011001110000001110001011110001111111100010000010000110101001010000101000010011101110111000110000111100110101000001111101000111101100001100111011101011010000010110110101101111100
110011001110000011101111000010110111111111110100110100000101001010000101000010011101110111000110000111100110101000001111101000111101100001100111011101011010000010110110101101111100
110011001110000011101111000010110111111111110100110100001101000110011111000010011101110111000110000111100110101000001111101000111101100001100111011101011010000010110110101101111100
110100011010101000011101100011100000000100100100000001100101001010000101000010011101110111000110000111100110101000001111101000111101100001100111011101011010000010110110101101111100
110011001110000011101111000010110111111111110100110100001101001010000101000010011101110111000110000111100110101000001111101000111101100001100111011101011010000010110110101101111100
110011001110000011101111000010110111111111110100110100001111001111000101000010011101110111000110000111100110101000001111101000111101100001100111011101011010000010110110101101111100
110011001110000011101111000010110111111111110101000010100101001010000101000010011101110111000110000111100110101000001111101000111101100001100111011101011010000010110110101101111100
110011001110000001000010111111000100001111010111111010000101001010000101000010011101110111000110000111100110101000001111101000111101100001100111011101011010000010110110101101111100
110011001110000001000011011000000110011000101101111111001010011000100101000010011101110111000110000111100110101000001111101000111101100001100111011101011010000010110110101101111100
110011001110000001000011011000000110011000101100101001010010011000100101000010011101110111000110000111100110101000001111101000111101100001100111011101011010000010110110101101111100
110011001110000011101111000010110111111111110100110100001111001000011101100111100001110111000110000111100110101000001111101000111101100001100111011101011010000010110110101101111100
110011001110000011101111000010110111111110100010111101100101001010000101000010011101110111000110000111100110101000001111101000111101100001100111011101011010000010110110101101111100
110011001110000001000011010001111001010000011111001001100101001010000101000010011101110111000110000111100110101000001111101000111101100001100111011101011010000010110110101101111100
110011001110000001000011010010011011001001001110001010100101001010000101000010011101110111000110000111100110101000001111101000111101100001100111011101011010000010110110101101111100
110011001110000001110001011110001111111100010001100110010010100100100101000010011101110111000110000111100110101000001111101000111101100001100111011101011010000010110110101101111100
110011100101011000010111110001010101001101100011010000010101000000000101000010011101110111000110000111100110101000001111101000111101100001100111011101011010000010110110101101111100
110011001110000011101111000010110111111111110100110100000101111001010001000010011101110111000110000111100110101000001111101000111101100001100111011101011010000010110110101101111100
110011001001001011011100100011111100001100101010101101000000001101100101000010011101110111000110000111100110101000001111101000111101100001100111011101011010000010110110101101111100
110100011010101000011101100011100000000100100110101101110101001010000101000010011101110111000110000111100110101000001111101000111101100001100111011101011010000010110110101101111100
110011001110000011101111000010110111111111110100110100001111000010011100110011000100000111000110000111100110101000001111101000111101100001100111011101011010000010110110101101111100
110011001110000001000011010001101100110010011010101111010010100100100101000010011101110111000110000111100110101000001111101000111101100001100111011101011010000010110110101101111100
110011001110000001000011011000000110011000101111110011100101001010000101000010011101110111000110000111100110101000001111101000111101100001100111011101011010000010110110101101111100
110100011010101000011101100011100000000100100100000001101111011111000101000010011101110111000110000111100110101000001111101000111101100001100111011101011010000010110110101101111100
110011001110000001000011010001110111101101110110100011010101000000000101000010011101110111000110000111100110101000001111101000111101100001100111011101011010000010110110101101111100
110011001110000011101111000010110111111111110100110101110010111010000101000010011101110111000110000111100110101000001111101000111101100001100111011101011010000010110110101101111100
110011001110000011101111000010110111111111110100110000010101000000000101000010011101110111000110000111100110101000001111101000111101100001100111011101011010000010110110101101111100
110011001110000001110001011110001111111100010001100110010000001101100101000010011101110111000110000111100110101000001111101000111101100001100111011101011010000010110110101101111100
110011001110000001000011010010110111010100110000000100000000001101100101000010011101110111000110000111100110101000001111101000111101100001100111011101011010000010110110101101111100
011000001001001011011100100011111100001100101010101101000000001101100101000010011101110111000110000111100110101000001111101000111101100001100111011101011010000010110110101101111100
011000001001001011011100100011111100001100101010101101011111001111000101000010011101110111000110000111100110101000001111101000111101100001100111011101011010000010110110101101111100
