110101011100110011101011100101101000101001111011101100000001100000011000110000000110100100000010001111000010100011010010001010110001011010100101101010111000110000111001101111101010
110101011100110011101011100101101000101001111011101100000001100000011000110000000110100111101110010001000000111001100111100001100111110111111111011111010011101000100111011000010010
110101011100110011101011100101101000101001111011101100000001101111110110101110101110010100000010001111000010100011010010001010110001011010100101101010111000110000111001101111101010
110101011100110011101011100101101000101001111011101100000001100000011000110000000100100001101001011001101111111001100111100001100111110111111111011111010011101000100111011000010010
110101011100110011101011100101101000101001111011101100000001100001011010100001000100100001101001011001101111111001100111100001100111110111111111011111010011101000100111011000010010
110101011100110011101011100101101000101001111011101100000001100000011000110000000110100100011100100010110011011111110011001111000011001111101111111110111110100111010001001110110000
110101011100110011101011100101101000101001111011101100000001100000011000110000000110100100000010001111000010100011010010001010110001011010100101101010111000111111011100001011000100
110101011100110011101011100101101000100111100110110000101100011011001110111111000100100001101001011001101111111001100111100001100111110111111111011111010011101000100111011000010010
110101011100110011101011100101101000101001111011101100000001100000011000110000000110100100001001000000101011011010110000100000100010100101011010000111010000100000000011111111001100
110101011100110011101011100101101000101001111011101100000001100000011010100001000100100001101001011001101111111001100111100001100111110111111111011111010011101000100111011000010010
110101011100110011101011100101101000101001111011101100000001100000011000110000000110100100000010001111000010100011010010001010110001011010100101101010111000111110001010000010100111
110101011100110011101011100101101000101001111011101100000001100000011000110000000110100100000010001111000010100011010010001010110001011010100101101010111000111110001010001111011110
110101011100110011101011100101101000101001111011101100000001100000011000110000000110100100000010001111000010100011010010001010110001011010100101101010111000111110001010000010100110
110101011100110011101011100101101000101001111011101100000001100000011000110000000110101101000100010011001011111001100111100001100111110111111111011111010011101000100111011000010010
110101011100110011101011100101101000101001111011101100000001100000011000110000000110100111101110010001000000111001100111100001100111110111111111011111010011101000100111011010001000
110101011100110011101011100101101000101001111011101100000001100000011000110000000110100100001001000000101011011111110011001111000011001111101111111110111110100111010001001110110000
110101011100110011101011100101101000101001111011101100000001100000011000110000000110101110111000001111000010100011010010001010110001011010100101101010111000110000111001101111101010
110101011100110011101011100101101000101001111011101100000001100111000101001100001101100100011100100010110011011111110011001111000011001111101111111110111110100111010001001110110000
110101011100110011101011100101101000101001111011101100000001100000011000110000000110100100001001011101110011011111110011001111000011001111101111111110111110100111010001001110110000
110101011100110011101011100101101000101001111011101100000001100000011000110000000110101110111000001100101010100011010010001010110001011010100101101010111000110000111001101111101010
110101011100110011101011100101101000101001111011101100000001110101111000111100110111100001101001011001101111111001100111100001100111110111111111011111010011101000100111011000010010
110101011100110011101011100101101000101001111011101100000001100111011111000000010101011001101001011001101111111001100111100001100111110111111111011111010011101000100111011000010010
110101011100110011101011100101101000100111100110110000101100011011100101111011110100010001101001011001101111111001100111100001100111110111111111011111010011101000100111011000010010
110101011100110011101011100101101000101001111011101100000001100111011111000000010100100001101001011001101111111001100111100001100111110111111111011111010011101000100111011000010010
110101011100110011101011100101101000100111100110110000101100011011001110111111000001001110101001111011110001100101011110011110000111100111001101000100011100010000111001101111101010
110101011100110011101011100101101000101001111001000000010010111011111110000100011110010100000010001111000010100011010010001010110001011010100101101010111000110000111001101111101010
110101011100110011101011100101101000100111100110110000101100011011100101111011110100010010000101000111101101100011010010001010110001011010100101101010111000110000111001101111101010
110101011100110011101011100101101000100111100110110000101100001011001110011101011100010001101001011001101111111001100111100001100111110111111111011111010011101000100111011000010010
110101011100110011101011100101101000100111100110110000101100011011001110101110001001001110101001111011110001100101011110011110000111100111001101000100011100010000111001101111101010
110101011100110011101011100101101000100111100110110000101100001011001110011101011100010010000101000111101101100011010010001010110001011010100101101010111000110000111001101111101010
011101010001100000010100110110100010011000111100000001100000010101111000111100110111100001101001011001101111111001100111100001100111110111111111011111010011101000100111011000010010
011101010001100000010100110110110111111001110000101111111111110001110001000111101101010100000010001111000010100011010010001010110001011010100101101010111000110000111001101111101010
