111101110101011000001101001100110010011111111110100100110111101011011110101010110000100110000011100110011100111111011001100110000000000111001011001111100011100100101001100111010010
111101110101011000001101001100110010011111111110100100110111101011011110101010110000100110000011100110011100111111011001100110000000000111001011000111100011100100101001100111010010
111101110101011000001101000110000011010011111110100100110111101011011110101010110000100110000011100110011100111111011001100110000000000111001011001111100011100100101001100111010010
111101110101011000001101001100110010011111111110100100110111101011011110101010110000100110000011100110011100111111011001100110000001010001000010101111100011100100101001100111010010
111101110101011000001101001100110010011111111101110000110111101011011110101010110000100110000011100110011100111111011001100110000000000111001011001111100011100100101001100111010010
111101110101011000001101001100110010011111111110100100110111101011011110101010110000100110000011100110011100111111011001100110000001010001000010101111110001111110011010110111010010
111101110101011010111100100011100000001111111110100100110111101011011110101010110000100110000011100110011100111111011001100110000000000111001011001111100011100100101001100111010010
111101110101011000001000010110100000001111111110100100110111101011011110101010110000100110000011100110011100111111011001100110000000000111001011001111100011100100101001100111010010
111101110101011000001101001100110010011111111110100100110111101011011110101010110000100110000011100110011100111111011001100110000000000111000100101111100011100100101001100111010010
111101110101011000001100111010100000001111111110100100110111101011011110101010110000100110000011100110011100111111011001100110000000000111001011001111100011100100101001100111010010
111101110101011000001101001100110010011111111110100100110111101011011110101010110000100110000011100110011100111111011001100110000000000100010100001111100011100100101001100111010010
111101110101011000001101001100110010011111111110100100110111101011011110101010110000100110010011100110011100111111011001100110000000000111001011001111100011100100101001100111010010
011111101011100011110111011101110100001100111110100100110111101011011110101010110000100110000011100110011100111111011001100110000000000111001011001111100011100100101001100111010010
111101110101011000001101000110000011010011111110100100110111101011011110101010110000100110000011100110011100111111011001100110000000000111001011000111100011100100101001100111010010
011000110100001000001010110110110000111110001010000100110111101011011110101010110000100110000011100110011100111111011001100110000000000111001011001111100011100100101001100111010010
111101110101011000001101001100110010011111111110100100110111101011011110101010110000100110000011100110011100111111011001100110000000000111001011001111100011100100101001011001100010
111101110101011000001101001100110010011111111110100100110111101011011110101010110000100110000011100110011100111111011001100110000000000111001011000111100000111100101001100111010010
011001000101011110000011010110100000001111111110100100110111101011011110101010110000100110000011100110011100111111011001100110000000000111001011001111100011100100101001100111010010
111101110101011000001101000110000011010011111110100100110111101011011110101010110000100110000011100110011100111111011001100110000001010001000010101111100011100100101001100111010010
011111000111001111101001010110100000001111111110100100110111101011011110101010110000100110000011100110011100111111011001100110000000000111001011001111100011100100101001100111010010
111101110101011000001101001100110010011111111110100100110111101011011110101010110000100110000011100110011100111111011001100110000000000101100111001111100011100100101001100111010010
011000110100001111101001010110100000001111111110100100110111101011011110101010110000100110000011100110011100111111011001100110000000000111001011001111100011100100101001100111010010
111101110101011000001111101110010110111111111110100100110111101011011110101010110000100110000011100110011100111111011001100110000000000111001011001111100011100100101001100111010010
111101110101011000001101001100110010011111111110100100110111101011011110101010110000100110000011100110011100111111011001100110000000000111001011001111111111100001101001100111010010
111101110101011000001101001110100000001111111110100100110111101011011110101010110000100110000011100110011100111111011001100110000000000111001011001111100011100100101001100111010010
011111100100001000001010110110110000111110001010000100110111101011011110101010110000100110000011100110011100111111011001100110000000000111001011001111100011100100101001100111010010
111101110101011000001101001100110010011111111110100100110111101011011110101010110000100110000011100110011100111111011001100110000000000111001011000111101001100100101001100111010010
111101110101011000001101001100110010011111111110100100110111101011011110101010110000100110000011100110011100111111011001100110000000000111001011001111111111100001110100011100111010
111101110101011000001111101110010110111110001010000100110111101011011110101010110000100110000011100110011100111111011001100110000000000111001011001111100011100100101001100111010010
111101110101011000001101001100110010011110011001100100110111101011011110101010110000100110000011100110011100111111011001100110000000000111001011001111100011100100101001100111010010
011100101101011010111100100011100000001111111110100100110111101011011110101010110000100110000011100110011100111111011001100110000000000111001011001111100011100100101001100111010010
111101110101011000001101001100110011100010110000100100110111101011011110101010110000100110000011100110011100111111011001100110000000000111001011001111100011100100101001100111010010
