111010011100011100001101001001100010000010111111011111011001011101011011011000011101101000101011111100110001111111111100101111110111011100100100010101011011110111101010111100010111
111010011100011110001110011100011111010001100000111011000011010101000011111110001110011100010111001011010011110110001100110011111000101100000101001000101111101101110001110100100111
111010011100011110001110011100011111010001001100111100000110100100010001110010110100100000101011111100110001111111111100101111110111011100100100010101011011110111101010111100010111
111010011100011100110101001010001101111111011101001110110101111000100010011110111010110101100101010011011010000010010111101011000101101000001011011101101111001100011111000100010111
111010011101001000000111111111100110101001110000010100000000010011110100110011100000000000001110000101110111011000100010000000010011000101010001101000000100011010101111010000010111
111010011100011100110101000000101001010001011101001110110101111000100010011110111010110101100101010011011010000010010111101011000101101000001011011101101111001100011111000100010111
111010011100011110001110011100011111010001001100111110010000000001000011110000100010111000101001100100111000001011100111110111001011001110100110100000101111101101110001110100100111
111010011101001001111101001001100010000010111111011111011001011101011011011000011101101000101011111100110001111111111100101111110111011100100100010101011011110111101010111100010111
111010011100011111110010110010110100001011011011011010001010011100111001001110110011011111101011111100110001111111111100101111110111011100100100010101011011110111101010111100010111
111010011100011110001110011100011111010001100000111011000011010101000011111110001110011100010111001011010011110110001100110011111000101100000101001000100111011110010011010111010111
111010011101001000110101001010001101111111011101001110110101111000100010011110111010110101100101010011011010000010010111101011000101101000001011011101101111001100011111000100010111
111010011100011110001110011100011111010001100000010001011000110101111000000101011101101000101011111100110001111111111100101111110111011100100100010101011011110111101010111100010111
111010011100011100110101001010001101111111011101001110110101111000100010011110111010110101100101010011011010000010010111101011000101101000001100101100001000001001100110000100111011
111010011100011110100100000001101111101101101001011111011001011101011011011000011101101000101011111100110001111111111100101111110111011100100100010101011011110111101010111100010111
111010011100011110001110011100011111010001001100111110010000000001000011110000100010111000111010111110000010100100000001001110010111101010011010111010101101011011011001000100100111
111010011100011100110101001010001101111111011101001110110101111000100010011110111010110101100101010011011010000010010111101011000101101000001100100001001101010000111011100100100111
111010011100011100110101000000101001010001011101001110110101111000100010011110111010110101100101010011011010000010010111101011000101101000001100101100001000001001100110000100111011
111010011100011110001110011100011111010001001100111110010000000001000011110000100010111000111010111110000010100100000001001110010111101010011010111010101101011011100100010000010111
111010011100011110001110011100011111010001111111011111011001011101011011011000011101101000101011111100110001111111111100101111110111011100100100010101011011110111101010111100010111
111010011100011100001001111110100001100100110110001001111100100000000010000111100001000101110001110101111100000101001000000010011100101111010100110101110101011010110111001000100111
111010011100011110001110011100011111010001001100111110010000000001000011110000100010111000111010111110000010100100000001001110010111101010011010111010101101011011100100111100100111
111010011100011100110101000000101001010001011101001110110101111000100010011110111010110101100101010011011010000010010111101011000101101000001100100001001101010000111011100100100111
111010011101001000110101001010001101111111011101001110110101111000100010011110111010110101100101010011011010000010010111101011000101101000001100101100001000001001100110000100111011
111010011100011110001110011100011111010001100000111011000011010101000011111110001110001101000101101000100000011011000110101010100001111111001100110101110101011010110111001000100111
111010011100011110001110011100011111010001001111111010100001110011100100001100000001000010110010100110100100110111110101100000110111010100111100101110100101000110101011000100100111
111010011100011111001001111110100001100100110110001001111100100000000010000111100001000101110001110101111100000101001000000010011100101111010100110101110101011010110111001000100111
111010011100011110001110011100011111010001100000000011100100111100111011010010111001110010110110111001100111011100011100100001000010111101000110100000101111101101110001110100100111
111010011100011110001110011100011111010001011101001110110101111000100010011110111010110101100101010011011010000010010111101011000101101000001100101100001000001001100110000100111011
111010011101001000110101000000101001010001011101001110110101111000100010011110111010110101100101010011011010000010010111101011000101101000001100101100001000001001100110000100111011
111010011100011100001101001010001101111111011101001110110101111000100010011110111010110101100101010011011010000010010111101011000101101000001100101100001000001001100110000100111011
111010011100011110001110011100011111010001100000111011000011010101000011111110001110000011010001111100000011001100000111101011000101101000001100101100001000001001100110000100111011
111010011100011110001110011100011111010001001100111110010000000001000011110000100010111000111010111110000010100100000001001110010111101010011010111010101101011011100100010011100010
