010100100110110111001011011000010101000000010001001110101001111011110111110111001111101010111111110001010011101111110011000000001100111001110010010100000110011010111011100110010011
010100100110110111001011011000010101000000010001001110101001111011110111110111001111101010111111110001010011101111110011000000001100111001110010010100000110011010111010110110001000
010100100110110111001011011000010101000000010001001110101001111011110111110111001111101010111111110001010011101111110011000000001100111001110010010100000110011010111011100110010111
010100100110110111001011011000010101000000010001001110101001111011110111110111001111101010111111110001010011101111110011000000001100111001110010010100000110011010111000011010011011
010100100110110111001011011000010101000000010001001110101001111011110111110111001111101010111111110001010011101111110011000000001100111001110010010100000110011010111011100010111101
010100100110110111001011011000010101000000010001001110101001111011110111110111001111101010111111110001010011101111110011000000001100111001110010010100000110011010111011100010100111
010100100110110111001011011000010101000000010001001110101001111011110111110111001111101010111111110001010011101111110011000000001100111001110010010100000110011010111011100111101111
010100100110110111001011011000010101000000010001001110101001111011110111110111001111101010111111110001010011101111110011000000001100111001110010010100000110011010111011100111100110
010100100110110111001011011000010101000000010001001110101001111011110111110111001111101010101010011101110100110101000110101011011010010100101000100001101101001100010110111000011101
010100100110110111001011011000010101000000010001001110101001111011110111110111001111101010111111110001010011101111110011000000001100111001110010010100000110011010111011100110001000
010100100110110111001011011000010101000000010001001110101001111011110111110111001111101010111111110001010011101111110011000000001100111001110010010100000110011010111011100111100101
010100100110110111001011011000010101000000010001001110101001111011110111110111001010110010001100011101110100110101000110101011011010010100101000100001101101001100010110111000011101
010100100110110111001011011000010101000000010001001110101001111011110111110111001111101010111111110001010011101111110011000000001100111001110010010100000110011010111010100111011111
010100100110110111001011011000010101000000010001001110101001111011110111110111000101001010010011001011011001101111110011000000001100111001110010010100000110011010111011100110010011
010100100110110111001011011000010101000000010001001110101001111011110111110111001111101010111111110001010011101111110011000000001100111001110010010100000110011010111011100111011111
010100100110110111001011011000010101000000010001001110101001111011110111110111001010110010001011001011011001101111110011000000001100111001110010010100000110011010111011100110010011
010100100110110111001011011000010101000000010001001110101001111011110111110111001111101010111111110001010011101111110011000000001100111001110010010100000110011010111010110110011101
010100100110110111001011011000010101000000010001001110101001111011110110000000000001000011010100100111111110110101000110101011011010010100101000100001101101001100010110111000011101
010100100110110111001011011000000000100010001001001110000110010100111110010010100110111110011111110001010011101111110011000000001100111001110010010100000110011010111011100110010011
010100100110110111001011011000010101000000010001001110101001111011110111110111001111101010111111110001101110011111110011000000001100111001110010010100000110011010111011100110010011
010100100110110111001011011000000000100010001001001011011110110101101000111111111100001011110100100111111110110101000110101011011010010100101000100001101101001100010110111000011101
010100100110110111001011011000010101000000010001001110101001111011110110000000000001000011010101111110010011101111110011000000001100111001110010010100000110011010111011100110010011
010100100110110111001011011000011110000001100110010001101011011110111110010010100110111110011111110001010011101111110011000000001100111001110010010100000110011010111011100110010011
010100100110110111001011011011110110100000001010010010111000001100111110010010100110111110011111110001010011101111110011000000001100111001110010010100000110011010111011100110010011
010100100110110111001011011000010101000000010001001110101001111011110111110111001111101010111111110001010011101111110011000000001100111001110010010100000110011010111101000110010111
010100100110110111001011011000000000100010001001001110000110010011101000111111111100001011110100100111111110110101000110101011011010010100101000100001101101001100010110111000011101
010100100110110111001011011000010101000000010001001110101001111011110111110111001111101010111111110001010011101111110011000000001100111001110010010100000110011010111011100110011101
010100100110110111001011011000010101000000010001001110101001111011110111110111001111101010111111110001010011101111110011000000001100111001110010010100000110011010111011100100010001
010100100110110111001011011000010101000000010001001110101001111011110111110111001111101010101010111011010011101111110011000000001100111001110010010100000110011010111011100110010011
010100100110110111001011011000010101000000010001001110101001111011111001011101000001100010001011001011011001101111110011000000001100111001110010010100000110011010111011100110010011
010100100110110111001011011000010101000000010001001110101001111011110111110111001111101010111111110001010011101111110011000000001100111001110010010100000110011010111010110110010111
010100100110110111001011011000010101000000010001001110101001111011110111110111001111101010111111110001010011101111110011000000001100111001110010010100000110011010111011011000011101
