100110111010110101101101101010001111001001110111111001001000111001011100010111101101001001011000101111101100100100111111010101001010011101100100010001010111000101010000011110000011
100110111010110101101101101001100000010100110111111001001000111001011100010111101101001001011000101111101100100100111111010101001010011101100100010001010111000101010000011110000011
100110111010110101101101101001010100011110111000111001001000111001011100010111101101001001011000101111101100100100111111010101001010011101100100010001010111000101010000011110000011
100110111010110101101101101001010100011110111010010100101000111001011100010111101101001001011000101111101100100100111111010101001010011101100100010001010111000101010000011110000011
100110111010110101101101101010001111001001110111111001001000111001011100010111101101001001011000101110110100100100111111010101001010011101100100010001010111000101010000011110000011
100110111010110101101101101010001111001001110111111001001000111001011100010111101101001001011000101111100001100100111111010101001010011101100100010001010111000101010000011110000011
100110111010110101101101101001100011100110111000111001001000111001011100010111101101001001011000101111101100100100111111010101001010011101100100010001010111000101010000011110000011
100110111010110101101101101010001111001001110111111001001000111001011100010111101101001010110000001100010000100100111111010101001010011101100100010001010111000101010000011110000011
100110111010110101101101101001111111110001010000101111011111110001000001001110011111100110000101101100010000100100111111010101001010011101100100010001010111000101010000011110000011
100110111010110101101101101001111111110001010001101000110000111001011100010111101101001001011000101111101100100100111111010101001010011101100100010001010111000101010000011110000011
100110111010110101101101101001101010010011010100001100000100111001011100010111101101001001011000101111101100100100111111010101001010011101100100010001010111000101010000011110000011
100110111010110101101101101010001111001001110111111001001000111001011100010111101101001001011000101110101000100100111111010101001010011101100100010001010111000101010000011110000011
100110111010110101101101101001101010101001010110001011000111111010100100010101110101101111111001100111110010000011110101000101001010110011100100010001010111000101010000011110000011
100110111010110101101101101001101010101001010110001011000111111010100100010101110101101111111001100110111111101101110101000101001010110011100100010001010111000101010000011110000011
100110111010110101101101101001111111110001010000101111011111110001000001001110011111100110000101101101110000010001110101000101001010110011100100010001010111000101010000011110000011
100110111010110101101101101001101010010011010100001111101111000011101001000001110100111101011100011110110100100100111111010101001010011101100100010001010111000101010000011110000011
100110111010110101101101101001101010010011010110100011111101010010001010111010110111111100110011111000011100100100111111010101001010011101100100010001010111000101010000011110000011
100110111010110101101101101001101011010001011000111001001000111001011100010111101101001001011000101111101100100100111111010101001010011101100100010001010111000101010000011110000011
100110111010110101101101101001101010101001001011101111101011010100110100101111000110001010100111011100111010100110111100011110010110000101111100101001101001011101010001011000001111
100110111010110101101101101001100000010100110111111001001000111001011100010111101101001001011000101110110100100100111111010101001010011101100100010001010111000101010000011110000011
100110111010110101101101101010001111001001110111111001001000111001011100010111101101001001011000101111101100101011000101100111001111100100100000010001010111000101010000011110000011
100110111010110101101101101001111111110001010000101111011111110001000001001110011111100110000101100101001000100100111111010101001010011101100100010001010111000101010000011110000011
100110111010110101101101101001100000010100110101010101011010101000111111101100101110001000010110101001101100111001110101000101001010110011100100010001010111000101010000011110000011
100110111010110101101101101010011010101010111000111001001000111001011100010111101101001001011000101111101100100100111111010101001010011101100100010001010111000101010000011110000011
100110111010110101101101101001111111110001010000101111011111110001000001001110011111100110000101001011111010111001110101000101001010110011100100010001010111000101010000011110000011
100110111010110101101101101001101010101001001011101111101011010100110100101111000110001010100111100101110000010001110101000101001010110011100100010001010111000101010000011110000011
100110111010110101101101101001100000010100110101010101011010101000111111101100101110001000011001001100010000100100111111010101001010011101100100010001010111000101010000011110000011
100110111010110101101101101010001100111001111110110101000111111010100100010101110101101111111001100111110010000011110101000101001010110011100100010001010111000101010000011110000011
100110111010110101101101101001111111001011010011101111110010010001110010111000101111011010010010110001011101100011110101000101001010110011100100010001010111000101010000011110000011
100110111010110101101101101001101010010011010100001111101011010100110100101111000110001010100111011100111010100110111100011110010110000101111100101001101001011101010001011000001111
100110111010110101101101101001101010101001010110001011001111100001110010111000101111011010010010110001011101100011110101000101001010110011100100010001010111000101010000011110000011
100110111010110101101101101001100010011010101011101111101011010100110100101111000110001010100111011100111010100110111100011110010110000101111100101001101001011101010001011000001111
