010010100101011001010100111100101010001101011111101001010010100000011100111001011101111001100011000110100010100100010000111010100000001110110101100010010111001011100111010110101101
010010100101011001010100111100101010001101011111101001010010100000011100111001011101111001100011000110100010100100010000111110100000001110110101100010010111001011100111010110101101
010010100101011001010100111100101010001101011111101001010010100000011100111001011101111001100011000110100010100100010000111010101110110010010000100101111001110001110001001011001001
010010100101011001010100111100101010001101011111101001010010100000011100111001011101111001100011000110100010100100010000111010100000001110110101100010010111001011100111010010011001
010010100101011001010100111100101010001101011111101001010010100000011100111001011101111001100011000110100010100100010000111010100000001110110101100010010111001011100001001011001001
010010100101011001010100111100101010001101011111101001010010100000011100111001011101111001100011000110100010100100010000111010100000001110110101100010010111001000100111010110101101
010010100101011001010100111100101010001101011111101001010010100000011100111001011101111001100011000110100010100100010000111010100000001110111110101111110101010110000000110110011001
010010100101011001010100111100101010001101011111101001010010100000011100111001011101111001100011000110100010100100010000111010100000001110111110101111110101111101000100000110011001
010010100101011001010100111100101010001101011111101001010010100000011100111001011101111001100011000110100010100100010000101111001000110101100011101111100011011110010010101110111001
010010100101011001010100111100101010001101011111101001010010100000011100111001011101111001100011000110100010010100000001110010100000001110110101100010010111001011100111010110101101
010010100101011001010100111100101010001101011111101001010010100000011100111001011101111001100011000110100010100100010000111010100000001110110101100010010111001011011111100001011001
010010100101011001010100111100101010001101011111101001010010100000011100111001011101111001100011000110100010100100010000111010100000001110110101100010010111001011101001011100101101
010010100101011001010100111100101010001101011111101001010010100000011100111001011101111001100011000110110110001010111000111010100000001110110101100010010111001011100111010110101101
010010100101011001010100111100101010001101011111101001010010100000011100111001011101111001100011000110100011110110011000111010100000001110110101100010010111001011100111010110101101
010010100101011001010100111100101010001101011111101001010010100000011100111001011101111001100011000110100010100100010000111010000001110100110101100010010111001011100111010110101101
010010100101011001010100111100101010001101011111101001010010100000011100111001011101111001100011000110100010100100010000100010100000001110110101100010010111001011100111010110101101
010010100101011001010100111100101010001101011111101001010010100000011100111001011101111001100011000110100010100100010000111010100011101101000111011110101111111000111010010100011000
010010100101011001010100111100101010001101011111101001010010100000011100111001011101111001100011000110100010100100010000111010100000001110111110101111110101111101000100000110101101
010010100101011001010100111100101010001101011111101001010010100000011100111001011101111001100011000110100000001000000011100010100000001110110101100010010111001011100111010110101101
010010100101011001010100111100101010001101011111101001010010100000011100111001011101111001100011000110100010100100010000111010100000001110110101100010010111001011100101111010111110
010010100101011001010100111100101010001101011111101001010010100000011100111001011101111001100011000110100010100100010000111010100000001110110101100010010111001010110001011100101101
010010100101011001010100111100101010001101011111101001010010100000011100111001011101111001100011000110100010100100010000111010100000001110110101100010010111001011100111010101010001
010010100101011001010100111100101010001101011111101001010010100000011100111001011101111001100011000110100010100100010000111010100000001110110101100010010111100101100111010110101101
010010100101011001010100111100101010001101011111101001010010100000011100111001011101111001100011000110100010100100010000111010100000001100011001110001010111001011100111010110101101
010010100101011001010100111100101010001101011111101001010010100000011100111001011101111001100011101101100110010100000001110010100000001110110101100010010111001011100111010110101101
010010100101011001010100111100101010001101011111101001010010100000011100111001011101111001100011000110100010100100010000111010000000001110110101100010010111001011100111010110101101
010010100101011001010100111100101010001101011111101001010010100000011100111001011101111001100011000110100010100000101000111010100000001110110101100010010111001011100111010110101101
010000100101011001010100111100101010001101011111101001010010100000011100111001011101111001100011000110100010100100010000111010100000001110110101100010010111001011100111010110101101
010010100101011001010100111100101010001101011111101001010010100000011100111001011101111001100011000110100010100100010000111010100000001110110101100010010111001011110100110010111001
010010100101011001010100111100101010001101011111101001010010100000011100111001011101111001100011000110100010100100010000111010100000001110110101100010010110011000001011111111000001
010010100101011001010100111100101010001101011111101001010010100000011100111001011101111001100011000110100010100100010000100110101011000110001000010110011001110001110001001011001001
010010100101011001010100111100101010001101011111101001010010100000011100111001011101111001100011000110100010100100010000111010100000001110110101100010010111001011100101011110110101
