001011011011011110100100101101001101010101011111001110010101101100111100110110101011001011010001101110100110010000101100101101101111100000010001000100001001000001111111101110001101
001011011011011100001010101101001101010101011111001110010101101100111100110110101011001011010001101110100110010000101100101101101111100000010001000100001001000001111111101110001101
001011011011011110100100101101001110101111100010111111001110000101011110110001100000011001111000101110100110010000101100101101101111100000010001000100001001000001111111101110001101
001011011011011110011010101101001101010101011111001110010101101100111100110110101011001011010001101110100110010000101100101101101111100000010001000100001001000001111111101110001101
001011110000011010101010101101001101010101011111001110010101101100111100110110101011001011010001101110100110010000101100101101101111100000010001000100001001000001111111101110001101
001011011011011110100100101101001101010101011111001110010101010001110001111100001010000011101111010110110110111110011011011100111111110111111110001010110000100010001111101110001101
001011011011011100001100110001001011110011110110101001111011101110001000011100111111000111100011000100100101111111001100101101101111100000010001000100001001000001111111101110001101
001011011010011010010110100111010111110001011111100111000010101111011000110000001100111100010110001010100101111111001100101101101111100000010001000100001001000001111111101110001101
001011011011011100000010010000010010101101111001100111000010101111011000110000001100111100010110001010100101111111001100101101101111100000010001000100001001000001111111101110001101
001011011011011100111001010001001011110011110110101001111011101110001000011100111111000111100011000100100101111111001100101101101111100000010001000100001001000001111111101110001101
001011011011011110100100101101001101010101011111001110010101101100111100110110101011001011010001101101110101111111001100101101101111100000010001000100001001000001111111101110001101
001011011011011110100100101101001101010101011111001110010101101100111100110110101011001011010001101110100110010000101100101101101111100000010001000100001001000001111010100010100001
001011110000011010010110100111010111110001011111100111000010101111011000110000001100111100010110001010100101111111001100101101101111100000010001000100001001000001111111101110001101
001011011010011010010110100111010111110001011111100111000010101111011000110010111001000100001001100111111101111111001100101101101111100000010001000100001001000001111111101110001101
001011011011011110100100101101001101010101011111001110010101101100111100110110101011001011010001101110100110010000101100101101101111100000010001000100001001101010111011011110001101
001011011011011110011011101001101010101110010111010100100000000111101010011011110001111110111010111000001011001010011001000110111001001101001011110001100010111100010110000100111001
001011011011011110100000100000110001001100000111100100101001000000001111010100110111100011111101110101110000010110010100110010001101110010011010010111100011000100101100101011000001
001011011011011110100100101101001101010101011111001110010101010001110001111100001010000011101111010111011111000010010100110010001101110010011010010111100011000100101100101011000001
001011011011011110100100101101001101010101011111001110010101010001110001111100001010000011101111110101010110010110010100110010001101110010011010010111100011000100101100101011000001
101111111001001001000100001000110001001100000111100100101001000000001111010100110111100011111101110101110000010110010100110010001101110010011010010111100011000100101100101011000001
001011011011011100001100110001001011110011110110101001111011101110001000011100111010101100010011111010111000010001001011110010001101110010011010010111100011000100101100101011000001
001011011011011110100100101101001110101111100010111111001110000101011110110001100000011001111000101100100111010011011111101101110001111100100111010010101100010011111101111001010001
001011011011011110011011101001101010101111100111001010101000111000111110000101000001110111101011001011111101111111001100101101101111100000010001000100001001000001111111101110001101
001011011011011110100100101101001101010101011111001110010101101100111100110110101011001011010001101110100110010000101100101101101111100000010001000100001001101010111011011110001111
001011011011011100001100101101001101010101011111001110010101101100111100110110101011001011010001101110100110010000101100101101101111100000010001000100001001000001111111101110001101
001011011011011100000010010000010010101101111001100111000010101111011000110010111001000100001001100111111101111111001100101101101111100000010001000100001001000001111111101110001101
001011011011011100001001010101001110101111100010111111001110000101011110110001100000011001111000101110100110010000101100101101101111100000010001000100001001000001111111101110001101
001011011011011100111001011100000001111000111010001110010101101100111100110110101011001011010001101110100110010000101100101101101111100000010001000100001001000001111111101110001101
001011011011011110010100001000001010110101011111001110010101101100111100110110101011001011010001101110100110010000101100101101101111100000010001000100001001000001111111101110001101
001011011011011100110110101101001101010101011111001110010101101100111100110110101011001011010001101110100110010000101100101101101111100000010001000100001001000001111111101110001101
001011011010011010101010101101001101010101011111001110010101101100111100110110101011001011010001101110100110010000101100101101101111100000010001000100001001000001111111101110001101
001011110000011010010110100111010111110001011111100111000010101111011000110010111001000100001001100111111101111111001100101101101111100000010001000100001001000001111111101110001101
