010001010101011000101100010100101101100011011110101111111000001100011001101000100000010011110011101101011010101101100010100101011110011011000100011111000100001011000100001111110001
010001010010101010110001011000101001011011000110111101011111110000011000110011010101111010110011101101011010101101100010100101011110011011000100011111000100001011000100001111110001
010001010101011000101100010100101101100011011110101111111000001100011000111110101001110011110011101101011010101101100010100101011110011011000100011111000100001011000100001111110001
010001010101011000101100010100101101100011011110101111111000001100011001101010000110010011110011101101011010101101100010100101011110011011000100011111000100001011000100001111110001
101001010101011000101100010100101101100011011110101111111000001100011001101000100000010011110011101101011010101101100010100101011110011011000100011111000100001011000100001111110001
000111110010101010110001011000101001011011000110111101011111110000011000110011010101111010110011101101011010101101100010100101011110011011000100011111000100001011000100001111110001
111111010010101010110001011000101001011011000110111101011111110000011000110011010101111010110011101101011010101101100010100101011110011011000100011111000100001011000100001111110001
101011010010101010110001011000101001011011000110111101011111110000011000110011010101111010110011101101011010101101100010100101011110011011000100011111000100001011000100001111110001
111110100010101010110001011000101001011011000110111101011111110000011000110011010101111010110011101101011010101101100010100101011110011011000100011111000100001011000100001111110001
010001111000000101100000010100101101100011011110101111111000001100011001101000100000010011110011101101011010101101100010100101011110011011000100011111000100001011000100001111110001
011111010010101010110001011000101001011011000110111101011111110000011000110011010101111010110011101101011010101101100010100101011110011011000100011111000100001011000100001111110001
010000010010101010110001011000101001011011000110111101011111110000011000110011010101111010110011101101011010101101100010100101011110011011000100011111000100001011000100001111110001
001011010010101010110001011000101001011011000110111101011111110000011000110011010101111010110011101101011010101101100010100101011110011011000100011111000100001011000100001111110001
101111010010101010110001011000101001011011000110111101011111110000011000110011010101111010110011101101011010101101100010100101011110011011000100011111000100001011000100001111110001
010001010101011000101100010100101101100011011110101111111000001100011000111100001111110011110011101101011010101101100010100101011110011011000100011111000100001011000100001111110001
010001010010101010110001011000101001011011000110111101011111110000011000110001111001101011110011101101011010101101100010100101011110011011000100011111000100001011000100001111110001
010001111000000111001100000111000110111000010101001011100010010001100010000001110001101011110011101101011010101101100010100101011110011011000100011111000100001011000100001111110001
010001110110101010110001011000101001011011000110111101011111110000011000110011010101111010110011101101011010101101100010100101011110011011000100011111000100001011000100001111110001
010001010101011000101100010100101101100011011110101111111000001100011000111100110101001111110011101101011010101101100010100101011110011011000100011111000100001011000100001111110001
000011010010101010110001011000101001011011000110111101011111110000011000110011010101111010110011101101011010101101100010100101011110011011000100011111000100001011000100001111110001
010001010101011000101100010100101101100011011110101111111000001100011001101010111101011001110011101101011010101101100010100101011110011011000100011111000100001011000100001111110001
011011010010101010110001011000101001011011000110111101011111110000011000110011010101111010110011101101011010101101100010100101011110011011000100011111000100001011000100001111110001
010001100100011111110010110010001001011011000110111101011111110000011000110011010101111010110011101101011010101101100010100101011110011011000100011111000100001011000100001111110001
000000111110001010110001011000101001011011000110111101011111110000011000110011010101111010110011101101011010101101100010100101011110011011000100011111000100001011000100001111110001
000100000100000111101011101101000010001101101011100111101010011011001110011110001011110101001100110001110111101111101110101110011100010001101100111101010101011110111011001000011100
010001010101011000101100010100101101100011011110101111111000001100011000000001110001101011110011101101011010101101100010100101011110011011000100011111000100001011000100001111110001
101001010101011000101100010100101101100011011110101111111000001100011001101010000110010011110011101101011010101101100010100101011110011011000100011111000100001011000100001111110001
010001111100111001100001011000101001011011000110111101011111110000011000110011010101111010110011101101011010101101100010100101011110011011000100011111000100001011000100001111110001
010001010111111101010001011000101001011011000110111101011111110000011000110011010101111010110011101101011010101101100010100101011110011011000100011111000100001011000100001111110001
010001010101011000101100010100101101100011011110101111111000001100011001101010111101011001100110101101011010101101100010100101011110011011000100011111000100001011000100001111110001
010001111000000111101011101101000010001101101011100111101010011011001110011110001011110101001100110001110111101111101110101110011100010001101100111101010101011110111011001000011100
010011010010101010110001011000101001011011000110111101011111110000011000110011010101111010110011101101011010101101100010100101011110011011000100011111000100001011000100001111110001
