010100100110110111001011011000010101000000010001001110101001111011110111110111001111101010111111110001010011101111110011000000001100111001110010010100000110011010111011100110010011
010100100110110111001011010010100100001100010001001110101001111011110111110111001111101010111111110001010011101111110011000000001100111001110010010100000110011010111011100110010011
010100100110110111001011011000000000100010001001001110101001111011110111110111001111101010111111110001010011101111110011000000001100111001110010010100000110011010111011100110010011
010100100110110111001011011000010101000000010001001110101001111011110111110111001111101010101010111011010011101111110011000000001100111001110010010100000110011010111011100110010011
010011111110001001100100101110110101010100011111001110101001111011110111110111001111101010111111110001010011101111110011000000001100111001110010010100000110011010111011100110010011
010100100110110111001011011000010101000000010001001110101001111011110111110111001111101010111111110001010011101111110011010101101010111001110010010100000110011010111011100110010011
010100100110110111001011011000010101000000010001001110101001111011110111110111001111101010111111110001010011101111111001110001000000111001110010010100000110011010111011100110010011
010100100110110111001011011000010101000000010001001110101001111011110111110111001111101010101010010011001011101111110011000000001100111001110010010100000110011010111011100110010011
010100100110110111001011011000010101000000010001001110101001111011110111110111001111101010111111011001001011101111110011000000001100111001110010010100000110011010111011100110010011
010100100110110111001011011000010101000000010001001110101001111011110111110111001111101010101010010000010111011101100100111010001100111001110010010100000110011010111011100110010011
010100100110110111001011010001000110010000010001001110101001111011110111110111001111101010111111110001010011101111110011000000001100111001110010010100000110011010111011100110010011
010100100110110111001011011011110111011100010001001110101001111011110111110111001111101010111111110001010011101111110011000000001100111001110010010100000110011010111011100110010011
010100100110110111001011011000010101000000010001001110101001111011110111110111001111101010111111110001010011101111110000100011111100111001110010010100000110011010111011100110010011
010100100110110111001011011000010101000100010001001110101001111011110111110111001111101010111111110001010011101111110011000000001100111001110010010100000110011010111011100110010011
101010100110110111001011011000010101000000010001001110101001111011110111110111001111101010111111110001010011101111110011000000001100111001110010010100000110011010111011100110010011
010100100110110111001011010001000111101100010001001110101001111011110111110111001111101010111111110001010011101111110011000000001100111001110010010100000110011010111011100110010011
010100100110110111001011011000111010011010010001001110101001111011110111110111001111101010111111110001010011101111110011000000001100111001110010010100000110011010111011100110010011
010100100110110111001011011000010101000000010001001110101001111011110111110111001111101010111111110001010011101111110011000000001100111011100000011000000110011010111011100110010011
010100100110110111001011011000010101000000010001001110101001111011110111110111110100100111100111001011011001101111110011000000001100111001110010010100000110011010111011100110010011
010100100110110111001011010001000111101101010100001110101001111011110111110111001111101010111111110001010011101111110011000000001100111001110010010100000110011010111011100110010011
010100100110110111001011011000010101000000010001001110101001111011110111110111001111101010111111110000000101100110010011000000001100111001110010010100000110011010111011100110010011
010100100110110111001011011000010101000000010001001110101001111011110111110111001111101010111111110001010011101111111001111101101100111001110010010100000110011010111011100110010011
010100100110110111001011011000010101000000010001001110101001111011110111110111001111101010101101000101001101101111110011000000001100111001110010010100000110011010111011100110010011
010100100110110111001011011000010101000000010001010011011001111011110111110111001111101010111111110001010011101111110011000000001100111001110010010100000110011010111011100110010011
010100100110110111001011011000010101000000010001001110101001111011110111110111001111101010101010010000010111011101101010000000001100111001110010010100000110011010111011100110010011
010100100110110111001011011000010101000000010000000010101001111011110111110111001111101010111111110001010011101111110011000000001100111001110010010100000110011010111011100110010011
010100100110110111001011011000010101000111010011110000101001111011110111110111001111101010111111110001010011101111110011000000001100111001110010010100000110011010111011100110010011
010100100110110111001011011000010101000000001111001110101001111011110111110111001111101010111111110001010011101111110011000000001100111001110010010100000110011010111011100110010011
010100100110110111001011011000010101000000010001001110101001111011110111110111001111101010101010010011001011101101011100110101101010111001110010010100000110011010111011100110010011
010100100110110111001011011011110110100000001010010010011111000011110111110111001111101010111111110001010011101111110011000000001100111001110010010100000110011010111011100110010011
010100100110110111001011011000010101000000010001001110101001111011110111110111001111101010111111110001010011101111110011010110100100110000010010010100000110011010111011100110010011
010100100110110111001011011000010101000000010001001110101001111011110111110111001111101010111111110001010011101111110011000000001100111001110010010100000110011010111010110110001000
