101010100011110010101111110101110111000110110111000001111110000001101110010101101010010010010000001100001000100110000110111011010100010001001101101001100110010001101101100111100111
101010100011110010101111110101110111000110110111000001111110000001101110010101101011101100100011011001111100110110000110111011010100010001001101101001100110010001101101100111100111
101010100011110010101111110101110111000110110111000001111110000001101110010101101111000000001110010011011000110110000110111011010100010001001101101001100110010001101101100111100111
101010100011110010101111110101110111000110110111000001111110000001101110010101101111001000011000111111000011011101000110111011010100010001001101101001100110010001101101100111100111
101010100011110010101111110101110111000110110111000001111110000001101110010101101010010010010000001100001000100110000110111011010100010001000101101001100110010001101101100111100111
101010100011110010101111110101110111000110110111000001111110000001101110010101101010010010010000001100100001111011101101111111100110100101100111111001100110010001101101100111100111
101010100011110010101111110101110111000110110111000001111110000001101110010101101010010010010000001100001000011101000110111011010100010001001101101001100110010001101101100111100111
101010100011110010101111110101110111000110110111000001111110000001101110010101101010001111111000111111000011011101000110111011010100010001001101101001100110010001101101100111100111
101010100011110010101111110101110111000110110111000001111110000001101110010101101010010010010000001100100001111110110101001011000110100101100111111001100110010001101101100111100111
101010100011110010101111110101110111000110110111000001111110000001101110010101101010001100100011011001111100110110000110111011010100010001001101101001100110010001101101100111100111
101010100011110010101111110101110111000110110111000001111110000001101110010101101010010000001110010011011000110110000110111011010100010001001101101001100110010001101101100111100111
101010100011110010101111110101110111000110110111000001111110000001101110010101101010010010010000001100100001111110110110111011010100010001001101101001100110010001101101100111100111
101010100011110010101111110101110111000110110111000001111110000001101110010101101010010010010000001100100001111101000110111011010100010001001101101001100110010001101101100111100111
101010100011110010101111110101110111000110110111000001111110000001101110010101101010010010011000111111000011011101000110111011010100010001001101101001100110010001101101100111100111
101010100011110010101111110101110111000110110111000001111110000001101110010101101010011010001001010110011101101110000110111011010100010001001101101001100110010001101101100111100111
101010100011110010101111110101110111000110110111000001111110000001101110010010001011000000001110010011011000110110000110111011010100010001001101101001100110010001101101100111100111
101010100011110010101111110101110111000110110111000001111110000001101110010101101010010000110111101011001000011100010110111011010100010001001101101001100110010001101101100111100111
101010100011110010101111110101110111000110110111000001111110000001101110010101101010010010000101101110111001111101000110111011010100010001001101101001100110010001101101100111100111
101010100011110010101111110101110111000110110111000001111110000001101110010101101010010010010000001100100001111011101110010010001010100111000011101010100110010001101101100111100111
101010100011110010101111110101110111000110110111000001111110000001101110010101101010010010010000001100001010001010010101101101001000001110100101101001100110010001101101100111100111
101010100011110010101111110101110111000110110111000001111110000001101110010101101010010010010000100111100101001110000110111011010100010001001101101001100110010001101101100111100111
101010100011110010101111110101110111000110110111000001111110000001101110010101101010011100111000111111000011011101000110111011010100010001001101101001100110010001101101100111100111
101010100011110010101111110101110111000110110111000001111110000001101110010101101111000000001110010011011000110011011110001111110100010001001101101001100110010001101101100111100111
101010100011110010101111110101110111000110110111000001111110000001101110010101101010010010010000100111001100101101000110111011010100010001001101101001100110010001101101100111100111
101010100011110010101111110101110111000110110111000001111110000000110001001011000010100000001110010011011000110110000110111011010100010001001101101001100110010001101101100111100111
101010100011110010101111110101110111000110110111000001111110000001101111000011100011110000001110010011011000110110000110111011010100010001001101101001100110010001101101100111100111
101010100011110010101111110101110111000110110111000001111110000001101110010101101010010010010000001100100001111110110111011011010100010001001101101001100110010001101101100111100111
101010100011110010101111110101110111000110110111000001111110000001101110010101101010010000111110100011001010000110000110111011010100010001001101101001100110010001101101100111100111
101010100011110010101111110101110111000110110111000001111110000001101111000011100011101100100011011001111100110110000110111011010100010001001101101001100110010001101101100111100111
101010100011110010101111110101110111000110110111000001111110000001101110010101101010010011010101011001011110110110000110111011010100010001001101101001100110010001101101100111100111
101010100011110010101111110101110111000110110111000001111110000001101110010101101010011000101000111111000011011101000110111011010100010001001101101001100110010001101101100111100111
101010100011110010101111110101110111000110110111000001111110000001101110010101101010010000111110010011011000110110000110111011010100010001001101101001100110010001101101100111100111
