010001011011111101101111110111010000111100001101010111011011101000001111001001111100001101011000001110010010000001000001110010001010101011001010100100111101010000011000101100101100
010001011011100110110011011011111101100101110010011101011011101000001111001001111100001101011000001110010010000001000001110010001010101011001010100100111101010000011000101100101100
010001011011010001110110010011111101100101110010011101011011101000001111001001111100001101011000001110010010000001000001110010001010101011001010100100111101010000011000101100101100
010001011010000100101001111100011110101011101101010111011011101000001111001001111100001101011000001110010010000001000001110010001010101011001010100100111101010000011000101100101100
101111010101101011110110010011111101100101110010011101011011101000001111001001111100001101011000001110010010000001000001110010001010101011001010100100111101010000011000101100101100
010001011011100100011111010010101001010011100110101010110011011101110000100011111100001101011000001110010010000001000001110010001010101011001010100100111101010000011000101100101100
010001011010001111101101000000010101110000110111101001110111101111101110001001111100001101011000001110010010000001000001110010001010101011001010100100111101010000011000101100101100
010001011011100110110011000001101000100001001101010111011011101000001111001001111100001101011000001110010010000001000001110010001010101011001010100100111101010000011000101100101100
010001011010000100101100100110011011011100001101010111011011101000001111001001111100001101011000001110010010000001000001110010001010101011001010100100111101010000011000101100101100
010001011000000101111101001010100100111100110111101001110111101111101110001001111100001101011000001110010010000001000001110010001010101011001010100100111101010000011000101100101100
101111010101100001000100010000100101100001000010111101110100100101101011101011010101010100111111000001100010000001000001110010001010101011001010100100111101010000011000101100101100
010001011011100110110001000101001101010101101101010111011011101000001111001001111100001101011000001110010010000001000001110010001010101011001010100100111101010000011000101100101100
101111011111010100010101110011110111000010100101010111011011101000001111001001111100001101011000001110010010000001000001110010001010101011001010100100111101010000011000101100101100
010001011010001111101101000000010101110000110111111011100111111101010101010000011100001101011000001110010010000001000001110010001010101011001010100100111101010000011000101100101100
010001011011011011111011011101001101010101101101010111011011101000001111001001111100001101011000001110010010000001000001110010001010101011001010100100111101010000011000101100101100
010001011000000101111101001011100111111100001101010111011011101000001111001001111100001101011000001110010010000001000001110010001010101011001010100100111101010000011000101100101100
101111011111010010011000000011101111110011101010101001010100111001000001010000011100001101011000001110010010000001000001110010001010101011001010100100111101010000011000101100101100
010001011011100110110011000001101000111100001101010111011011101000001111001001111100001101011000001110010010000001000001110010001010101011001010100100111101010000011000101100101100
101111011011011011100011010101010101011101101101010111011011101000001111001001111100001101011000001110010010000001000001110010001010101011001010100100111101010000011000101100101100
010001011011100110110011000001100000011010000011000011100111111101010101010000011100001101011000001110010010000001000001110010001010101011001010100100111101010000011000101100101100
010000100111010101101110000000110111011010111111010111110111100100111001101011010101010100111111000001100010000001000001110010001010101011001010100100111101010000011000101100101100
101111011111111101101111110111010000111100001101010111011011101000001111001001111100001101011000001110010010000001000001110010001010101011001010100100111101010000011000101100101100
010001011011111111000011100101001101010101101101010111011011101000001111001001111100001101011000001110010010000001000001110010001010101011001010100100111101010000011000101100101100
010001011010001111101101000000001010110101101101010111011011101000001111001001111100001101011000001110010010000001000001110010001010101011001010100100111101010000011000101100101100
010001011011100100011111010011111101100101110010011101011011101000001111001001111100001101011000001110010010000001000001110010001010101011001010100100111101010000011000101100101100
010001010001001110101011011100000001101110110101111110101100011111101001010000011100001101011000001110010010000001000001110010001010101011001010100100111101010000011000101100101100
101111010101110100010101110011110111000010100101010111011011101000001111001001111100001101011000001110010010000001000001110010001010101011001010100100111101010000011000101100101100
010001011011001011101000100110010110011110001101010111011011101000001111001001111100001101011000001110010010000001000001110010001010101011001010100100111101010000011000101100101100
010001011011011100110000010101110100001110000011000011100111111101010101010000011100001101011000001110010010000001000001110010001010101011001010100100111101010000011000101100101100
010001011011111101010110110111000101011101101101010111011011101000001111001001111100001101011000001110010010000001000001110010001010101011001010100100111101010000011000101100101100
010001011010001111100011101000010111101011001101010111011011101000001111001001111100001101011000001110010010000001000001110010001010101011001010100100111101010000011000101100101100
010001011000000101111101001010100100111100001101010111011011101000001111001001111100001101011000001110010010000001000001110010001010101011001010100100111101010000011000101100101100
