011000101101000010110011011011111100110110010011110000000001000000100110000011111101001101101001000111110001100000011010010001000001101010101001010110011001001010001010100001100111
011000101101000010110011011011110111100100010011110000000001000000100110000011111101001101101001000111110001100000011010010001000001101010101001010110011001001010001010100001100111
011000101101000010110011011011111100110110011001110000000001000000100110000011111101001101101001000111110001100000011010010001000001101010101001010110011001001010001010100001100111
011000101101000010110011011011110111100100010010000110000010011010111010010111000001001101101001000111110001100000011010010001000001101010101001010110011001001010001010100001100111
011000101101000010110011011011111100110110001110011111110011000011110011100101100111100110000110011010110001100000011010010001000001101010101001010110011001001010001010100001100111
011000101101000010110011011011111100110110110100100001011100110101011111110110000010001110011100101001010001000000011010010001000001101010101001010110011001001010001010100001100111
011000101101000010110011011011110111100100010001011100010010000000100110000011111101001101101001000111110001100000011010010001000001101010101001010110011001001010001010100001100111
011000101101000010110011011011111100110110010011110000000001001011101011000011110001011100110110101001010001000000011010010001000001101010101001010110011001001010001010100001100111
011000101101000010110011011011110111100100010011110000000001001011101011000011110001011100110110101001010001000000011010010001000001101010101001010110011001001010001010100001100111
011000101101000010110011011011101001010100100000101110111011001011101011000011110001011100110110101001010001000000011010010001000001101010101001010110011001001010001010100001100111
011000101101000010110011011011110111100100010010000110000010011010110111101110010101101101101001000111110001100000011010010001000001101010101001010110011001001010001010100001100111
011000101101000010110011011011101001010100010011110000000001000000100110000011111101001101101001000111110001100000011010010001000001101010101001010110011001001010001010100001100111
001101101010100010011111111000101101001001001111111011100010101100001101100011110001011100110110101001010001000000011010010001000001101010101001010110011001001010001010100001100111
011000101101000010110011011011110111100100010000101011100011101111000101011010111111111101110110011010110001100000011010010001000001101010101001010110011001001010001010100001100111
011000101101000010110011011011110111100100010000101011100011101101101001010100010101000110101011010011101111100000011010010001000001101010101001010110011001001010001010100001100111
011000101101000010110011011011111100110110010011110000000001000000000110000011111101001101101001000111110001100000011010010001000001101010101001010110011001001010001010100001100111
011000101101000010110011011011110111100100010011110000000001000000000110000011111101001101101001000111110001100000011010010001000001101010101001010110011001001010001010100001100111
011000101101000010110011011011101001010100001011010011010000001111010101110110000010001110011100101001010001000000011010010001000001101010101001010110011001001010001010100001100111
011000101101000010110011011011110111100100010000101011100011101101101011000011110001011100110110101001010001000000011010010001000001101010101001010110011001001010001010100001100111
001101101010100010011111111000101101001001001111111011100010101100001101110100010101000110101011010011101111100000011010010001000001101010101001010110011001001010001010100001100111
110011100110000110100110101011101110101000111101010101010011011100001101011010111111111101110110011010110001100000011010010001000001101010101001010110011001001010001010100001100111
001101001111010110111101001010010111001111001110000110001001101000111101100011110001011100110110101001010001000000011010010001000001101010101001010110011001001010001010100001100111
110011000011010011010101110111010001111100010011110000000001000000100110000011111101001101101001000111110001100000011010010001000001101010101001010110011001001010001010100001100111
011000101101000010110011011011110111100100010000001111100110110111011011110100110010001101101001000111110001100000011010010001000001101010101001010110011001001010001010100001100111
011000101101000010110011011011110111100100010010000110000010011010111010010100000010001110011100101001010001000000011010010001000001101010101001010110011001001010001010100001100111
110100011011110001111111011001100100101110001000011000100101111011111101100011110001011100110110101001010001000000011010010001000001101010101001010110011001001010001010100001100111
011000101101000010110011011011111100110110010101000011000101111011101011000011110001011100110110101001010001000000011010010001000001101010101001010110011001001010001010100001100111
011000101101000010110011011011110111100100010001011100010010001010101100110111000001001101101001000111110001100000011010010001000001101010101001010110011001001010001010100001100111
011000101101000010110011011011101001010100101111101001110000011010110111101110010101101101101001000111110001100000011010010001000001101010101001010110011001001010001010100001100111
011000101101000010110011011011110111100100010100100001011100110101011111110110000010001110011100101001010001000000011010010001000001101010101001010110011001001010001010100001100111
110011000011010011010101110111010100011110101010101001101110000110101100110111000001001101101001000111110001100000011010010001000001101010101001010110011001001010001010100001100111
110100011010111101110001011000011001111000110010000110000010011010111010010111000001001101101001000111110001100000011010010001000001101010101001010110011001001010001010100001100111
