110110000001110111001011101101011001100110011010101001001010001001010011001011000101001011001110100001101011101111110011100001110110110001101111110011001000010101111101100111011010
011001100001110111001011101101011001100110011010101001001010001001010011001011000101001011001110100001101011101111110011100001110110110001101111110011001000010101111101100111011010
110110000001011010010001011000110010110000110111110011111111100010000101100110011111111110100101110111000110110101000110001010100000011100110110000010011000010101111101100111011010
110110000001011010010001011000110010110000110111110011111111100010000101100110011111111110100101110111000110110101000110001010100000011100110101000110100011100110100100100111011010
110110000001011010010001011000110010110000110111110011111111100010000101100110011111111110100101110111011011101111110011100001110110110001101111110011001000010101111101100111011010
110110000001011010010001011000110010110000110111110011111111100010000101100110011111111110100101110111000110110101000110001010100000011100110101000110100000010101111101100111011010
110110000001011010010001011000110010110000110111110011111111100010000101100110011111111110100101110111000110110101000110001010100000011100110001101100111000010101111101100111011010
110110000001011010010001011000110010110000110111110011111111100010000101100110011111111110100101110111000110110101000110001010100000011100110101000110101010010101111101100111011010
110110000001011010010001011000110010110000110111110011111111100010000101100110011111111110100101110111000110110101000110001010100000011100110001001001000001110101111101100111011010
110110000001011010010001011000110010110000110111110011111111100010000101100110011111111110100101110111000110110101000110001010100000011100110101000111111000010101111101100111011010
110110000001011010010001011000110010110000110111110011111111100010000101100110011111111110100101110111000110110101000110001010100000011100000010101000001010010101111101100111011010
110110000001011010010001011000110010110000110111110011111111100010000101100110011111111110100101110111000110110101000110001010100000011100110101000110100000110101111101100111011010
110110000001011010010001011000110010110000110111110011111111100010000101100110011111111110100101110111000110110101000110001010100000011100110111111100101000010101111101100111011010
110110000001011010010001011000110010110000110111110011111111100010000101100110011111111110100101110111000110110101000110001010100000011100110000011101101010010101111101100111011010
100011110101101001001011101101011001100110011010101001001010001001010011001011000101001011001110100001101011101111110011100001110110110001101111110011001000010101111101100111011010
110110000001110111001011101101011001100110011010101001001010001001010011001011000101001011001110100001101011101111110011100001110110110001101010101011101110010101111101100111011010
100011101110110111001011101101011001100110011010101001001010001001010011001011000101001011001110100001101011101111110011100001110110110001101111110011001000010101111101100111011010
011001100001110111001011101101011001100110011010101001001010001001010011001011000101001011001110100001101011101111110011100001110110110001101010101011101110010101111101100111011010
110110000001110111001011101101011001100110011010101001001010001001010011001011000101001011001110100001101011101111110011100001110110110001101111110011001000001100111101100111011010
011001100001110111001011101101011001100110011010101001001010001001010011001011000101001011001110100001101011101111110011100001110110110001101111110011001000001100111101100111011010
110110000001110111001011101101011001100110011010101001001010001001010011001011000101001011001110100001101011101111110011100001110110110001101111111001110000010101111101100111011010
110110000001110111001011101101011001100110011010101001001010001001010011001011000101001011001110100001101011101111110011100001110110110001101111101100000110010101111101100111011010
011001100001110111001011101101011001100110011010101001001010001001010011001011000101001011001110100001101011101111110011100001110110110001101111111001110000010101111101100111011010
100011100011000010110101100110111001100110011010101001001010001001010011001011000101001011001110100001101011101111110011100001110110110001101111110011001000010101111101100111011010
110110000001110111001011101101011001100110011010101001001010001001010011001011000101001011001110100001101011101111110011100001110110110001101111110011001010010101111101100111011010
011001100001110111001011101101011001100110011010101001001010001001010011001011000101001011001110100001101011101111110011100001110110110001101111101100000110010101111101100111011010
011001100001110111001011101101011001100110011010101001001010001001010011001011000101001011001110100001101011101111110011100001110110110001101111110011001010010101111101100111011010
110110000001011010010001011000110010110000110111110011111111100010000101100110011111111110100101110111000110110101000110001010100000011100110101000110100011010001111101100111011010
110110000001011000011001001110101001100110011010101001001010001001010011001011000101001011001110100001101011101111110011100001110110110001101111110011001000010101111101100111011010
110110010111110111001011101101011001100110011010101001001010001001010011001011000101001011001110100001101011101111110011100001110110110001101111110011001000010101111101100111011010
110110000001110111001011101101011001100110011010101001001010001001010011001011000101001011001110100001101011101111110011100001110110110001101010101011101101110101111101100111011010
110110000001011010010001011000110010110000110111110011111111100010000101100110011111111110100101110111000110110101000110001010100000011100110101000110100011001101111101100111011010
