011010001010110001101001101110111001000100111011000011010111011000101101001001101001000010101001110010000011011010111010011111110101101110100100111000101101111000011101100100100001
011010001010110001101001101110111001000100111011000011010111011000101101011100101001000010101001110010000011011010111010011111110101101110100100111000101101111000011101100100100001
011010001010110001101001101110111001101111100010110110111111111101001111010001101001000010101001110010000011011010111010011111110101101110100100111000101101111000011101100100100001
011010001010110001101001101110111001000100111011000011010111011000101101110101110111100111101110010010000011011010111010011111110101101110100100111000101101111000011101100100100001
011010001010110001101001101011011101101111100010110110111111111101001111010001101001000010101001110010000011011010111010011111110101101110100100111000101101111000011101100100100001
011010001010110001101001101110111001000100111011000011010111001101001111010001101001000010101001110010000011011010111010011111110101101110100100111000101101111000011101100100100001
011010001010110001101001101110111001000100111011000011010111011000101101110101101001000010101001110010000011011010111010011111110101101110100100111000101101111000011101100100100001
011010001010110001101001101110111001000100111011000011010111010100000110011000011001000010101001110010000011011010111010011111110101101110100100111000101101111000011101100100100001
011010001010110001101001101110111001000101101101001111010001100000000101110101101001000010101001110010000011011010111010011111110101101110100100111000101101111000011101100100100001
011010001010110001101001101110111001000100111011000011010111101001100001001001101001000010101001110010000011011010111010011111110101101110100100111000101101111000011101100100100001
011010001010110001101001101110101100100111110110000101001011001100111110011001111011100001010010010111000000000111111010010001100001111111000110100000101101111000011101100100100001
011010001010110001101001101110111001000100111011000011010111011000101101110101110111101101011001110010000011011010111010011111110101101110100100111000101101111000011101100100100001
111001101001011101000110100110001101111111001110010110111111111101001111010001101001000010101001110010000011011010111010011111110101101110100100111000101101111000011101100100100001
011010001010110001101001101110111001000100111011000011011101101001101100011001111011100001010010010111000000000111111010010001100001111111000110100000101101111000011101100100100001
011010001010110001101001101110111001000100111011000110111111111101001111010001101001000010101001110010000011011010111010011111110101101110100100111000101101111000011101100100100001
011010001010110001101001101110111001000100111011000011010111010110010001111110101001000010101001110010000011011010111010011111110101101110100100111000101101111000011101100100100001
011010001010110001101001100001101100101101010001100101000001110001011010101000101001000010101001110010000011011010111010011111110101101110100100111000101101111000011101100100100001
011010001010110001101001101110111001000100111011000011010111011000100000011100101001000010101001110010000011011010111010011111110101101110100100111000101101111000011101100100100001
011010001010110001101001101110111011011000101111010000100011101001010001001001101001000010101001110010000011011010111010011111110101101110100100111000101101111000011101100100100001
011010001010110001101001101110111001000100111011000011011101100101000100101011101001000010101001110010000011011010111010011111110101101110100100111000101101111000011101100100100001
011010001010110001101001101110111001000100111011000011010111010100001000100111101010000110010000000000100110100110001011000101110101000111010000111010001101111000011101100100100001
011010001010110001101001101110111001000100111011000011010111010111101101100010000001000010101001110010000011011010111010011111110101101110100100111000101101111000011101100100100001
111001101111111110010000101011110110001111100010110110111111111101001111010001101001000010101001110010000011011010111010011111110101101110100100111000101101111000011101100100100001
011010001010110001101001101110111001000100111011000011010111010111100011011001111101000010101001110010000011011010111010011111110101101110100100111000101101111000011101100100100001
011010001010110001101001101110111001000100111011000110001111110001101100000010000011101111001001101110000011011010111010011111110101101110100100111000101101111000011101100100100001
011010001010110001101001101110111001000100111011000011010111011000100000011100010010110101110010110010000011011010111010011111110101101110100100111000101101111000011101100100100001
011010001010110001101001100001101100100111110110000101001011001100111110011001111011100001010010010111000000000111111010010001100001111111000110100000101101111000011101100100100001
011010001010110001101001101110111001000100111011000011011101100101000100100101011110101000111010100110000011011010111010011111110101101110100100111000101101111000011101100100100001
111001101001011101000110100110001101011111100101001111010001100000000101110101101001000010101001110010000011011010111010011111110101101110100100111000101101111000011101100100100001
111001101001011111001001101011011101101111100010110110111111111101001111010001101001000010101001110010000011011010111010011111110101101110100100111000101101111000011101100100100001
011010001010110001101001101110111000110111100010110110111111111101001111010001101001000010101001110010000011011010111010011111110101101110100100111000101101111000011101100100100001
111001101001011101000110100110001101111111001110110010111010100111010011001101110111100111101110010010000011011010111010011111110101101110100100111000101101111000011101100100100001
