111000000110000100011001110001000110010101100100001000000000001100100101011010100111100001100101010001000111000001001110100001110111000011100101111110000100110011110001101001000011
111000000110000100011001110001000110111110100000111000000000001100100101011010100111100001100101010001000111000001001110100001110111000011100101111110000100110011110001101001000011
111000000110000100011001110001000110010101100100001000000000001100100101011010100111100001100101010001000111000001001110100001110111000011100101111110000100110011110111101111111011
111000000110000100011001110001000110010101100100000111100000001100100101011010100111100001100101010001000111000001001110100001110111000011100101111110000100110011110001101001000011
111000000110000100011001110001000110010101100100001000000000001100100101011010100111100001100101010001000010011110011110100001110111000011100101111110000100110011110001101001000011
101101100100000100011001110001000110010101100100001000000000001100100101011010100111100001100101010001000111000001001110100001110111000011100101111110000100110011110001101001000011
111000000110000100011001110001000110010101100110100100010000001100100101011010100111100001100101010001000111000001001110100001110111000011100101111110000100110011110001101001000011
111000000110000100011001110001000110010101100111001101000000001100100101011010100111100001100101010001000111000001001110100001110111000011100101111110000100110011110001101001000011
111000000110011110011110100101000010111110000111000010100000001100100101011010100111100001100101010001000111000001001110100001110111000011100101111110000100110011110001101001000011
111000000110000100011001110001000110010101100100001000000000001100100101011010100111100001100101010001000111000001001110100001110111000011100101111110000100110011110001101111111011
111000000110000100011001110001000110010101100100001001111000001100100101011010100111100001100101010001000111000001001110100001110111000011100101111110000100110011110001101001000011
111000000110000100011001110001101010011110010010010100000000001100100101011010100111100001100101010001000111000001001110100001110111000011100101111110000100110011110001101001000011
111000000110000100011001110001000110010101100101100001010000001100100101011010100111100001100101010001000111000001001110100001110111000011100101111110000100110011110001101001000011
111000000110000100011001110001000110010100110010001110000000001100100101011010100111100001100101010001000111000001001110100001110111000011100101111110000100110011110001101001000011
111000000110000100011001110001000110010101100011111000000000001100100101011010100111100001100101010001000111000001001110100001110111000011100101111110000100110011110001101001000011
111000000110000100011001110001000110010101100100001000000000001100100101011010100111100001100101010001000111000001110011101011111000000011100101111110000100110011110001101001000011
111000000110000100011001110001000110010101100100001000000011100001111010101010100111100001100101010001000111000001001110100001110111000011100101111110000100110011110001101001000011
111001111010000100011001110001000110010101100100001000000000001100100101011010100111100001100101010001000111000001001110100001110111000011100101111110000100110011110001101001000011
111000000110011010011001110001000110010101100100001000000000001100100101011010100111100001100101010001000111000001001110100001110111000011100101111110000100110011110001101001000011
111000000110000100011001110001000110010101100100001000000000001100100101011010100111100001100101010001000111000001001101100001110111000011100101111110000100110011110001101001000011
111000000110000000011110100101000010111110000111000010100000001100100101011010100111100001100101010001000111000001001110100001110111000011100101111110000100110011110001101001000011
111000000110000100011001110001000110111110100000111000000000001100100101011010100111100001100101010001000111000001001110100001110111000011100101111110000100110011110111101111111011
111000000110000100011001110001000110010101100100001000000000001100100101011010100111100001100101010001000111000001001110100001110111000011100101111110000100010001111110101111111011
111000000110000100011001110001000110010101100100001000000000001100100101011010100111100001100101010001000111000001001110100001110111000011100101111110000100110011011100001111111011
111000000110000100011001110001000110010101100100001000000000001100100101011010100111100001100101010001000111000001001110100001110111000011100101111110000100010001110100001111111011
111000000110000100011001110001000110010101100100001000000000001100100101011010100111100001100101010001000111000001001110100001110111000011100101111110000100110011110001100011111011
111000000110000100011001110001000110010101100100001000000000001100100101011010100111100001100101010001000111000001001110100001110111000011100101111110000100110011110001101010110111
111000000110000100011001110001000110010101100100001000000000001100100101011010100111100001100101010001000111000001001110100001110111000011100101111110000100110010100111100101111011
111000000110000100011001110001000110010101100100001000011100001100100101011010100111100001100101010001000111000001001110100001110111000011100101111110000100110011110001101001000011
111000000110000100011001110001000110010101100100001000000000001100100101011010100111100001100101010001000111000001001110100001110111000011100101111110000100110011110011000101010000
111000000110000100011001110001000110010101100100001000000000001100100101011010100111100001100101010001000111000001001110100001110111000011100101111110000100110101011001011010110111
111000000110000100011001110001000110010101100100001000000000001100100101011010100111100001100101010001000111000001001110100001110111000011100101111110000100110011110001101001000001
