101000100111001101001011011001010011101111011010011001100100100011100101010111010000010000111100001110011111010001000001100011111111101001110101001110011101000100011110100110011111
101000100111001101001011011001010011101111011010011001100100100011100101010111010000010000101010001110011111010001000001100011111111101001110101001110011101000100011110100110011111
101000100111001101001011011001010011101111011010011001100100100011100101010111010000010000111011011000110010001011110100001000101001000100101111111011110110010010110011010001101110
101000100111001101001011011001010011101111011010011001100100100011100101010111010000010000110100001110011111010001000001100011111111101001110101001110011101000100011110100110011111
101000100111001101001011011001010011101111011010011001100100100011100101010111010000010000111100001110011111010001000001100011111111101001110101001110011101000100011110111100101110
101000100111001101001011011001010011101111011010011001100100100011100101010111010000010000111100000101110010001011110100001000101001000100101111111011110110010010110011010001101110
101000100111001101001011011001010011101111011010011001100100100011100101010111010000010000111000001110011111010001000001100011111111101001110101001110011101000100011110100110011111
101000100111001101001011011001010011101111011010011001100100100011100101010111010000010000110101001110011111010001000001100011111111101001110101001110011101000100011110100110011111
101000100111001101001011011001010011101111011010011001100100100011100101010111010000010000111100001110011111010001000001100011111111101001110101001110011010110001000011010100110110
101000100111001101001011011001010011101111011010011001100100100011100101010111010000010000101100001110011111010001000001100011111111101001110101001110011101000100011110100110011111
101000100111001101001011011001010011101111011010011001100100100011100101010111010000010000110011011000110010001011110100001000101001000100101111111011110110010010110011010001101110
101000100111001101001011011001010011101111011010011001100100100011100101010111010000010000111100001110011111010001000001100011111111101001110101001110011101000100011000111111111111
101000100111001101001011011001010011101111011010011001100100100011100101010111010000010000111100001110011111010001000001100011111111101001110101001110011101000100011100001100101110
101000100111001101001011011001010011101111011010011001100100100011100101010111010000010000111100001110011111010001000001100011111111101001110101001110011101000100010000011111111111
101000100111001101001011011001010011101111011010011001100100100011100101010111010000010000111100101110011111010001000001100011111111101001110101001110011101000100011110100110011111
101000100111001101001011011001010011101111011010011001100100100011100101010111010000010000101101011000110010001011110100001000101001000100101111111011110110010010110011010001101110
101000100111001101001011011001010011101111011010011001100100100011100101010111010000010000111100001110011111010001000001100011111111101001110101001111011000101100110011010001101110
101000100111001101001011011001010011101111011010011001100100100011100101010111010000010000110010001110011111010001000001100011111111101001110101001110011101000100011110100110011111
101000100111001101001011011001010011101111011010011001100100100011100101010111010000010000111100001110011111010001000001100011111111101001110101001110011010110001000111011111111111
101000100111001101001011011001010011101111011010011001100100100011100101010111010000010000111001011000110010001011110100001000101001000100101111111011110110010010110011010001101110
101000100111001101001011011001010011101111011010011001100100100011100101010111010000010000111100111000110010001011110100001000101001000100101111111011110110010010110011010001101110
101000100111001101001011011001010011101111011010011001100100100011100101010111010000010000111000011000110010001011110100001000101001000100101111111011110110010010110011010001101110
101000100111001101001011011001010011101111011010011001100100100011100101010111010000010000111100000001011111010001000001100011111111101001110101001110011101000100011110100110011111
101000100111001101001011011001010011101111011010011001100100100011100101010111010000010000110110001110011111010001000001100011111111101001110101001110011101000100011110100110011111
101000100111001101001011011001010011101111011010011001100100100011100101010111010000010000111100000100011111010001000001100011111111101001110101001110011101000100011110100110011111
101000100111001101001011011001010011101111011010011001100100100011100100001010011100101101000111011000110010001011110100001000101001000100101111111011110110010010110011010001101110
101000100111001101001011011001010011101111011010011001100100100011100100001010011100101101000000001110011111010001000001100011111111101001110101001110011101000100011110100110011111
101000100111001101001011011001010011101111011010011001100100100011100101010111010000010000101010011000110010001011110100001000101001000100101111111011110110010010110011010001101110
101000100111001101001011011001010011101111011010011001100100100011100101010111010000010000111001001110011111010001000001100011111111101001110101001110011101000100011110100110011111
101000100111001101001011011001010011101111011010011001100100100011100101010111010000010000010100001110011111010001000001100011111111101001110101001110011101000100011110100110011111
101000100111001101001011011001010011101111011010011001100100100011100101010111010000010000111100011000110010001011110100001000101001000100101111111011110110010010110011010001101110
101000100111001101001011011001010011101111011010011001100100100011100101010111010000010000000010001110011111010001000001100011111111101001110101001110011101000100011110100110011111
