110011001011111010110011111110101110111100001011110100100100000101000101000110000010101011110101101000100000110110110101111111101110000010101011000111000001110110000001001100110101
110011001011111010110011111110101110111100001011110100100100000101000101000110000010101011110101101000100000110110110111111111101110000010101011000111000001110110000001001100110101
110011001011111010110011111110101110111100001011110100101111011101101101000110000010101011110101101000100000110110110101111111101110000010101011000111000001110110000001001100110101
110011001011111010110011111110101110111100001011110100101110110100001001000110000010101011110101101000100000110110110101111111101110000010101011000111000001110110000001001100110101
110011001011111010110011111110101110111100001011110100101001111000111111000110000010101011110101101000100000110110110101111111101110000010101011000111000001110110000001001100110101
110011001011111010110011111110101110111100001011110100100100000101000101000101000010101011110101101000100000110110110101111111101110000010101011000111000001110110000001001100110101
110011001011111010110011111110101110111100001011110100100100000101000101000110111101001011010101101000100000110110110101111111101110000010101011000111000001110110000001001100110101
110011001011111010110011111110101110111100001011110100100111101010011000000110000010101011110101101000100000110110110101111111101110000010101011000111000001110110000001001100110101
110011001011111010110011111110101110111100001011110100100100000101000101000110000010101011110101101000100010011010100110111111101110000010101011000111000001110110000001001100110101
110011001011111010110011111110101110111100001011110100100100000101000101000110000010101011110101101000100000110101111001111111101110000010101011000111000001110110000001001100110101
110011001011111010110011111110101110111100001011110011000110011011010011000110000010101011110101101000100000110110110101111111101110000010101011000111000001110110000001001100110101
110011001011111010110011111110101110111100001011110100100100000101101110000010110010101011110101101000100000110110110101111111101110000010101011000111000001110110000001001100110101
110011001011111010110011111110101110111100001011110100100100000101000101000100101110111000110101101000100000110110110101111111101110000010101011000111000001110110000001001100110101
110011001011111010110011111110101110111100001011110100100100000101000101000110000010101011110001101101011000110110110101111111101110000010101011000111000001110110000001001100110101
110011001011111010110011111110101110111100001011110100100110011011010011000110000010101011110101101000100000110110110101111111101110000010101011000111000001110110000001001100110101
110011001011111010110011111110101110111100001010111010111001111000111111000110000010101011110101101000100000110110110101111111101110000010101011000111000001110110000001001100110101
110011001011111010110011111110101110111100001011110100100100000100111000000110000010101011110101101000100000110110110101111111101110000010101011000111000001110110000001001100110101
110011001011111010110011111110101110111100001011110100100100000101101101000110000010101011110101101000100000110110110101111111101110000010101011000111000001110110000001001100110101
110011001011111010110011111110101110111100001011110100100100000101000101000110000010101011110101101000100000110110110101111111101110000000000111010100000001110110000001001100110101
110011001011111010110011111110101110111100001001011000111001111000111111000110000010101011110101101000100000110110110101111111101110000010101011000111000001110110000001001100110101
110011001011111010110011111110101110010111001111000100100100000101000101000110000010101011110101101000100000110110110101111111101110000010101011000111000001110110000001001100110101
110011001011111010110011111110101110111100001011110100100100000101000101000110000010101011110101101000100000110101110101111111101110000010101011000111000001110110000001001100110101
110011001011111010110011111110101110111100001011110100101100110010110000000110000010101011110101101000100000110110110101111111101110000010101011000111000001110110000001001100110101
110011001011111010110011111110101110111100001011110100100100000101000101000110011001011111111010101010110000110110110101111111101110000010101011000111000001110110000001001100110101
110011001011111010110011111110101110111100001011110100101110110100000111110101000010101011110101101000100000110110110101111111101110000010101011000111000001110110000001001100110101
110011001011111010110011111110101110111100001011110101000110011011010011000110000010101011110101101000100000110110110101111111101110000010101011000111000001110110000001001100110101
110011001011111010110011111110101110111100001011110100100100000101000101000110000010101011110101101000100010011001101101111111101110000010101011000111000001110110000001001100110101
110011001011111010110011111110101110111100001011110100100100000101000101000110000010101011110101101000100000110110101000111000001110000010101011000111000001110110000001001100110101
110011001011111010110110100110001000111100001011110100100100000101000101000110000010101011110101101000100000110110110101111111101110000010101011000111000001110110000001001100110101
110011001011111010110011111110101110111100001001011000110111000101000101000110000010101011110101101000100000110110110101111111101110000010101011000111000001110110000001001100110101
110011001011111010110011111110101110111100001011110100100100000101000101000110110010101011110101101000100000110110110101111111101110000010101011000111000001110110000001001100110101
110011000100011010110011111110101110111100001011110100100100000101000101000110000010101011110101101000100000110110110101111111101110000010101011000111000001110110000001001100110101
