101110001001111011000101010101010000010100101010110111100000111100110011001001000010100001011001111100111111100000011110111111000001001100111110000001100111011110110000111100001110
101110001001111011000101010101010000010100101010110111100000111100110011001001000010100001011001111100111111100000011110111111000000011010110111100001100111011110110000111100001110
101110001001111011000101010101010000010100101010110010111000111100110011001001000010100001011001111100111111100000011110111111000001001100111110000001100111011110110000111100001110
101110001001111011000101010101010000010100101010110010111000111100110011001001000010100001011001111100111111100000011110111111000000011010110111100001100111011110110000111100001110
110010001101011010111001001101111100001100000110001001011000111100110011001001000010100001011001111100111111100000011110111111000001001100111110000001100111011110110000111100001110
101110001001111011000101010101010000010100101010110000000010001010101111001011001000110000101001100101010100100101110101010110101000101111111000001011111101011110110000111100001110
110010001101011010111001001101111100001100000110001001011000111100110011001001000010100001011001111100111111100000011110111111000000011010110111100001100111011110110000111100001110
101110001001111011000101010101010000110011111010101011110000111100110011001001000010100001011001111100111111100000011110111111000001001100111110000001100111011110110000111100001110
111110011110000001011010000111100010100100011110110000000010001010101111001011001000110000101001100101010100100101110101010110101000101111111000001011111101011110110000111100001110
101110001001111011000101010101010000110011111010101011110000111100110011001001000010100001011001111100111111100000011110111111000000011010110111100001100111011110110000111100001110
101110001001111011000101010101001011101001000011100011000000111100110011001001000010100001011001111100111111100000011110111111000001001100111110000001100111011110110000111100001110
100111101111000010110101001110011000011011000100000000111000111100110011001001000010100001011001111100111111100000011110111111000001001100111110000001100111011110110000111100001110
101110001001111011000101010101001011101001000011100011000000111100110011001001000010100001011001111100111111100000011110111111000000011010110111100001100111011110110000111100001110
101110001001111011000101010101010000111000101010100001000000111100110011001001000010100001011001111100111111100000011110111111000001001100111110000001100111011110110000111100001110
100111101111000010110101001110011000011011000100000000111000111100110011001001000010100001011001111100111111100000011110111111000000011010110111100001100111011110110000111100001110
101110001001111011000101010101010000111000101010100001000000111100110011001001000010100001011001111100111111100000011110111111000000011010110111100001100111011110110000111100001110
101110001001111011000101010101010111010011101000101011110000111100110011001001000010100001011001111100111111100000011110111111000001001100111110000001100111011110110000111100001110
100111101111000010110101001110011000110000000000110000000010001010101111001011001000110000101001100101010100100101110101010110101000101111111000001011111101011110110000111100001110
101110001001111011000101010101010111010011101000101011110000111100110011001001000010100001011001111100111111100000011110111111000000011010110111100001100111011110110000111100001110
101101111011110001111100001011111111101110111000001011110000111100110011001001000010100001011001111100111111100000011110111111000001001100111110000001100111011110110000111100001110
100111101111000010110101001110011000110000000000110000010000111100110011001001000010100001011001111100111111100000011110111111000001001100111110000001100111011110110000111100001110
100111101111000010110101001110011000110000000000110010000101010111100101100100011000010100110010101010010010111010101011010100011001001110010010010010100111011110110000111100001110
100111101111000010110101001110011000110000000000110000010000111100110011001001000010100001011001111100111111100000011110111111000000011010110111100001100111011110110000111100001110
110010001101011010111001001101111100101001110000101010100010001010101111001011001000110000101001100101010100100101110101010110101000101111111000001011111101011110110000111100001110
100111101111000010110101001110011000110000000000110010000101010111100101100100011000010100110010101010010010111010101011010100010110000101101100100010010111011110110000111100001110
100011100111000111111101011001001101001100010001000000110000111100110011001001000010100001011001111100111111100000011110111111000001001100111110000001100111011110110000111100001110
101101111011110001111100001011111111101110111000001011110000111100110011001001000010100001011001111100111111100000011110111111000000011010110111100001100111011110110000111100001110
110010001101011010111001001101111100001101011010101011110000111100110011001001000010100001011001111100111111100000011110111111000001001100111110000001100111011110110000111100001110
100111101111000010110101001110011000110000000000110000000010001010101111001011001000110000101001100101010100100101110101010110101000101011000001111101101010000010001100000111110111
110010001101011010111001001101111100001101011010101011110000111100110011001001000010100001011001111100111111100000011110111111000000011010110111100001100111011110110000111100001110
100111101111000010110101001110011000110000000000110001000000111100110011001001000010100001011001111100111111100000011110111111000001001100111110000001100111011110110000111100001110
101110001001111011000101010101010111010110001010111101011000111100110011001001000010100001011001111100111111100000011110111111000001001100111110000001100111011110110000111100001110
