000100011101101100001010100001001111100101001100001101101010010000000000100001010111101001100111111111011100010110110111001101111101100111111110100111101010101000001111000001011010
000100011101101100001010100001001111100101001110000111011110011001010010011000101110000110010100111000100110000001010011000000000111101011111110100111101010101000001111000001011010
000100011101101100001010100001001111100101001111010100000111010111100100001001101011101001100111111111011100010110110111001101111101100111111110100111101010101000001111000001011010
000100011101101100001010100001001111100101001111010100011011010111100100001001101011101001100111111111011100010110110111001101111101100111111110100111101010101000001111000001011010
000100011101101100001010100001001111100101001100001000110010111100110010100100110001011100001100101001110001001100000010100110000111101011111110100111101010101000001111000001011010
000100011101101100001010100001001111110110010000100011101011110010000100110101110100110011111111101110001011011011100110100010000111101011111110100111101010101000001111000001011010
000100011101101100001010100001001111100101001100001000110001001001110000111101000110110110111101001100101101101100101101101110000111101011111110100111101010101000001111000001011010
000100011101101100001010100001001111100101001110010001001001001001110000111101000110110110111101001100101101101100101101101110000111101011111110100111101010101000001111000001011010
000100011101101100001010100001001111100101001111010111011110011001010010011000101110000110010100111000100110000001010011000000000111101011111110100111101010101000001111000001011010
000100011101101100001010100001001111100101001100001000110010010111100100001001101011101001100111111111011100010110110111001101111101100111111110100111101010101000001111000001011010
000100011101101100001010100001001111100101001100101010111010000010111110010110000001100000101010010101011100010110110111001101111101100111111110100111101010101000001111000001011010
000100011101101100001010100001001111100101001111010000110101110100000101111100101100000011000001111111101110001001100101101110000111101011111110100111101010101000001111000001011010
000100011101101100001010100001001111100101001111010101101101000111110100001001101011101001100111111111011100010110110111001101111101100111111110100111101010101000001111000001011010
000111110000000010100111111010110000010011010100110110100000110100000101111100101100000011000001111111101110001001100101101110000111101011111110100111101010101000001111000001011010
000100011101101100001010100001001111111001001110000111011110011001010010011000101110000110010100111000100110000001010011000000000111101011111110100111101010101000001111000001011010
000100011101101100001010100001001111111000000000010111011110011001010010011000101110000110010100111000100110000001010011000000000111101011111110100111101010101000001111000001011010
000100011101101100001010100001001111100101001100001010100001001010011110110111101101100011000001111111101110001001100101101110000111101011111110100111101010101000001111000001011010
000100011101101100001010100001001111100101001100001000110010110100000000100001010111101001100111111111011100010110110111001101111101100111111110100111101010101000001111000001011010
000100011101101100001010100001001111100101001100101010111010000010111110010100100011101001100111111111011100010110110111001101111101100111111110100111101010101000001111000001011010
000100011101101100001010100001001111100101001110110111011110011001010010011000101110000110010100111000100110000001010011000000000111101011111110100111101010101000001111000001011010
000100011101101100001010100001001111100101001110011110100011111010000100110101110100110011111111101110001011011011100110100010000111101011111110100111101010101000001111000001011010
000100011101101100001010100001001111100101001110011110100000110100000101111100101100000011000001111111101110001001100101101110000111101011111110100111101010101000001111000001011010
000111110000000010100111111010110000010011010100010010000111010111100100001001101011101001100111111111011100010110110111001101111101100111111110100111101010101000001111000001011010
000100011101101100001010100001001111100101001111010001010101110100000101111100101100000011000001111111101110001001100101101110000111101011111110100111101010101000001111000001011010
000100011101101100001010100001001111110110000000100110111010000010111110010110000001100000101010010101011100010110110111001101111101100111111110100111101010101000001111000001011010
000111110000000010100111111010110000010101100100010111011110011001010010011000101110000110010100111000100110000001010011000000000111101011111110100111101010101000001111000001011010
001011101001100111001110101110010000110000010000000111110100110100011101101101101010100000100001111000100110000001010011000000000111101011111110100111101010101000001111000001011010
001011101001100111001110101110010000110000010000111001111010101001011100010000000011110100000001011101000001000100010100111000000111101011111110100111101010101000001111000001011010
000111110000000010100111111010110000010011010100001011101011110010000100110101110100110011111111101110001011011011100110100010000111101011111110100111101010101000001111000001011010
000111110000000010100111111010110000010011001000010010011011010111100100001001101011101001100111111111011100010110110111001101111101100111111110100111101010101000001111000001011010
000111110000000010100111111010110000010011010100001101101010010000000000100001010111101001100111111111011100010110110111001101111101100111111110100111101010101000001111000001011010
001011101001100111001110101110010000110000010000000111110100110100011100111100101110000110010100111000100110000001010011000000000111101011111110100111101010101000001111000001011010
