001000001010110001101001000111111100010110100100100000101011001100100011101000001000111001010011011011110101101001101101101001001111010100011010011100011111000100000010111110111100
001000001010110001101101110010010111000000001001111010011110100111110101000101010010001100111000001101011000110011011000110001001111010100011010011100011111000100000010111110111100
010000000111111101100001111110010111000000001001111010011110100111110101000101010010001100111000001101011000110011011000110001001111010100011010011100011111000100000010111110111100
001000001010110111000110101110010111000000001001111010011110100111110101000101010010001100111000001101011000110011011000110001001111010100011010011100011111000100000010111110111100
001000001010110001101001000111111100010110100100100000101011001100100011101000001000111001010011011011110101101001101101011010110010111100000010011100011111000100000010111110111100
001000001010110001101001000111111100010110100100100000101011001100100011101000001000111001010100001101011000110011011000110001001111010100011010011100011111000100000010111110111100
001000001010110111000110101010010111000000001001111010011110100111110101000101010010001100111000001101011000110011011000110001001111010100011010011100011111000100000010111110111100
001000001010110001101001000111111100010110100100100000101011001100100011101000001000111001010011011011110101101001101101011010011011010100011010011100011111000100000010111110111100
001000001010110111101000010000010111000000001001111010011110100111110101000101010010001100111000001101011000110011011000110001001111010100011010011100011111000100000010111110111100
001000001010110001101001000111111100010110100100100000101011001100100011101000001000111001010011011011110101101001101101011010110010111100011010011100011111000100000010111110111100
001000001010110000110001111110010111000000001001111010011110100111110101000101010010001100111000001101011000110011011000110001001111010100011010011100011111000100000010111110111100
001000001010110001001000011010000010000000001001111010011110100111110101000101010010001100111000001101011000110011011000110001001111010100011010011100011111000100000010111110111100
001000001010110001100001111110010111000000001001111010011110100111110101000101010010001100111000001101011000110011011000110001001111010100011010011100011111000100000010111110111100
001000001010110001101001000111101001010110100100100000101011001100100011101000001000111001010011011011110101101001101101101001001111010100011010011100011111000100000010111110111100
001000001010110001101001000111111100010110100100100000101011001100100011101000001000111001010011011011110101101001101101001111010000100100011010011100011111000100000010111110111100
001000001010110001011000101010010111000000001001111010011110100111110101000101010010001100111000001101011000110011011000110001001111010100011010011100011111000100000010111110111100
001000001010110111000100100000011010111011100111111110011110100111110101000101010010001100111000001101011000110011011000110001001111010100011010011100011111000100000010111110111100
001000001010110001101001000111111100010110100100100000101011001001000010111110100010000000111001111100011101010101100101100101110011010100011010011100011111000100000010111110111100
001111011101101000011001100010000010000000001001111010011110100111110101000101010010001100111000001101011000110011011000110001001111010100011010011100011111000100000010111110111100
001000001010110001010000000110010111000000001001111010011110100111110101000101010010001100111000001101011000110011011000110001001111010100011010011100011111000100000010111110111100
001000001010110001101001000111111100010110100100100000101011001001000010111110100010000000111110001101011000110011011000110001001111010100011010011100011111000100000010111110111100
001000001010110001101100011111111100010110100100100000101011001100100011101000001000111001010011011011110101101001101101101001001111010100011010011100011111000100000010111110111100
010000000111111011000110101110010111000000001001111010011110100111110101000101010010001100111000001101011000110011011000110001001111010100011010011100011111000100000010111110111100
001000001010110001101001000111111100010110100100100000101011001001000010111110100010000000111110100110110000110011011000110001001111010100011010011100011111000100000010111110111100
001000001010110001101001000111101001010110100100100000101011001100100011101000001000111001010011011011110101101001101101011010110010111100000010011100011111000100000010111110111100
001000001010110000011001100010000010000000001001111010011110100111110101000101010010001100111000001101011000110011011000110001001111010100011010011100011111000100000010111110111100
001000001010110001101001000111111100010110100100100000101011001100100011101000001000111001010100001100001110111010101000110001001111010100011010011100011111000100000010111110111100
001000001010110000101011101110010111000000001001111010011110100111110101000101010010001100111000001101011000110011011000110001001111010100011010011100011111000100000010111110111100
001000001010110001101001000111111100010110100100100000101011001100100011101000001000111001010011011011110101101001101101011010011011010111111111110110011110001000000011111000100000
001000001010110001101001000111111100010110100100100000101011001100100011101000001000111001010011011011110101101001101101011010110010111100100110011100011111000100000010111110111100
001000001010110000110010011111010111000000001001111010011110100111110101000101010010001100111000001101011000110011011000110001001111010100011010011100011111000100000010111110111100
001000001010110001101001000111111100010110100100100000101011001100100011101000001000111001010011011011110101101001101101011010011001111001000000101001110111000100000010111110111100
