000110011110011010000111011010110001111100010101111000100100000101001010011000110100111110101110100000001001101100010100000101100000110001100110001011100101010011010
000110011110011010000111011010110010100111110000111000100100000101001010011000110100111110101110100000001001101100010100000101100000110001100110001011100101010011010
000110011110011010000111011010110001111100010101111000100100000101001010011000110100111110101110100000001001101100010100000101100000110001110000100111111100010011111
000110011110011010000111011010110001111100010101111000100100000101001010011000110100111110101110100000001001101100010100000101100000110010101110110011011100010011111
000110011110011010000111011010110001111100010101111000100100000101001010011000110100111110101110100000001001101100010100000101100000110010101110001111010000110011111
000110011110011010000111011010110001111100010101111000100100000101001010011000110100111110101110100000001001101100010100000101100000110001001111011011100101010011010
000110011110011010000111011010110010100111110000111000100100000101001010011000110100111110101110100000001001101100010100000101100000110001110000100111111100010011111
000110011110011010000111011010110010100111110000111000100100000101001010011000110100111110101110100000001001101100010100000101100000110010101110110011011100010011111
000110011110011010000111011010110001111100010101111000100100000101001010011000110100111110101110100000001001101100010100000101100000110001001100010101101100010011111
000110011110011010000111011010110001111100010101111000100100000101001010011000110100111110101110100000001001101100010100000101100000110010110000100111111100010011111
000110011110011010000111011010110001111100010101111000100100000101001010011000110100111110101110100000001001101100010100000101100000110001000100111111100000110011111
000110011110011010000111011010110010100111110000111000100100000101001010011000110100111110101110100000001001101100010100000101100000110010101110001111010000110011111
000110011110011010000111011010110001111100010101111000100100000101001010011000110100111110101110100000001001101100010100000101100000110010111111111101000011010011010
000110011110011010000111011010110010100111110000111000100100000101001010011000110100111110101110100000001001101100010100000101100000110001001111011011100101010011010
000110011110011010000111011010110001111100010101111000100100000101001010011000110100111110101110100000001001101100010100000101100000110001100101000101101100010011111
000110011110011010000111011010110001111100010101111000100100000101001010011000110100111110101110100000001001101100010100000101100000110001110000100111111100010011010
000110011110011010000111011010110001111100010101111000100100000101001010011000110100111110101110100000001001101100010100000101100000110010101110110011011100010011010
000110011110011010000111011010110010100111110000111000100100000101001010011000110100111110101110100000001001101100010100000101100000110001001100010101101100010011111
000110011110011010000111011010110010100111110000111000100100000101001010011000110100111110101110100000001001101100010100000101100000110010110000100111111100010011111
000110011110011010000111011010110010100111110000111000100100000101001010011000110100111110101110100000001001101100010100000101100000110001000100111111100000110011111
000110011110011010000111011010110010100111110000111000100100000101001010011000110100111110101110100000001001101100010100000101100000110010111111111101000011010011010
000110011110011010000111011010110001111100010101111000100100000101001010011000110100111110101110100000001001101100010100000101100000110010110010101111100000110011111
000110011110011010000111011010110001111100010101111000100100000101001010011000110100111110101110100000001001101100010100000101100000110001100000111001111100010011111
000110011110011010000111011010110010100111110000111000100100000101001010011000110100111110101110100000001001101100010100000101100000110001100101000101101100010011111
000110011110011010000111011010110001111100010101111000100100000101001010011000110100111110101110100000001001101100010100000101100000110001100101111000011000110011111
000110011110011010000111011010110010100111110000111000100100000101001010011000110100111110101110100000001001101100010100000101100000110001110000100111111100010011010
000110011110011010000111011010110010100111110000111000100100000101001010011000110100111110101110100000001001101100010100000101100000110010101110110011011100010011010
000110011110011010000111011010110010100111110000111000100100000101001010011000110100111110101110100000001001101100010100000101100000110010110010101111100000110011111
000110011110011010000111011010110010100111110000111000100100000101001010011000110100111110101110100000001001101100010100000101100000110001100000111001111100010011111
000110011110011010000111011010110010100111110000111000100100000101001010011000110100111110101110100000001001101100010100000101100000110001100101111000011000110011111
000110011110011010000111011010110001111100010101111000100100000101001010011000110100111110101110100000001001101100010100000101100000110010101000101101100101010011010
000110011110011010000111011010110010100111110000111000100100000101001010011000110100111110101110100000001001101100010100000101100000110010101000101101100101010011010
