000000011010110100101011001011011010010001010011001001110000100111000000011100000101010000101011011001110110001111101100001010000111100101011111111101001001101011100
000000011010110100101011001011011010010001010011001001110000100111000000011100000101010000101011011001110110001111101100001010000111100101011111111110000111100001001
000000011010110100101011001011011010010001010011001001110000100111000000011100000101010000101011011001110110001111101100001010000111100101011111111101001111100001001
000000011010110100101011001011011010010001010011001001110000100111000000011100000101010000101011011001110110001111101100001010000111100101011111111110000111101111111
000000011010110100101011001011011010010001010011001001110000100111000000011100000101010000101011011001110110001111101100001010000111100101011111111101010101101101001
000000011010110100101011001011011010010001010011001001110000100111000000011100000101010000101011011001110100001111101100001010000111100101011111111101001001101011100
000000011010110100101011001011011010010001010011001001110000100111000000011100000101010000101011011001110110001111101100001010000111100101011111111101011111100001001
000000011010110100101011001011011010010001010011001001110000100111000000011100000101010000101011011001110110001111101100001010000111100101011111111111001111100001001
000000011010110100101011001011011010010001010011001001110000100111000000011100000101010000101011011001110110001111101100001010000111100101011111111110001110101101001
000000011010110100101011001011011010010001010011001001110000100111000000011100000101010000101011011001110110001111101100001010000111100101011111111110111111100001001
000000011010110100101011001011011010010001010011001001110000100111000000011100000101010000101011011001110110001111101100001010000111100101011111111101001001100001001
000000011010110100101011001011011010010001010011001001110000100111000000011100000101010000101011011001110110001111101100001010000111100101011111111101001001001101001
000000011010110100101011001011011010010001010011001001110000100111000000011100000101010000101011011001110110001111101100001010000111100101011111111111111111100001001
000000011010110100101011001011011010010001010011001001110000100111000000011100000101010000101011011001110110001111101100001010000111100101011111111100110001101011100
000000011010110100101011001011011010010001010011001001110000100111000000011100000101010000101011011001110110001111101100001010000111100101011111111101000011000001001
000000011010110100101011001011011010010001010011001001110000100111000000011100000101010000101011011001110110001111101100001010000111100101011111111101111111100001001
000000011010110100101011001011011010010001010011001001110000100111000000011100000101010000101011011001110110001111101100001010000111100101011111111110001101001001001
000000011010110100101011001011011010010001010011001001110000100111000000011100000101010000101011011001110110001111101100001010000111100101011111111110011000000001001
000000011010110100101011001011011010010001010011001001110000100111000000011100000101010000101011011001110110001111101100001010000111100101011111111110001111100001001
000000011010110100101011001011011010010001010011001001110000100111000000011100000101010000101011011001110110001111101100001010000111100101011111111110101001001101001
000000011010110100101011001011011010010001010011001001110000100111000000011100000101010000101011011001110110001111101100001010000111100101011111111110000001101011100
000000011010110100101011001011011010010001010011001001110000100111000000011100000101010000101011011001110110001111101100001010000111100101011111111110000111101101001
000000011010110100101011001011011010010001010011001001110000100111000000011100000101010000101011011001110110001111101100001010000111100101011111111101001001001001001
000000011010110100101011001011011010010001010011001001110000100111000000011100000101010000101011011001110110001111101100001010000111100101011111111110111110101101001
000000011010110100101011001011011010010001010011001001110000100111000000011100000101010000101011011001110110001111101100001010000111100101011111111110101101100001001
000000011010110100101011001011011010010001010011001001101101100111000000011100000101010000101011011001110110001111101100001010000111100101011111111101001001101011100
000000011010110100101011001011011010010001010011001001110000100111000000011100000101010000101011011001110110001111101100001010000111100101011111111011001001101011100
000000011010110100101011001011011010010001010011001001110000100111000000011100000101010000101011011001110110001111101100001010000111100101011111111101001001101101001
000000011010110100101011001011011010010001010011001001110000100111000000011100000101010000101011011001110110001111101100001010000111100101011111111101010100111000000
000000011010110100101011001011011010010001010011001001110000100111000000011100000101010000101011011001110110001111101100001010000111100101011111101001111111100001001
000000011010110100101011001011011010010001010011001001110000100111000000011100000101010000101011011001110110001111101100001010000111100101011111111101010110001101001
000000011010110100101011001011011010010001010011001001110000100111000000011100000101010000101011011001110110001111101100001010000111100101011111111111110110101101001
