100000001001100010010111100100000100010101101001010011011110100100101110100001001000111100101100101110101100111000111101110100001010000011111110110000101001000000100
100000001001100010010111100100000100010101101001010011011110100100101110100001001000111100101100101110101100111011111101110100001010000011111110110000101001000000100
100000001001100010010111100100000100010101101001010011011110100100101110100001001000111100101100101110101110110100111101110100001010000011111110110000101001000000100
100000001001100010010111100100000100010101101001010011011110100100101110100001001000111100101100101110101100000100111101110100001010000011111110110000101001000000100
100000001001100010010111100100000100010101101001010011011110100100101110100001001000111100101100101110101100111000011101110100001010000011111110110000101001000000100
100000001001100010010111100100000100010101101001010011011110100100101110100001001000111100101100101110101100000111111101110100001010000011111110110000101001000000100
100000001001100010010111100100000100010101101001010011011110100100101110100001001000111100101100101110101100111010111101110100001010000011111110110000101001000000100
100000001001100010010111100100000100010101101001010011011110100100101110100001001000111100101100101110101100011100111101110100001010000011111110110000101001000000100
100000001001100010010111100100000100010101101001010011011110100100101110100001001000111100101100101110101100111011011101110100001010000011111110110000101001000000100
100000001001100010010111100100000100010101101001010011011110100100101110100001001000111100101100101110101100100011111101110100001010000011111110110000101001000000100
100000001001100010010111100100000100010101101001010011011110100100101110100001001000111100101100101110101110101111111101110100001010000011111110110000101001000000100
100000001001100010010111100100000100010101101001010011011110100100101110100001001000111100101100101110101100110100111101110100001010000011111110110000101001000000100
100000001001100010010111100100000100010101101001010011011110100100101110100001001000111100101100101110101100000011111101110100001010000011111110110000101001000000100
100000001001100010010111100100000100010101101001010011011110100100101110100001001000111100101100101110101100101100111101110100001010000011111110110000101001000000100
011000011010011010110011100100000100010101101001010011011110100100101110100001001000111100101100101110101100111000111101110100001010000011111110110000101001000000100
011000011010011010110000011100100000100010101101001010011011110100100101110100001001000111100101100101110101100111111101110100001010000011111110110000101001000000100
011000011010011010110000011100100000100010101101001010011011110100100101110100001001000111100101100101110101110100111101110100001010000011111110110000101001000000100
011000011010011010110000011100100000100010101101001010011011110100100101110100001001000111100101100101110101100011111101110100001010000011111110110000101001000000100
011000011010011010110011100100000100010101101001010011011110100100101110100001001000111100101100101110101100111011111101110100001010000011111110110000101001000000100
011000011010000011100101111100100000100010101101001010011011110100100101110100001001000111100101100101110101100111111101110100001010000011111110110000101001000000100
011000011010000011100101111100100000100010101101001010011011110100100101110100001001000111100101100101110101110100111101110100001010000011111110110000101001000000100
011000011010000011100101111100100000100010101101001010011011110100100101110100001001000111100101100101110101100011111101110100001010000011111110110000101001000000100
011000011010011010110000000000000100010101101001010011011110100100101110100001001000111100101100101110101100111000111101110100001010000011111110110000101001000000100
011000011010011010110011100100000100010101101001010011011110100100101110100001001000111100101100101110101110110100111101110100001010000011111110110000101001000000100
011000011010011010110000000000000000100010101101001010011011110100100101110100001001000111100101100101110101100111111101110100001010000011111110110000101001000000100
011000011010011010110011100100000100010101101001010011011110100100101110100001001000111100101100101110101100000100111101110100001010000011111110110000101001000000100
011000011010011010110000000000000000100010101101001010011011110100100101110100001001000111100101100101110101110100111101110100001010000011111110110000101001000000100
011000011010011010110000000000000000100010101101001010011011110100100101110100001001000111100101100101110101100011111101110100001010000011111110110000101001000000100
011000011010011010110011111101110100010101101001010011011110100100101110100001001000111100101100101110101100111000111101110100001010000011111110110000101001000000100
011000011010011101011111000011100100000100010101101001010011011110100100101110100001001000111100101100101110101100111101110100001010000011111110110000101001000000100
011000011010011010110000011100100000100010101101001010011011110100100101110100001001000111100101100101110101100111011101110100001010000011111110110000101001000000100
011000011010011010110011100100000100010101101001010011011110100100101110100001001000111100101100101110101100111000011101110100001010000011111110110000101001000000100
