101110101111101010110111111000010100110001111011001000001001100001000110011100000000001001001011000001000000001101011101100010101100011101110010110111101110000110000
101110101111101010110111111000010100110001111011001000001001100001000110011100000000001001001011000001000000001101011101100010101100011101110111100110001100101110100
101110101111101010110111111111000010100110001111011001000001001100001000110011100000000001001001011000001000000001101011101100010101100011110010110111101110000110000
101110101111101010110111111000010100110001111011001000001001100001000110011100000000001001001011000001000000001101011101100010101100011101110010110111101110000110010
101110101111101010110111111000010100110001111011001000001001100001000110011100000000001001001011000001000000001101011101100010101100011101100111100110001100101110100
101110101111101010110111110111000010100110001111011001000001001100001000110011100000000001001001011000001000000001101011101100010101100011110010110111101110000110000
101110101111101010110111111000010100110001111011001000001001100001000110011100000000001001001011000001000000001101011101100010101100011101110010100000010001100011100
101110101111101010110111111000010100110001111011001000001001100001000110011100000000001001001011000001000000001101011101100010101100011101110010110111101110010001100
101110101111101010110111111111000010100110001111011001000001001100001000110011100000000001001001011000001000000001101011101100010101100011101110111100110001100101110
101110101111101010110111111000010100110001111011001000001001100001000110011100000000001001001011000001000000001101011101100010101100011101100001100000010110010001100
101110101111101010110111111111000010100110001111011001000001001100001000110011100000000001001001011000001000000001101011101100010101100011110111100110001100101110100
101110101111101010110111111000010100110001111011001000001001100001000110011100000000001001001011000001000000001101011101100010101100011110101111100110001100101110100
101110101111101010110111110111000010100110001111011001000001001100001000110011100000000001001001011000001000000001101011101100010101100011101110111100110001100101110
101110101111101010110111111111000010100110001111011001000001001100001000110011100000000001001001011000001000000001101011101100010101100011101110100110001100101110100
101110101111101010110111111000010100110001111011001000001001100001000110011100000000001001001011000001000000001101011101100010101100011101110010110111101110000010110
101110101111101010110111111000010100110001111011001000001001100001000110011100000000001001001011000001000000001101011101100010101100011101110010110111111010011001100
101110101111101010110111111000010100110001111011001000001001100001000110011100000000001001001011000001000000001101011101100010101100011101110111100110001110001101000
101110101111101010110111111111000010100110001111011001000001001100001000110011100000000001001001011000001000000001101011101100010101100011101111100110001100101110100
101110101111101010110111111111000010100110001111011001000001001100001000110011100000000001001001011000001000000001101011101100010101100011110100110001110001101000100
101110101111101010110111111000010100110001111011001000001001100001000110011100000000001001001011000001000000001101011101100010101100011101100001100000010011000001010
101110101111101010110111111000010100110001111011001000001001100001000110011100000000001001001011000001000000001101011101100010101100011101110010110111111010011010100
101110101111101010110111110111000010100110001111011001000001001100001000110011100000000001001001011000001000000001101011101100010101100011110111100110001100101110100
101110101111101010110111111000010100110001111011001000001001100001000110011100000000001001001011000001000000001101011101100010101100011101110100110001110001101000100
101110101111101010110111110111111000010100110001111011001000001001100001000110011100000000001001001011000001000000001101011101100010101100011110100110001100101110100
101110101111101010110111111000010100110001111011001000001001100001000110011100000000001001001011000001000000001101011101100010101100011100110010110111101110000110000
101110101111101010110111111000010100110001111011001000001001100001000110011100000000001001001011000001000000001101011101100010101100011110100111100110001100101110100
101110101111101010110111111111000010100110001111011001000001001100001000110011100000000001001001011000001000000001101011101100010101100011101100111100110001100101110
101110101111101010110111111000010100110001111011001000001001100001000110011100000000001001001011000001000000001101011101100010101100011110110010110111101110000110000
101110101111101010110111111111000010100110001111011001000001001100001000110011100000000001001001011000001000000001101011101100010101100011101110010110111101110010001
101110101111101010110101011111000010100110001111011001000001001100001000110011100000000001001001011000001000000001101011101100010101100011110010110111101110000110000
101110101111101010110111111000010100110001111011001000001001100001000110011100000000001001001011000001000000001101011101100010101100011101110010111100110001100101110
101110101111101010110111111111000010100110001111011001000001001100001000110011100000000001001001011000001000000001101011101100010101100011101100001111001100010001100
