110100110010001010110101111011010111101001010010011001101101001111111101110011000001111101100110011000010010010001001001110011010001010001011101011011000011100001110
110100110010001010110101111011010111101001010010011001101101001111111101110011010111011101100110011000010010010001001001110011010001010001011101011011000011100001110
110100110010001010110101111011010111101001010010011001101101001111111101110011011001111101100110011000010010010001001001110011010001010001011101011011000011100001110
110100110010001010110101111011010111101001010010011001101101001111111101110011011101111101100110011000010010010001001001110011010001010001011101011011000011100001110
110100110010001010110101111011010111101001010010011001101101001111111101110011011001110110100110011000010010010001001001110011010001010001011101011011000011100001110
110100110010001010110101111011010111101001010010011001101101001111111101110011011010111101100110011000010010010001001001110011010001010001011101011011000011100001110
110100110010001010110101111011010111101001010010011001101101001111111101110011011111101100110011000010010010001001001110011010001010001111011101011011000011100001110
110100110010001010110101111011010111101001010010011001101101001111111101110011011001110110101110000010010010001001001110011010001010001111011101011011000011100001110
110100110010001010110101111011010111101001010010011001101101001111111101110011011101100110011000010010010001001001110011010001010001010001011101011011000011100001110
110100110010001010110101111011010111101001010010011001101101001111111101110011011001110110101110000001100001000001101001110011010001010001011101011011000011100001110
110100110010001010110101111011010111101001010010011001101101001111111101110011011001110110101110000001100001000001110011010001010001010001011101011011000011100001110
110100110010001010110101111011010111101001010010011001101101001111111101110011011001100110011000010010010001001001110011010001010001010001011101011011000011100001110
110100110010001010110101111011010111101001010010011001101101001100010011101111111101100110011000010010010001001001110011010001010001010001011101011011000011100001110
110100110010001010110101111011010111101001010010011001101101001111111101110011011001110110111000101101110010001001001110011010001010001111011101011011000011100001110
110100110010001010110101111011010111101001010010011001101101001111111101110011101111111101100110011000010010010001001001110011010001010001011101011011000011100001110
110100110010001010110101111011010111101001010010011001101101001111111101110011011010111101010111000010010010001001001110011010001010001111011101011011000011100001110
110100110010001010110101111011010111101001010010011001101101001111111101110011011001110111110101110000010010010001001001110011010001010001011101011011000011100001110
110100110010001010110101111011010111101001010010011001101101001111111101110011000010111101100110011000010010010001001001110011010001010001011101011011000011100001110
110100110010001010110101111011010111101001010010011001101101001111111101110011000011001100110011000010010010001001001110011010001010001111011101011011000011100001110
110100110010001010110101111011010111101001010010011001101101001111111101110011011001110110111000010010010001001001110011010001010001010001011101011011000011100001110
110100110010001010110101111011010111101001010010011001101101001111111101100101111111101100110011000010010010001001001110011010001010001111011101011011000011100001110
110100110010001010110101111011010111101001010010011001101111110011001010001100000001111101100110011000010010010001001001110011010001010001011101011011000011100001110
110100110010001010110101111011010111101001010010011001101101001111111101110011011101100110011000010010010001001001110011010001010001011101011011011011000011100001110
110100110010001010110101111011010111101001010010011001101101001111111101110011011001110110101110000001100001000001110011010001010001011101011011011011000011100001110
110100110010001010110101111011010111101001010010011001101101001111111101110011011001100110011000010010010001001001110011010001010001011101011011011011000011100001110
110100110010001010110101111011010111101001010010011001101101001100010011101111111101100110011000010010010001001001110011010001010001011101011011011011000011100001110
110100110010001010110101111011010111101001010010011001101101001111111101110011011101100110011000010010010001001001110011010001010001011110111001000010111001000001110
110100110010001010110101111011010111101001010010011001101101001111111101110011011001110110101110000001100001000001110011010001010001011110111001000010111001000001110
110100110010001010110101111011010111101001010010011001101101001111111101110011011001100110011000010010010001001001110011010001010001011110111001000010111001000001110
110100110010001010110101111011010111101001010010011001101101001100010011101111111101100110011000010010010001001001110011010001010001011110111001000010111001000001110
110100110010001010110101111011010111101001010010011001101101001111111101110011011001110110111000010010010001001001110011010001010001011101011011011011000011100001110
110100110010001010110101111011010111101001010010011001101101001111111101110011011001110110111000010010010001001001110011010001010001011110111001000010111001000001110
