011010111000011011111001010011111010000011001000101011011110001101100100111110000001101101100110110111101011010100101110100000001111100101111000111111000101110110110
011010111000011011111001010011111010000011001000101011011110001101100100111110000001101101100110111101011010110100101110100000001111100101111000111111000101110110110
011010111000011011111001010011111010000011001000101011011110001101100100111110000001110100010100110111101011010100101110100000001111100101111000111111000101110110110
011010111000011011111001010011111010000011001000101011011110001101100100111110000001101101100100110111101011010100101110100000001111100101111000111111000101110110110
011010111000011011111001010011111010000011001000101011011110001101100100111110000001101101100111001010011010110100101110100000001111100101111000111111000101110110110
011010111000011011111001010011111010000011001000101011011110001101100100111110000001101100110110111101011010110100101110100000001111100101111000111111000101110110110
011010111000011011111001010011111010000011001000101011011110001101100100111110000001101101100110111101011010100101110100000001111100101111000111111000101110110110111
011010111000011011111001010011111010000011001000101011011110001101100100111110000001101101100100101110011010110100101110100000001111100101111000111111000101110110110
011010111000011011111001010011111010000011001000101011011110001101100100111110000001101101100110101110011010110100101110100000001111100101111000111111000101110110110
011010111000011011111001010011111010000011001000101011011110001101100100111110000001101101010101001010011010110100101110100000001111100101111000111111000101110110110
011010111000011011111001010011111010000011001000101011011110001101100100111110000001101101111011001010011010110100101110100000001111100101111000111111000101110110110
011010111000011011111001010011111010000011001000101011011110001101100100111110000001101101111011100110011010110100101110100000001111100101111000111111000101110110110
011010111000011011111001010011111010000011001000101011011110001101100100111110001101101100110110111101011010110100101110100000001111100101111000111111000101110110110
011010111000011011111001010011111010000011001000101011011110001101100100100110000001101101100110110111101011010100101110100000001111100101111000111111000101110110110
011010111000011011111001010011111010000011001000101011011110001101100100111110000001101101100110111101011010100101110100000001111100101111000111111000101110110110110
011010111000011011111001010011111010000011001000101011011110001101100100111110000001110100001010101110011010110100101110100000001111100101111000111111000101110110110
011010111000011011111001010011111010000011001000101011011110001101100100111110000001101101110000011011111110110100101110100000001111100101111000111111000101110110110
011010111000011011111001010011111010000011001000101011011110001101100100111101000001101101100110110111101011010100101110100000001111100101111000111111000101110110110
011010111000011011111001010011111010000011001000101011011110001101100100111110000001101101100101001010011010110100101110100000001111100101111000111111000101110110110
011010111000011011111001010011111010000011001000101011011110001101100100111110000001101101100110110111101101111100101110100000001111100101111000111111000101110110110
011010111000011011111001010011111010000011001000101011011110001101100100111110000010001101010101001010011010110100101110100000001111100101111000111111000101110110110
011010111000011011111001010011111010000011001000101011011110001101100100111110000010010000010100110111101011010100101110100000001111100101111000111111000101110110110
011010111000011011111001010011111010000011001000101011011110001101100100111110000001101100011101001010011010110100101110100000001111100101111000111111000101110110110
011010111000011011111001010011111010000011001000101011011110001101100100111110000001101101111011100110001010110100101110100000001111100101111000111111000101110110110
011010111000011011111001010011111010000011001000101011011110001101100100111110000001110100010101001010011010110100101110100000001111100101111000111111000101110110110
011010111000011011111001010011111010000011001000101011011110001101100100111110000000100010010100110111101011010100101110100000001111100101111000111111000101110110110
011010111000011011111001010011111010000011001000101011011110001101100100111110000001011010010100110111101011010100101110100000001111100101111000111111000101110110110
011010111000011011111001010011111010000011001000101011011110001101100100111110000001011101010101001010011010110100101110100000001111100101111000111111000101110110110
011010111000011011111001010011111010011011001000101011011110001101100100111110000001101101100110110111101011010100101110100000001111100101111000111111000101110110110
011010111000011011111001010011111010000011001000101011011110001101100100111110000001101101100110011110011010110100101110100000001111100101111000111111000101110110110
011010111000011011111001010011111010000011001000101011011110001101100100110000001101101100110110111101011010110100101110100000001111100101111000111111000101110110110
011010111000011011111001010011111010000011001000101011011110001101100100111110000001101100110110111101011010100101110100000001111100101111000111111000101110110110111
