000010100110100011001110111111000101111100100000001111001000110100000000111111000101001011101011010010000101011000001000000001110110010111011001110011101100011010010
000010100110100011001110111111000101111100100000001111001000110100000000111111000101001011101011000010110110100101101000000001110110010111011001110011101100011010010
000010100110100011001110111111000101111100100000001111001000110100000000111111000101001011101011000010101001001011001000000001110110010111011001110011101100011010010
000010100110100011001110111111000101111100100000001111001000110100000000111111000101001011101011000011111110110010100000000001110110010111011001110011101100011010010
000010100110100011001110111111000101111100100000001111001000110100000000111111000101001011101011000010110100000011001000000001110110010111011001110011101100011010010
000010100110100011001110111111000101111100100000001111001000110100000000111111000101001011101011000010000101011000001000000001110110010111011001110011101100011010010
000010100110100011001110111111000101111100100000001111001000110100000000111111000101001011101011000101111110011110100000000001110110010111011001110011101100011010010
000010100110100011001110111111000101111100100000001111001000110100000000111111000101001011101011000010110100001001001000000001110110010111011001110011101100011010010
000010100110100011001110111111000101111100100000001111001000110100000000111111000101001011101011000011111110110011001000000001110110010111011001110011101100011010010
000010100110100011001110111111000101111100100000001111001000110100000000111111000101001011101011000010110100011000001000000001110110010111011001110011101100011010010
000010100110100011001110111111000101111100100000001111001000110100000000111111000101001011101011011001011110110110001000000001110110010111011001110011101100011010010
000010100110100011001110111111000101111100100000001111001000110100000000111111000101001011101011000010110100011010100000000001110110010111011001110011101100011010010
000010100110100011001110111111000101111100100000001111001000110100000000111111000101001011101011000010110110100111101000000001110110010111011001110011101100011010010
000010100110100011001110111111000101111100100000001111001000110100000000111111000101001011101011000000110000111010001000000001110110010111011001110011101100011010010
000010100110100011001110111111000101111100100000001111001000110100000000111111000101001011101011000010101001001011000100000001110110010111011001110011101100011010010
000010100110100011001110111111000101111100100000001111001000110100000000111111000101001011101011011001000001110010100000000001110110010111011001110011101100011010010
000010100110100011001110111111000101111100100000001111001000110100000000111111000101001011101011000011100001111010001000000001110110010111011001110011101100011010010
000010100110100011001110111111000101111100100000001111001000110100000000111111000101001011101011000011111110011110100000000001110110010111011001110011101100011010010
000010100110100011001110111111000101111100100000001111001000110100000000111111000101001011101011011001000001011000101100000001110110010111011001110011101100011010010
000010100110100011001110111111000101111100100000001111001000110100000000111111000101001011101011000001101101001011111011000001110110010111011001110011101100011010010
000010100110100011001110111111000101111100100000001111001000110100000000111111000101001011101011011001101101001011111011000001110110010111011001110011101100011010010
000010100110100011001110111111000101111100100000001111001000110100000000111111000101001011101011000010110110100101100000000001110110010111011001110011101100011010010
000010100110100011001110111111000101111100100000001111001000110100000000111111000101001011101000111111011110011110100000000001110110010111011001110011101100011010010
000010100110100011001110111111000101111100100000001111001000110100000000111111000101001011101000100100110101111010100000000001110110010111011001110011101100011010010
000010100110100011001110111111000101111100100000001111001000110100000000111111000101001011101011000011100010010110100000000001110110010111011001110011101100011010010
000010100110100011001110111111000101111100100000001111001000110100000000111111000101001011101011000011100001110010100000000001110110010111011001110011101100011010010
000010100110100011001110111111000101111100100000001111001000110100000000111111000101110010110101111111011110011110100000000001110110010111011001110011101100011010010
000010100110100011001110111111000101111100100000001111001000110100000000111111000101001011101011000000000011000111111011000001110110010111011001110011101100011010010
000010100110100011001110111111000101111100100000001111001000110001000000000111111000101001011101011000010110110100101100000001110110010111011001110011101100011010010
000010100110100011001110111111000101111100100000001111001000110100000000111111000101001011101011000000110000111010000100000001110110010111011001110011101100011010010
000010100110100011001110111111000101111100100000001111001000110100000000111111000101001011101011000010110110100101111011000001110110010111011001110011101100011010010
000010100110100011001110111111000101111100100000001111001000110100000000111111000101001011101011011001000001011000101100111000110110010111011001110011101100011010010
