011010010100110111010111001110101101000110111111111111100110110001010101100011010110110100100100100110010000100010101011010000001100110101010001110111111100111010000
011010010100110111010111001111011001101000110111111111100110110001010101100011010110110100100100100110010000100010101011010000001100110101010001110111111100111010000
011010010100110111010111001110101100110110111111111111100110110001010101100011010110110100100100100110010000100010101011010000001100110101010001110111111100111010000
011010010100110111010111001101111011011000011001001111100110110001010101100011010110110100100100100110010000100010101011010000001100110101010001110111111100111010000
011010010100110111010111001110101111011100101111111111100110110001010101100011010110110100100100100110010000100010101011010000001100110101010001110111111100111010000
011010010100110111010111001010110000010011011111111111100110110001010101100011010110110100100100100110010000100010101011010000001100110101010001110111111100111010000
011010010100110111010111001101000011100110110111111111100110110001010101100011010110110100100100100110010000100010101011010000001100110101010001110111111100111010000
011010010100110111010111001110011100000101011111111111100110110001010101100011010110110100100100100110010000100010101011010000001100110101010001110111111100111010000
011010010100110111010111001101110000010011011111111111100110110001010101100011010110110100100100100110010000100010101011010000001100110101010001110111111100111010000
011010010100110111010111001110101100000101011111111111100110110001010101100011010110110100100100100110010000100010101011010000001100110101010001110111111100111010000
011010010100110111010111001110101111001011011111111111100110110001010101100011010110110100100100100110010000100010101011010000001100110101010001110111111100111010000
011010010100110111010111001110101001100111011001111111100110110001010101100011010110110100100100100110010000100010101011010000001100110101010001110111111100111010000
011010010100110111010111001101111000010011011111111111100110110001010101100011010110110100100100100110010000100010101011010000001100110101010001110111111100111010000
011010010100110111010111001110110101101000110111111111100110110001010101100011010110110100100100100110010000100010101011010000001100110101010001110111111100111010000
011010010100110111010111001110101111111101111001001111100110110001010101100011010110110100100100100110010000100010101011010000001100110101010001110111111100111010000
011010010100110111010111001110001101100110110111111111100110110001010101100011010110110100100100100110010000100010101011010000001100110101010001110111111100111010000
011010010100110111010111001100101111111101111001001111100110110001010101100011010110110100100100100110010000100010101011010000001100110101010001110111111100111010000
011010010100110111010111001110011011011000011001001111100110110001010101100011010110110100100100100110010000100010101011010000001100110101010001110111111100111010000
011010010100110111010111001101000011100000101011111111100110110001010101100011010110110100100100100110010000100010101011010000001100110101010001110111111100111010000
011010010100110111010111001110110000010011011111111111100110110001010101100011010110110100100100100110010000100010101011010000001100110101010001110111111100111010000
011010010100110111010111001110101000101010000001111111100110110001010101100011010110110100100100100110010000100010101011010000001100110101010001110111111100111010000
011010010100110111010111001110011001101000110111111111100110110001010101100011010110110100100100100110010000100010101011010000001100110101010001110111111100111010000
011010010100110111010111001110100011011000011001001111100110110001010101100011010110110100100100100110010000100010101011010000001100110101010001110111111100111010000
011010010100110111010111001101000011101011111001001111100110110001010101100011010110110100100100100110010000100010101011010000001100110101010001110111111100111010000
011010010100110111010111001101110000011101011111111111100110110001010101100011010110110100100100100110010000100010101011010000001100110101010001110111111100111010000
011010010100110111010111001111001001101000110111111111100110110001010101100011010110110100100100100110010000100010101011010000001100110101010001110111111100111010000
011010010100110111010111001110101000100000100001111111100110110001010101100011010110110100100100100110010000100010101011010000001100110101010001110111111100111010000
011010010100110111010111001110101111000100100111001111100110110001010101100011010110110100100100100110010000100010101011010000001100110101010001110111111100111010000
011010010100110111010111001101111011110010000001111111100110110001010101100011010110110100100100100110010000100010101011010000001100110101010001110111111100111010000
011010010100110111010111001110101111011100101111001111100110110001010101100011010110110100100100100110010000100010101011010000001100110101010001110111111100111010000
011010010100110111010111001101111000110011011111111111100110110001010101100011010110110100100100100110010000100010101011010000001100110101010001110111111100111010000
011010010100110111010111001110101001100111011000000111100110110001010101100011010110110100100100100110010000100010101011010000001100110101010001110111111100111010000
