110101110001010000111101111011001010101101101101111110101101011010111001101111000000000011110101101010000010101110001010001010010111111000110010101100111110111111100
110101110001010000111101111011001010101101101101111110101101011010111001101111000000000011111011000010000010101110001010001010010111111000110010101100111110111111100
110101110001010000111101111011001010101101101101111110101101011010111001101111000000000011110101101010000111100110001010001010010111111000110010101100111110111111100
110101110001010000111101111011001010101101101111110101101011010111001101111000000000011110101101010000111100110001001010001010010111111000110010101100111110111111100
110101110001010000111101111011001010101101101101111110101101011010111001101111000000000011110101101110000010101110001010001010010111111000110010101100111110111111100
110101110001010000111101111011001010101101101101101111110101101011010111001101111000000011110101101010000010101110001010001010010111111000110010101100111110111111100
110101110001010000111101111011001010101101101101111110101101011010111001101111000000011110101101010000111100110001001010001010010111111000110010101100111110111111100
110101110001010000111101111011001010101101101111110101101011010111001101111000000000000011110101101010000010101110001010001010010111111000110010101100111110111111100
110101110001010000111101111011001010101101101111110101101011010111001101111000000000011110101101101010000010101110001010001010010111111000110010101100111110111111100
110101110001010000111101111011001010101101101101111110101101011010111001101111000000000011110101111011000010101110001010001010010111111000110010101100111110111111100
110101110001010000111101111011001010101101101101101111110101101011010111001101111000000000011110101101010000010101110001010001010010111111000110010101100111110111111
110101110001010000111101111011001010101101101111110101101011010111001101111000000000011110101101110010000010101110001010001010010111111000110010101100111110111111100
110101110001010000111101011111101010101101101101111110101101011010111001101111000000000011110101101010000010101110001010001010010111111000110010101100111110111111100
110101110001010000111101111011001010101101101101111110101101011010111001101111000000000011110101101010000111100110001001010001010010111111000110010101100111110111111
110101110001010000111101111011001010101101101111110101101011010111001101111000000000011100011011000010000010101110001010001010010111111000110010101100111110111111100
110101110001010000111101111011001010101101101111110101101011010111001101111000000000011110101101010000010101110001001010001010010111111000110010101100111110111111100
110101110001010000111101111011001010101101101101111110101101011010111001101111000000101100100101101010000010101110001010001010010111111000110010101100111110111111100
110101110001010000111101111011001010101101101101111110101101011010111001101111000000011110101101101010000010101110001010001010010111111000110010101100111110111111100
110101110001010000111101111011001010101101111110101101011010111001101111000000000011110101101010000010101110001010001010001010010111111000110010101100111110111111100
110101110001010000111101111011001010101101101101101111110101101011010111001101111000000000011110101101010000111100110001001010010111111000110010101100111110111111100
110101110001010000111101111011001010101101101101101111110101101011010111001101111000000011111011000010000010101110001010001010010111111000110010101100111110111111100
110101110001010000111101111011001010101101101111110101101011010111001101111000000011110101101010000010101110001010001010001010010111111000110010101100111110111111100
110101110001010000111101111011001010101101101101111110101101011010111001101111000000000011110101101010000010101110001010001010010111111000110010101110111110111111100
110101110001010000111101111011001010101101101101111110101101011010111001101111000000000011110101101010000010101110001010001011100000000000001111101100111110111111100
110101110001010000111101111011001010101101101101111110101101011010111001101111000000000011110101101010000110001110001010001010010111111000110010101100111110111111100
110101110001010000111101111011001010101101101111110101101011010111001101111000000000011110101101010000010101110001010001010010111111000110010101100111110111111100100
110101110001001010000111101111011001010101101101111110101101011010111001101111000000000011110101101010000010101110001010001010010111111000110010101100111110111111100
110101110001010000111101111011001010101101101101111110101101011010111001101111000000011100010101101010000010101110001010001010010111111000110010101100111110111111100
110101110001010000111101111011001010101101101111110101101011010111001101111000000000011110101101010000010101110001010001001010010111111000110010101100111110111111100
110101110001010000111101111011001010101101101101111110101101011010111001101111000000000011100011011001000111100110001010001010010111111000110010101100111110111111100
110101110001010000111101111011001010101101101101111110101101011010111001101111000000000011110101101010000010101110001010001011100000000000001111101100000110111111100
110101110001010000111101111011001010101101101101111110101101011010111001101111000000011110101101010000010101110001001010001010010111111000110010101100111110111111100
