001010010000000010110011100111010111111110111101010101101010000110101110111011011111110000100001011111010110011100000010010100101000001111100001010001010000100100010
001010010000000010110011100111010111111110111101010101101010000110101110111011011111110000100001011111010110011100000010010100111111111110100001010001010000100100010
001010010000000010110011100111010111111110111101010101101010000110101110111011011111110000100001011111000110011100000010010100101000001111100001010001010000100100010
001010010000000010110011100111010111111110111101010101101010000110101110111011011111110000100001011001000110011100000010010100101000001111100001010001010000100100010
001010010000000010110011100111010111111110111101010101101010000110101110111011011111110000100001011111010110011100000010010100100110001111100001010001010000100100010
001010010000000010110011100111010111111110111101010101101010000110101110111011011111110000100001011111010110111010100100111000100110001111100001010001010000100100010
001010010000000010110011100111010111111110111101010101101010000110101110111011011111110000100001011111010110101111111111100000100110001111100001010001010000100100010
001010010000000010110011100111010111111110111101010101101010000110101110111011011111110000100001011111010110011100000010010100101000001111111001010001010000100100010
001010010000000010110011100111010111111110111101010101101010000110101110111011011111110000100001011111010110011100000010010100101000001110100001010001010000100100010
001010010000000010110011100111010111111110111101010101101010000110101110111011011111110000100001011111010110011100000010010100110101010110100001010001010000100100010
001010010000000010110011100111010111111110111101010101101010000110101110111011011111110000100001011111010110011100000010010100110001111111100001010001010000100100010
001010010000000010110011100111010111111110111101010101101010000110101110111011011111110000100001011111010110011100000010010100011011111110100001010001010000100100010
001010010000000010110011100111010111111110111101010101101010000110101110111011011111110000100001011111010110011100000010010100101000001011111001010001010000100100010
001010010000000010110011100111010111111110111101010101101010000110101110111011011111110000100001011111010111100111011010110001010011100000100001010001010000100100010
001010010000000010110011100111010111111110111101010101101010000110101110111011011111110000100001011111010110011100000010010100101101010110100001010001010000100100010
001010010000000010110011100111010111111110111101010101101010000110101110111011011111110000100001011111010110111010100100111000101101010110100001010001010000100100010
001010010000000010110011100111010111111110111101010101101010000110101110111011011111110000100001011111111110011100000010010100101000001111100001010001010000100100010
001010010000000010110011100111010111111110111101010101101010000110101110111011011111110000100001011111010110011100000010010100000110001111100001010001010000100100010
010010000000010110011100111010111111110111101010101101010000110101110111011011111110000100001011111010110011100000010010100101000000001111100001010001010000100100010
001010010000000010110011100111010111111110111101010101101010000110101110111011011111110000100001011111000000011100000010010100101000001111100001010001010000100100010
001010010000000010110011100111010111111110111101010101101010000110101110111011011111110000100001011111010111100111011010110100101000001111100001010001010000100100010
001010010000000010110011100111010111111110111101010101101010000110101110111011011111110000100001011111010000011100000010010100101000001111100001010001010000100100010
001010010000000010110011100111010111111110111101010101101010000110101110111011011111110000100001011111010110011100000010010100101000000100100100010001010000100100010
001010010000000010110011100111010111111110111101010101101010000110101110111011011111110000100001011111010110011100000010010100101000000001110101110110010000100100010
001010010000000010110011100111010111111110111101010101101010000110101110111011011111110000100001011111010110011100000010010100000010000000100100010001010000100100010
001010010000000010110011100111010111111110111101010101101010000110101110111011011111110000100001011111010111100111011010110000000111000000100100010001010000100100010
001010010000000010110011100111010111111110111101010101101010000110101110111011011111110000100001011111010110011100000010010100000010000010100110011001010000100100010
001010010000000010110011100111010111111110111101010101101010000110101110111011011111110000100001011111010110000011100000010010100101000001110101110110010000100100010
001010010000000010110011100111010111111110111101010101101010000110101110111011011111110000100001011111010111100111011010110001010111000000100100010001010000100100010
001010010000000010110011100111010111111110111101010101101010000110101110111011011111110000100001011111010110011100000010010100101010110100001010001010000100100100010
001010010000000010110011100111010111111110111101010101101010000110101110111011011111110000100001011111010110011100000010010100101000001110101101010001010000100100010
001010010000000010110011100111010111111110111101010101101010000110101110111011011111110000100001011111010110011100000010010100110001111100001010001010000100100100010
