110001001111110010111100111100010111010011101001010011111111001000001000110101011001000101100101100111110001001100011000101101011100000100101000111000110111101010100
100111100011110010111100111100010111010011101001010011111111001000001000110101011001000101100101100111110001001100011000101101011100000100101000111000110111101010100
100111100011100001111100111100010111010011101001010011111111001000001000110101011001000101100101100111110001001100011000101101011100000100101000111000110111101010100
110001001111100001111100111100010111010011101001010011111111001000001000110101011001000101100101100111110001001100011000101101011100000100101000111000110111101010100
110001000110001010111100111100010111010011101001010011111111001000001000110101011001000101100101100111110001001100011000101101011100000100101000111000110111101010100
110001001111110010011100111100010111010011101001010011111111001000001000110101011001000101100101100111110001001100011000101101011100000100101000111000110111101010100
110001010110001010111100111100010111010011101001010011111111001000001000110101011001000101100101100111110001001100011000101101011100000100101000111000110111101010100
011101011011001010111100111100010111010011101001010011111111001000001000110101011001000101100101100111110001001100011000101101011100000100101000111000110111101010100
011011011001010111100111100010111010011101001010011111111001000001000110101011001000101100101100111110001001100011000101101011100000100101000111000110111101010100100
110001001111100001100100111100010111010011101001010011111111001000001000110101011001000101100101100111110001001100011000101101011100000100101000111000110111101010100
110001010101011110111100111100010111010011101001010011111111001000001000110101011001000101100101100111110001001100011000101101011100000100101000111000110111101010100
111011101010101010111100111100010111010011101001010011111111001000001000110101011001000101100101100111110001001100011000101101011100000100101000111000110111101010100
110001001111110000011100111100010111010011101001010011111111001000001000110101011001000101100101100111110001001100011000101101011100000100101000111000110111101010100
101110111011001010111100111100010111010011101001010011111111001000001000110101011001000101100101100111110001001100011000101101011100000100101000111000110111101010100
110001001111110010011100010010010111010011101001010011111111001000001000110101011001000101100101100111110001001100011000101101011100000100101000111000110111101010100
110001001111111011110100111100010111010011101001010011111111001000001000110101011001000101100101100111110001001100011000101101011100000100101000111000110111101010100
100111100011100001100100111100010111010011101001010011111111001000001000110101011001000101100101100111110001001100011000101101011100000100101000111000110111101010100
100111100011111110111100111100010111010011101001010011111111001000001000110101011001000101100101100111110001001100011000101101011100000100101000111000110111101010100
110001001111110001011100111100010111010011101001010011111111001000001000110101011001000101100101100111110001001100011000101101011100000100101000111000110111101010100
110001001111111010111100111100010111010011101001010011111111001000001000110101011001000101100101100111110001001100011000101101011100000100101000111000110111101010100
100111100011100001111000001100010111010011101001010011111111001000001000110101011001000101100101100111110001001100011000101101011100000100101000111000110111101010100
100111100011100001100001111100010111010011101001010011111111001000001000110101011001000101100101100111110001001100011000101101011100000100101000111000110111101010100
110001001111111011111100111100010111010011101001010011111111001000001000110101011001000101100101100111110001001100011000101101011100000100101000111000110111101010100
110001010101101110111100111100010111010011101001010011111111001000001000110101011001000101100101100111110001001100011000101101011100000100101000111000110111101010100
100111100011100001111000011100010111010011101001010011111111001000001000110101011001000101100101100111110001001100011000101101011100000100101000111000110111101010100
011011011001010111100111100010111010011101001010011111111001000001000110101011001000101100101100111110001001100011000101101011100000100110101000111000110111101010100
011011011001010111100111100010111010011101001010011111111001000001000110101011001000101100101100111110001001100011000101101011100000100100101000111000110111101010100
101110100110001010111100111100010111010011101001010011111111001000001000110101011001000101100101100111110001001100011000101101011100000100101000111000110111101010100
100111100011100001111000010100010111010011101001010011111111001000001000110101011001000101100101100111110001001100011000101101011100000100101000111000110111101010100
011011011001010111100111100010111010011101001010011111111001000001000110101011001000101100101100111110001001001100011000101101011100000100101000111000110111101010100
011011011001010111100111100010111010011101001010011111111111001000001000110101011001000101100101100111110001001100011000101101011100000100101000111000110111101010100
110001001111110000011100010010010111010011101001010011111111001000001000110101011001000101100101100111110001001100011000101101011100000100101000111000110111101010100
