111000000001111000100111011101000011111011100101000101101011001110001111011000010000110001111010111110011100001110110111110000111011011011111101001010101100111000000
111000000001111000100111011101000011111011100101000101101011001110011100011000010000110001111010111110011100001110110111110000111011011011111101001010101100111000000
111000000001111000100111011101000011111000001100010101101011001110001111011000010000110001111010111110011100001110110111110000111011011011111101001010101100111000000
111000000001111000100111011101000011111000001100010101100111111101110110011000010000110001111010111110011100001110110111110000111011011011111101001010101100111000000
111000000001111000100111011101000011111000001100010101111101011011010001011000010000110001111010111110011100001110110111110000111011011011111101001010101100111000000
111000000001111000100111011101000011111010100101000101101011001110001111011000010000110001111010111110011100001110110111110000111011011011111101001010101100111000000
111000000001111000100111011101000011111011100101000101100111111101110110011000010000110001111010111110011100001110110111110000111011011011111101001010101100111000000
111000000001111000100111011101000011111011100101000101101011001110011111011000010000110001111010111110011100001110110111110000111011011011111101001010101100111000000
111000000001111000100111011101000011111011100101000101101011001110001111011000010000110001111010100110011100001110110111110000111011011011111101001010101100111000000
111000000001111000100111011101000011111011100101000101101011001110001111001111110000000000111010111110011100001110110111110000111011011011111101001010101100111000000
111000000001111000100111011101000011111011100000000110110011001110001111011000010000110001111010111110011100001110110111110000111011011011111101001010101100111000000
111000000001111000100111011101000011111011110011101001111000000000000110011000010000110001111010111110011100001110110111110000111011011011111101001010101100111000000
111000000001111000100111011101000011111010111001110111100111111101110110011000010000110001111010111110011100001110110111110000111011011011111101001010101100111000000
111000000001111000100111011101000011111000001100010101111101100010011100011000010000110001111010111110011100001110110111110000111011011011111101001010101100111000000
111000000001111000100111011101000011111011000101000101101011001110001111011000010000110001111010111110011100001110110111110000111011011011111101001010101100111000000
111000000001111000100111011101000011111011011001100101000100110011111000011000010000110001111010111110011100001110110111110000111011011011111101001010101100111000000
111000000001111000100111011101000011100011100101000101101011001110001111011000010000110001111010111110011100001110110111110000111011011011111101001010101100111000000
111000000001111000100111011101000011111011100101000101101011001110001111011000010000110001111110010000011100001110110111110000111011011011111101001010101100111000000
111000000001111000100111011101000011111011100110011001000001000010100000011000010000110001111010111110011100001110110111110000111011011011111101001010101100111000000
111000000001111000100111011101000011111000011100101000101101011001110001111011000010000110001111010111110011100001110110111110000111011011111101001010101100111000000
111000000001111000100111011101000011111000001100010101011000110011111000011000010000110001111010111110011100001110110111110000111011011011111101001010101100111000000
111000000001111000100111011101000011111011100101000101101011001110010010011000010000110001111010111110011100001110110111110000111011011011111101001010101100111000000
111000000001111000100111011101000011111011100101000101101011001110000000011000010000110001111010111110011100001110110111110000111011011011111101001010101100111000000
111000000001111000100111011101000011111011100101000101101011001110001111011000010000110001111010100010011100001110110111110000111011011011111101001010101100111000000
111000000001111000100111011101000011111011100101000101101011001110011111111100010000110001111010111110011100001110110111110000111011011011111101001010101100111000000
111000000001111000100111011101000011111011100101000101101011001110001111011000010000110001111010111010011100001110110111110000111011011011111101001010101100111000000
111000000001111000100111011101000011111011100101000101101011001110001111011000010000110001111010111110101100001110110111110000111011011011111101001010101100111000000
111000000001111000100111011101000011111011100101000101101011001110001111011000010000110001111010111100011100001110110111110000111011011011111101001010101100111000000
111000000001111000100111011101000011111011100101000101101011001110001111001011010000110001111010111110011100001110110111110000111011011011111101001010101100111000000
111000000001111000100111011101000011111011100101000101101011001110001011110111110000000000111010111110011100001110110111110000111011011011111101001010101100111000000
111000000001111000100111011101000011111011100101000101101011001110001101110111110000000000111010111110011100001110110111110000111011011011111101001010101100111000000
111000000001111000100111011101000011111011100101000101101011001110001111011011000010000110001111010111110011100001110110111110000111011011111101001010101100111000000
