100110110000110000001000110011101100111101100110101111010111100101100110010101010010010101001011101010001010100100010101101010111010110111111100110011111011000100010
100110110000110000001000110011101100111101100110101111010111100101100110010101010010010101001011101010001010100100010101101010111010101100101101010111111011000100010
100110110000110000001000110011101100111101100110101111010111100101100110010101010010010101001011101010001010100100010101101010111010101100110101010111111011000100010
100110110000110000001000110011101100111101100110101111010111100101100110010101010010010101001011101010001010100100010101101010111010110111111100010111111011000100010
100110110000110000001000110011101100111101100110101111010111100101100110010101010010010101001011101010001010100100010101101010110111001100101101010111111011000100010
100110110000110000001000110011101100111101100110101111010111100101100110010101010010010101001011101010001010100100010101101010111001000101101101010111111011000100010
100110110000110000001000110011101100111101100110101111010111100101100110010101010010010101001011101010001010100100010101101010000100101000010010010111111011000100010
100110110000110000001000110011101100111101100110101111010111100101100110010101010010010101001011101010001010100100010101101010111010110010101101010111111011000100010
100110110000110000001000110011101100111101100110101111010111100101100110010101010010010101001011101010001010100100010101101010111101111111101010010111111011000100010
100110110000110000001000110011101100111101100110101111010111100101100110010101010010010101001011101010001010100100010101101010111010110111111100101111111011000100010
100110110000110000001000110011101100111101100110101111010111100101100110010101010010010101001011101010001010100100010101101010100001111001110110110111111011000100010
100110110000110000001000110011101100111101100110101111010111100101100110010101010010010101001011101010001010100100010101101010111010101111101010010111111011000100010
100110110000110000001000110011101100111101100110101111010111100101100110010101010010010101001011101010001010100100010101101010111010110111111010010111111011000100010
100110110000110000001000110011101100111101100110101111010111100101100110010101010010010101001011101010001010100100010101101010111010010010101101010111111011000100010
100110110000110000001000110011101100111101100110101111010111100101100110010101010010010101001011101010001010100100010101101010100011011101111111110111111011000100010
000010101000110000001000110011101100111101100110101111010111100101100110010101010010010101001011101010001010100100010101101010111010110111111100110011111011000100010
100110110000110000001000110011101100111101100110101111010111100101100110010101010010010101001011101010001010100100010101101010111010101100101100110011111011000100010
000010101000110000001000110011101100111101100110101111010111100101100110010101010010010101001011101010001010100100010101101010111010101100101101010111111011000100010
100110110000110000001000110011101100111101100110101111010111100101100110010101010010010101001011101010001010100100010101101010111010110111101010010111111011000100010
100110110000110000001000110011101100111101100110101111010111100101100110010101010010010101001011101010001010100100010101101010111010101100101001010111111011000100010
100110110000110000001000110011101100111101100110101111010111100101100110010101010010010101001011101010001010100100010101101010111010101100101110010111111011000100010
100110110000110000001000110011101100111101100110101111010111100101100110010101010010010101001011101010001010100100010101101010111010110111000111110111111011000100010
100110110000110000001000110011101100111101100110101111010111100101100110010101010010010101001011101010001010100100010101101010111010101100101011010111111011000100010
100110110000110000001000110011101100111101100110101111010111100101100110010101010010010101001011101010001010100100010101101010111010101100101000010111111011000100010
000010101000110000001000110011101100111101100110101111010111100101100110010101010010010101001011101010001010100100010101101010111010101100110101010111111011000100010
000010101000110000001000110011101100111101100110101111010111100101100110010101010010010101001011101010001010100100010101101010111010110111111100010111111011000100010
000010101000110000001000110011101100111101100110101111010111100101100110010101010010010101001011101010001010100100010101101010110111001100101101010111111011000100010
000100110110000110000001000110011101100111101100110101111010111100101100110010101010010010101001011101010001010100100010101101010111010101110110110111111011000100010
010101001110000110000001000110011101100111101100110101111010111100101100110010101010010010101001011101010001010100100010101101010111010101110110110111111011000100010
000100110110000110000001000110011101100111101100110101111010111100101100110010101010010010101001011101010001010100100010101101010111010101100110010111111011000100010
010101001110000110000001000110011101100111101100110101111010111100101100110010101010010010101001011101010001010100100010101101010111010101100110010111111011000100010
000001100110110000001000110011101100111101100110101111010111100101100110010101010010010101001011101010001010100100010101101010111010110111111100110011111011000100010
