000001001110101001101101101111101010000101100111100010010100000101001001101101111101000110110111011011010110100100111100001110101001110111001111100001101100011100010
000001001110101001101101101111101010000101100111100010010100000101001001101101111101000110110111011011010110100100111100001110101001110111001111100001101100011111111
000001001110101001101101101111101010000101100111100010010110101101001001101101111101000110110111011011010110100100111100001110101001110111001111100001101100011100010
000001001110101001101101101111101010000101100111100010010100101010000111101101111101000110110111011011010110100100111100001110101001110111001111100001101100011100010
000001001110101001101101101111101010000101100111100010010100000101001001101101111101000110110111011011010110100100111100001110101001110111001111100010101100011100010
000001001110101001101101101111101010000101100111100010010110101101001001101101111101000110110111011011010110100100111100001110101001110111001111100001101100011111111
000001001110101001101101101111101010000101100111100010010100000101001001101101111101000110110111011011010110100100111100001110101001110111001111111011001110101111111
000001001110101001101101101111101010000101100111100010010110101100001001101101111101000110110111011011010110100100111100001110101001110111001111100001101100011100010
000001001110101001101101101111101010000101100111100010010100000101001001101101111000011100110111011011010110100100111100001110101001110111001111100001101100011100010
000001001110101001101101101111101010000101100111100010010100000101001001101101111101000110110111011011010110100100111100001110101001110111001111100001101000011100010
000001001110101001101101101111101010000101100111100010010100000101001001101101111101000110110111011011010110100100111100001110101001110111001111111011110010001111001
000001001110101001101101101111101010000101100111100010010100000101001001101101111101000110110111011011010110100100111100001110101001110111001111100001101110101111111
000001001110101001101101101111101010000101100111100011111100000101001001101101111101000110110111011011010110100100111100001110101001110111001111100001101100011100010
000001001110101001101101101111101010000101100111100010010100000101001001101101111101000110110111011011010110100100111100001110101001110111001111111000111100011100010
000001001110101001101101101111101010000101100111100010010100011001111010011001111101000110110111011011010110100100111100001110101001110111001111100001101100011100010
000001001110101001101101101111101010000101100111100001011000100101001001101101111101000110110111011011010110100100111100001110101001110111001111100001101100011100010
000001001110101001101101101111101010000101100111100010010100000101001001101101111101000110110111011011010110100100111100001110101001101111110000100001101100011100010
000001001110101001101101101111101010000101100111100010010100000101001001101101111101000110110111011011010110100100111100001110101001110111001111100001101000011111111
000001001110101001101101101111101010000101100101010111110100000101001001101101111101000110110111011011010110100100111100001110101001110111001111100001101100011100010
000001001110101001101101101111101010000101100111100010010100000101001001101101111101000110110111011011010110100100111100001110101001110111001111100001101100111111111
000001001110101001101101101111101010000101100111100010010100000101001001101101111101000110110111011011010110100100111100001110101001110111001111100001101101100111111
000001001110101001101101101111101010000101100111100010010110000101001001101101111101000110110111011011010110100100111100001110101001110111001111100001101100011100010
000001001110101001101101101111101010000101100111100010110100000101001001101101111101000110110111011011010110100100111100001110101001110111001111100001101100011100010
000001001110101001101101101111101010000101100111100110110100000101001001101101111101000110110111011011010110100100111100001110101001110111001111100001101100011100010
000001001110101001101101101111101010000101100111100010010100000101001001101101111101000110110111011011010110100100111100001110101001110111001111111001101100011100010
000001001110101001101101101111101010000101100111100010010100000101001001101101111101000110110111011011010110100100111100001110101001110111001111100001101100101111111
000001001110101001101101101111101010000101100111100010010100011001111010011001111000011100110111011011010110100100111100001110101001110111001111100001101100011100010
000001001110110111001000011101101010000101100111100010010100000101001001101101111101000110110111011011010110100100111100001110101001110111001111100001101100011100010
000001001110101001101101101111101010000101100111101111110100000101001001101101111101000110110111011011010110100100111100001110101001110111001111100001101100011100010
000001001110101001101101101111101010000101100111100010010110101101100110101101111101000110110111011011010110100100111100001110101001110111001111100001101100011100010
000001011100110101101101101111101010000101100111100010010100000101001001101101111101000110110111011011010110100100111100001110101001110111001111100001101100011100010
101101001110101001101101101111101010000101100111100010010100000101001001101101111101000110110111011011010110100100111100001110101001110111001111100001101100011100010
