001110001110001000001111010110100000111110010000011011000100111111011001010001010111110000010101101011011000110011100001110010101101011110110111010011110101010100100
001110001110001000001111010110100000001110010000011011000100111111011001010001010111110000010101101011011000110011100001110010101101011110110111010011110101010100100
001110001110001000001111010110011000000110010000011011000100111111011001010001010111110000010101101011011000110011100001110010101101011110110111010011110101010100100
001110001110001000001111010110100000000110010000011011000100111111011001010001010111110000010101101011011000110011100001110010101101011110110111010011110101010100100
001110001110001000001111010110100010111110010000011011000100111111011001010001010111110000010101101011011000110011100001110010101101011110110111010011110101010100100
001110001110001000001111010110111110111110010000011011000100111111011001010001010111110000010101101011011000110011100001110010101101011110110111010011110101010100100
001110001110001000001111010110100100111110010000011011000100111111011001010001010111110000010101101011011000110011100001110010101101011110110111010011110101010100100
001110001110001000001111010110100111110101010000011011000100111111011001010001010111110000010101101011011000110011100001110010101101011110110111010011110101010100100
001110001100111010110110110110100000111110010000011011000100111111011001010001010111110000010101101011011000110011100001110010101101011110110111010011110101010100100
001110001110001000001111010110100110111110010000011011000100111111011001010001010111110000010101101011011000110011100001110010101101011110110111010011110101010100100
001110001110001000001001001001001110111110010000011011000100111111011001010001010111110000010101101011011000110011100001110010101101011110110111010011110101010100100
001110001110001000001001001001001110110101010000011011000100111111011001010001010111110000010101101011011000110011100001110010101101011110110111010011110101010100100
001110001110001000001111010110100000111101010000011011000100111111011001010001010111110000010101101011011000110011100001110010101101011110110111010011110101010100100
001110001110001000001111010110100100101110010000011011000100111111011001010001010111110000010101101011011000110011100001110010101101011110110111010011110101010100100
001110001110001000001100011000101001111110010000011011000100111111011001010001010111110000010101101011011000110011100001110010101101011110110111010011110101010100100
001110001110001000001111010110100010011110010000011011000100111111011001010001010111110000010101101011011000110011100001110010101101011110110111010011110101010100100
001110001110001000001111010110100000001101010000011011000100111111011001010001010111110000010101101011011000110011100001110010101101011110110111010011110101010100100
001110001110001000001111010110100000001100110111011011000100111111011001010001010111110000010101101011011000110011100001110010101101011110110111010011110101010100100
001110001110001000001111010110100001110101010000011011000100111111011001010001010111110000010101101011011000110011100001110010101101011110110111010011110101010100100
001110001110001000001111010110100111111110010000011011000100111111011001010001010111110000010101101011011000110011100001110010101101011110110111010011110101010100100
110001110001000001111010110100000110111110010000011011000100111111011001010001010111110000010101101011011000110011100001110010101101011110110111010011110101010100100
001110001110001000001111010110100000111110010000011011000100111111011001010001010111110000010101101011011000110011100001110010101101011110110111010011110101010100010
001110001110001000001001001001001000111110010000011011000100111111011001010001010111110000010101101011011000110011100001110010101101011110110111010011110101010100100
001110001110001000001111010110000000111110010000011011000100111111011001010001010111110000010101101011011000110011100001110010101101011110110111010011110101010100100
110001110001000001111010110100000111110010000011011000100111111011001010001010111110000010101101101011011000110011100001110010101101011110110111010011110101010100100
001110001110001000001111010110100111110010000011011000100111111011001010001010111110000010101101101011011000110011100001110010101101011110110111010011110101010100100
001111101110011111100111010110100000111110010000011011000100111111011001010001010111110000010101101011011000110011100001110010101101011110110111010011110101010100100
001110001110001000001111010110011000111110010000011011000100111111011001010001010111110000010101101011011000110011100001110010101101011110110111010011110101010100100
001110001110001000001111010110100000110101010000011011000100111111011001010001010111110000010101101011011000110011100001110010101101011110110111010011110101010100100
001110001110001000001111010110100111110110010000011011000100111111011001010001010111110000010101101011011000110011100001110010101101011110110111010011110101010100100
001110001110001000001111010110100000111110001000011011000100111111011001010001010111110000010101101011011000110011100001110010101101011110110111010011110101010100100
001110001110001000001111010110000001111110010000011011000100111111011001010001010111110000010101101011011000110011100001110010101101011110110111010011110101010100100
