111101001100011000111101111110110101010100001101011001101111100100001010011000010011100101011101101110101010111101000111110111110001101111010000101001011100111000110
111101001100011000111101111110110111000011110010111100110100101011001010001000010011100101011101101110101010111101000111110111110001101111010000101001011100111000110
111101001100011000111101111110110101010100001101011001101111100100001010001000010011100101011101101110101010111101000111110111110001101111010000101001011100111000110
111101001100011000111101111110110101010100001101011001101111100001110011000000010011100101011101101110101010111101000111110111110001101111010000101001011100111000110
111101001100011000111101111110110101010100001101011001101111100111101110011000010011100101011101101110101010111101000111110111110001101111010000101001011100111000110
111101001100011000111101111110110101010111011111000010011100001010011000000010011100101011101101110101010111101000111110111110001101111010000101001011100111000110100
111101001100011000111101111110110101010100001101011001101111110011101110000010011100101011101101110101010111101000111110111110001101111010000101001011100111000110100
111101001100011000111101111110110101010111001101011001101111100100001010011000010011100101011101101110101010111101000111110111110001101111010000101001011100111000110
111101001100011000111101111110110111000011110010111100110000011001001111100000010011100101011101101110101010111101000111110111110001101111010000101001011100111000110
111101001100011000111101111110110101010100001101011001101111100010010101110000010011100101011101101110101010111101000111110111110001101111010000101001011100111000110
111101001100011000111101111110110101010111011110101111100110110001010011000000010011100101011101101110101010111101000111110111110001101111010000101001011100111000110
111101001100011000111101111110110101010100001101011001101111100100010001010000010011100101011101101110101010111101000111110111110001101111010000101001011100111000110
111101001100011000111101111110110101010111011110101111100100001010011000000010011100101011101101110101010111101000111110111110001101111010000101001011100111000110100
111101001100011000111101111110110111000011110010111100110100101011001010000000010011100101011101101110101010111101000111110111110001101111010000101001011100111000110
111101001100011000111101111110110101010100001101011001101111100111101001010000010011100101011101101110101010111101000111110111110001101111010000101001011100111000110
111101001100011000111101111110110101010100001101011001101111100100010001011000010011100101011101101110101010111101000111110111110001101111010000101001011100111000110
111101001100011000111101111110110101010100001101011001101111110011111010000000010011100101011101101110101010111101000111110111110001101111010000101001011100111000110
111101001100011000111101111110110101010111001111001101111100100001010011000000010011100101011101101110101010111101000111110111110001101111010000101001011100111000110
111101001100011000111101111110110111111101000011111000010011100001010011000000010011100101011101101110101010111101000111110111110001101111010000101001011100111000110
111101001100011000111101111110110101010100001101011001101111110011111010000010011100101011101101110101010111101000111110111110001101111010000101001011100111000110100
111101001100011000111101111110110111000011110010111100110100101011001010000010011100101011101101110101010111101000111110111110001101111010000101001011100111000110100
111101001100011000111101111110110101010100001101011001101111101111011010000000010011100101011101101110101010111101000111110111110001101111010000101001011100111000110
111101001100011000111101111110110111000011110010111100110100000101010110010000010011100101011101101110101010111101000111110111110001101111010000101001011100111000110
111101001100011000111101111110110111000011110010111100110100110111011111010000010011100101011101101110101010111101000111110111110001101111010000101001011100111000110
111101001100011000111101111110110111000011110010111100110100100001010011000000010011100101011101101110101010111101000111110111110001101111010000101001011100111000110
111101001100011000111101111110110111000011110010111100110000011001001010000000010011100101011101101110101010111101000111110111110001101111010000101001011100111000110
111101001100011000111101111110110111000011110010111100110100110111001110101000010011100101011101101110101010111101000111110111110001101111010000101001011100111000110
111101001100011000111101111110110111000011110010111100110100110100100111000000010011100101011101101110101010111101000111110111110001101111010000101001011100111000110
111101001100011000111101111110110111000011110010111100110000011001001010001000010011100101011101101110101010111101000111110111110001101111010000101001011100111000110
111101001100011000111101111110110101010100001101011001101111101111011010000010011100101011101101110101010111101000111110111110001101111010000101001011100111000110100
111101001100011000111101111110110101010100001101011001101111000001110011000000010011100101011101101110101010111101000111110111110001101111010000101001011100111000110
111101001100011000111101111110110111000011110010111100110101010010101110000010011100101011101101110101010111101000111110111110001101111010000101001011100111000110100
