000010101000011100000101001010111001001001010101101101101001001111111011001101010110011000010010110110110001000100010000011011100000000110110111111110011100001011110
000010101000011100000101001010111001001001010101101101101001001111111011001101010110011000010010110110010111110100010000011011100000000110110111111110011100001011110
100111100011100000101001010111001001001010101101101101001001111111011001101010110011000010010110110110000111000000101110101011100000000110110111111110011100001011110
000010101000011100000101001010111001001001010101101101101001001111111011001101010110011000010010110100111100000100010000011011100000000110110111111110011100001011110
000010101000011100000101001010111001001001010101101101101001001111111011001101010110011000010010110011001101001100010000011011100000000110110111111110011100001011110
000010101000011100000101001010111001001001010101101101101001001111111011001101010110011011100011101101001101001100010000011011100000000110110111111110011100001011110
000010101000011100000101001010111001001001010101101101101001001111111011001101010110011000010010100000011100101000010000011011100000000110110111111110011100001011110
100111100011100000101001010111001001001010101101101101001001111111011001101010110011000010010110110110000011000100010000011011100000000110110111111110011100001011110
000010101000011100000101001010111001001001010101101101101101001001111111011001101010110011000010010101010111110100010000011011100000000110110111111110011100001011110
000010101000011100000101001010111001001001010101101101101001001111111011001101010110011000010010110100110010000100010000011011100000000110110111111110011100001011110
000010101000011100000101001010111001001001010101101101101001001111111011001101010110111110000111010001010111110100010000011011100000000110110111111110011100001011110
000010101000011100000101001010111001001001010101101101101001001111111011001101010110011000010010110101010111110100010000011011100000000110110111111110011100001011110
000010101000011100000101001010111001001001010101101101101001001111111011001101010110011000010010100001100110000100010000011011100000000110110111111110011100001011110
100111100011100000101001010111001001001010101101101101001001111111011001101010110011000010010110011001100110000100010000011011100000000110110111111110011100001011110
000010101000011100000101001010111001001001001010101101101101001001111111011001101010110011000010010101010111110100010000011011100000000110110111111110011100001011110
100111100011100000101001010111001001001010101101101101001001111111011001101010110011000010010110110001010111110100010000011011100000000110110111111110011100001011110
000010101000011100000101001010111001001001010101101101101001001111111011001101010110011000010010110101001101001100010000011011100000000110110111111110011100001011110
100111100011100000101001010111001001001010101101101101001001111111011001101010110011000010010110110110000101001100010000011011100000000110110111111110011100001011110
000010101000011100000101001010111001001001010101101101101001001111111011001101010110011000010010110011001111110100010000011011100000000110110111111110011100001011110
000010101000011100000101001010111001001001010101101101101001001111111011001101010110011000010010110110000111000000101110101011100000000110110111111110011100001011110
000001111100011100000101001010111001001001010101101101101001001111111011001101010110011000010010110110110001000100010000011011100000000110110111111110011100001011110
000010101000011100000101001010111001001001010101101101101001001111111011001101010110011000010010110110000011000100010000011011100000000110110111111110011100001011110
000001111100011100000101001010111001001001010101101101101001001111111011001101010110011000010010110110010111110100010000011011100000000110110111111110011100001011110
100111100011100000101001010111001001001010101101101101001001111111011001101010110011000010010110000011000110110001000101001010110111011010011000111110011100001011110
000010101000011100000101001010111001001001010101101101101001001111111011001101010110011000010010110011001111110011010000011011100000000110110111111110011100001011110
000010101000011100000101001010111001001001010101101101101001001111111011001101010110011000010010110111001010000100010000011011100000000110110111111110011100001011110
100111100011100000101001010111001001001010101101101101001001111111011001101010110011000010010110110000011000110110001000101001010110111000110111111110011100001011110
100111100011100000101001010111001001001010101101101101001001111111011001101010110011000010010111100101001101001100010000011011100000000110110111111110011100001011110
000010101000011100000101001010111001001001010101101101101001001111111011001101010110011000010010110110110101000100010000011011100000000110110111111110011100001011110
100111100011100000101001010111001001001010101101101101001001111111011001101010110011000010010110110110000111000100010000011011100000000110110111111110011100001011110
100111100011100000101001010111001001001010101101101101001001111111011001101010110011000010010110110010101101001100010000011011100000000110110111111110011100001011110
100111100011100000101001010111001001001010101101101101001001111111011001101010110011000010010110110010110101000100010000011011100000000110110111111110011100001011110
