011011011000100100010000111010100000001110110101100010010111001011100111010100011110010110100110110010011100010101000010010110110010000010010001011101111010100001010
011011011000100100010000111010100000001110110101100010010111001011100111010100011110010110100110110010011100010101000010010110110010000010010001011101111000010011010
011011011011000010100101011000100000001110110101100010010111001011100111010100011110010110100110110010011100010101000010010110110010000010010001011101111010100001010
011011011000100100010000111010100000001110110101100010010111001011100111010100011110010110100110110010011100010101000010010110110010000010010001011101111000001000010
011011000100110111000111000010100000001110110101100010010111001011100111010100011110010110100110110010011100010101000010010110110010000010010001011101111010100001010
011011011011000010100101011000100000001110110101100010010111001011100111010100011110010110100110110010011100010101000010010110110010000010010001011101111000010011010
011011000100110111000111000010100000001110110101100010010111001011100111010100011110010110100110110010011100010101000010010110110010000010010001011101111000010011010
011001110001010100110010110010100000001110110101100010010111001011100111010100011110010110100110110010011100010101000010010110110010000010010001011101111010100001010
011011011011000010100101011000100000001110110101100010010111001011100111010100011110010110100110110010011100010101000010010110110010000010010001011101111000001000010
011011000100110111000111000010100000001110110101100010010111001011100111010100011110010110100110110010011100010101000010010110110010000010010001011101111000001000010
011001110001010100110010110010100000001110110101100010010111001011100111010100011110010110100110110010011100010101000010010110110010000010010001011101111000010011010
011011000100110110111000111000010100000001110110101100010010111001011100111010100011110010110100110110010011100010101000010010110110010000010010001011101111000001010
011001110001010100110010110010100000001110110101100010010111001011100111010100011110010110100110110010011100010101000010010110110010000010010001011101111000001000010
011001110001010100110010110011100000001110110101100010010111001011100111010100011110010110100110110010011100010101000010010110110010000010010001011101111010100001010
011011000100111001111000111010100000001110110101100010010111001011100111010100011110010110100110110010011100010101000010010110110010000010010001011101111010100001010
011011011011000010100101011110100000001110110101100010010111001011100111010100011110010110100110110010011100010101000010010110110010000010010001011101111010100001010
011011011000100111001111000111010100000001110110101100010010111001011100111010100011110010110100110110010011100010101000010010110110010000010010001011101111000001010
011011011000100000100111010110110000001110110101100010010111001011100111010100011110010110100110110010011100010101000010010110110010000010010001011101111010100001010
011011101000100110111000111000010100000001110110101100010010111001011100111010100011110010110100110110010011100010101000010010110110010000010010001011101111000001010
011011011011000100100010000111010100000001110110101100010010111001011100111010100011110010110100110110010011100010101000010010110110010000010010001011101111000001010
011001110001010100110010110011100000001110110101100010010111001011100111010100011110010110100110110010011100010101000010010110110010000010010001011101111000010011010
011011000100111001111000111010100000001110110101100010010111001011100111010100011110010110100110110010011100010101000010010110110010000010010001011101111000010011010
011011011011000010100101011110100000001110110101100010010111001011100111010100011110010110100110110010011100010101000010010110110010000010010001011101111000010011010
011111101110100110111000111000010100000001110110101100010010111001011100111010100011110010110100110110010011100010101000010010110110010000010010001011101111000001010
011011011011011000001101011010100000001110110101100010010111001011100111010100011110010110100110110010011100010101000010010110110010000010010001011101111010100001010
011011011000100100010000111010100000001110110101100010010111001011100111010100011110010110100110110010011100010101000010010110110010000010010001011110110110000001010
011001110001010100110010110001010100000001110110101100010010111001011100111010100011110010110100110110010011100010101000010010110110010000010010001011101111000001010
011011011000100000100111010110110000001110110101100010010111001011100111010100011110010110100110110010011100010101000010010110110010000010010001011101111000010011010
011011000100100000001001110010100000001110110101100010010111001011100111010100011110010110100110110010011100010101000010010110110010000010010001011101111010100001010
011011011011011000010100101011000100000001110110101100010010111001011100111010100011110010110100110110010011100010101000010010110110010000010010001011101111000001010
011011011000100100000001001110010100000001110110101100010010111001011100111010100011110010110100110110010011100010101000010010110110010000010010001011101111000001010
011011011011011000001101011010100000001110110101100010010111001011100111010100011110010110100110110010011100010101000010010110110010000010010001011101111000010011010
