111110011100111010011001101110110010000111100000010000010101111100001000100010110000000010010110010111100101001101010110101001101001111111110010101110001001111000010
111110011100111010011001101110110010000111100000010000001001110111000000111011010011010001110110010111100101001101010110101001101001111111110010101110001001111000010
111110011100111010011001101110110010000111100000010000001000100111000000111011010011010001110110010111100101001101010110101001101001111111110010101110001001111000010
111110011100111010011001101110110010000111100000010000010101110111000000111011010011010001110110010111100101001101010110101001101001111111110010101110001001111000010
111110011100111010010000110101000111000111100000010000010101111100001000100010110000000010010110010111100101001101010110101001101001111111110010101110001001111000010
111110011100111010010000110101000111000111100000010000001001110111000000111011010011010001110110010111100101001101010110101001101001111111110010101110001001111000010
111110011100111010010000110101000111000111100000010000001000100111000000111011010011010001110110010111100101001101010110101001101001111111110010101110001001111000010
111110011100111010011001101110110010000111100000010000011110111100001000100010110000000010010110010111100101001101010110101001101001111111110010101110001001111000010
111110011100111000111010111001111000111100000010000011110111000000111011010011010001110110010111100101001101010110101001101001111111110010101110001001101000001001000
101100001001100100011001000110000101011010101110010001110111000000111011010011010001110110010111100101001101010110101001101001111111110010101110001001101000001001000
011000101110100101010111011110010000010001011111110101111100001000100010110000000010010110010111100101001101010110101001101001111111110010101110001001101000001001000
101100001001100100011001000110000111100000010000010101111100001000100010110000000010010110010111100101001101010110101001101001111111110010101110001001101000001001000
001101100001001100100011001000110000111100000010000011110111000000111011010011010001110110010111100101001101010110101001101001111111110010101110001001101000001001000
011000101110100101010111011110010000010001011111001000100111000000111011010011010001110110010111100101001101010110101001101001111111110010101110001001101000001001000
011000101110100101010111011110010000010001011111010101111100001000100010110000000010010110010111100101001101010110101001101001111111110010101110001001101000001001000
101100001001100100011001000110000111100000010000001001110111000000111011010011010001110110010111100101001101010110101001101001111111110010101110001001101000001001000
101100001001100100011001000110000111100000010000001000100111000000111011010011010001110110010111100101001101010110101001101001111111110010101110001001101000001001000
111110011100111010010000110101000111101111001100001001110111000000111011010011010001110110010111100101001101010110101001101001111111110010101110001001101000001001000
111110011100101111110001011100100001110000100010100001110111000000111011010011010001110110010111100101001101010110101001101001111111110010101110001001101000001001000
011000101110100101010111011110010000010001011111000011111000000111011010011010001110101010111010100101001101010110101001101001111111110010101110001001101000001001000
001011000101110100101010111011110010000010001011111000011111000000111011010011010001110110010111100101001101010110101001101001111111110010101110001001101000001001000
011111110100010000110101000111000111100000010000010101111100001000100010110000000010010110010111100101001101010110101001101001111111110010101110001001101000001001000
101100001001100100011001000110000111100000010000011110111100001000100010110000000010010110010111100101001101010110101001101001111111110010101110001001101000001001000
111110011100101111110001011100100001110000100010010101111100001000100010110000000010010110010111100101001101010110101001101001111111110010101110001001101000001001000
101100001001100100011001000110000111100000010000010101110111000000111011010011010001110110010111100101001101010110101001101001111111110010101110001001101000001001000
011000101110100101010111011110010000010001011100001000100111000000111011010011010001110110010111100101001101010110101001101001111111110010101110001001101000001001000
111110011100111000111010111001111000111100000010000000010011000000111011010011010001110110010111100101001101010110101001101001111111110010101110001001101000001001000
111110011100111010011001101110110010000111100000010000010101111100001000100010110000000010010110010111100101001101010110101001101001111111110010101110100111101100001
111110011100111010011001101110110010000111100000010000001001110111000000111011010011010001110110010111100101001101010110101001101001111111110010101110100111101100001
111110011100111010011001101110110010000111100000010000001000100111000000111011010011010001110110010111100101001101010110101001101001111111110010101110100111101100001
101100001001100100011001000110000111100000010000011110111000000111011010011010001110101010111010100101001101010110101001101001111111110010101110001001101000001001000
111110011100111010011001101110110010000111100000010000010101110111000000111011010011010001110110010111100101001101010110101001101001111111110010101110100111101100001
