011110011100101110110010010101000011100010100010101010010010000010010111011111111011111101101010010000000000111111111000111000100110011110010111101010101010101001110
011110011100101110110010010101000011100010100110101010010010000010010111011111111011111101101010010000000000111111111000111000100110011110010111101010101010101001110
011110011100101110110010010101000011100010111010101010010010000010010111011111111011111101101010010000000000111111111000111000100110011110010111101010101010101001110
011110011100101110110010010101000011100001100010101010010010000010010111011111111011111101101010010000000000111111111000111000100110011110010111101010101010101001110
011110011100101110110010010101000011100010100110001010010010000010010111011111111011111101101010010000000000111111111000111000100110011110010111101010101010101001110
011110011100101110110010010101000011100011011101101010010010000010010111011111111011111101101010010000000000111111111000111000100110011110010111101010101010101001110
011110011100101110110010010101000011100010111101101010010010000010010111011111111011111101101010010000000000111111111000111000100110011110010111101010101010101001110
011110011100101110110010010101000011100010101110101010010010000010010111011111111011111101101010010000000000111111111000111000100110011110010111101010101010101001110
011110011100101110110010010101000011100010100100101010010010000010010111011111111011111101101010010000000000111111111000111000100110011110010111101010101010101001110
011110011100101110110010010101000011100010100001111000010010000010010111011111111011111101101010010000000000111111111000111000100110011110010111101010101010101001110
011110011100101110110010010101000011100000000010101010010010000010010111011111111011111101101010010000000000111111111000111000100110011110010111101010101010101001110
011110011100101110110010010101000011100010100110011010010010000010010111011111111011111101101010010000000000111111111000111000100110011110010111101010101010101001110
011110011100101110110010010101000011100010110010101010010010000010010111011111111011111101101010010000000000111111111000111000100110011110010111101010101010101001110
011110011100101110110010010101000011100010111000001010010010000010010111011111111011111101101010010000000000111111111000111000100110011110010111101010101010101001110
011110011100101110110010010101000011100010100101101010010010000010010111011111111011111101101010010000000000111111111000111000100110011110010111101010101010101001110
011110011100101110110010010101000011101000000010101010010010000010010111011111111011111101101010010000000000111111111000111000100110011110010111101010101010101001110
011110011100101110110010010101000011100001110110101010010010000010010111011111111011111101101010010000000000111111111000111000100110011110010111101010101010101001110
011110011100101110110010010101000011100010101010101010010010000010010111011111111011111101101010010000000000111111111000111000100110011110010111101010101010101001110
011110011100101110110010010101000011100010001100101010010010000010010111011111111011111101101010010000000000111111111000111000100110011110010111101010101010101001110
011110011100101110110010010101000011100010001101101010010010000010010111011111111011111101101010010000000000111111111000111000100110011110010111101010101010101001110
011110011100101110110010010101000011100001101000001010010010000010010111011111111011111101101010010000000000111111111000111000100110011110010111101010101010101001110
011110011100101110110010010101000011101000100010101010010010000010010111011111111011111101101010010000000000111111111000111000100110011110010111101010101010101001110
011110011100101110110010010101000011100000010100011010010010000010010111011111111011111101101010010000000000111111111000111000100110011110010111101010101010101001110
011110011100101110110010010101000011100010100010001010010010000010010111011111111011111101101010010000000000111111111000111000100110011110010111101010101010101001110
011110011100101110110010010101000011100010101100101010010010000010010111011111111011111101101010010000000000111111111000111000100110011110010111101010101010101001110
011110011100101110110010010101000011100010001010101010010010000010010111011111111011111101101010010000000000111111111000111000100110011110010111101010101010101001110
011110011100101110110010010101000011100010001100011010010010000010010111011111111011111101101010010000000000111111111000111000100110011110010111101010101010101001110
011110011100101110110010010101000011100011001000001010010010000010010111011111111011111101101010010000000000111111111000111000100110011110010111101010101010101001110
011110011100101110110010010101000011100011011101001110010010000010010111011111111011111101101010010000000000111111111000111000100110011110010111101010101010101001110
011110011100101110110010010101000011100010100110000011111011000010010111011111111011111101101010010000000000111111111000111000100110011110010111101010101010101001110
011110011100101110110010010101000011100010100010101010010010000010010111011111111011111101101010010000000000111111111000111000100110011110010111101010100110100010000
011110011100101110110010010101000011100010100010101010010010000010010111011111111011111101101010010000000000111111111000111000100110011110010111101010101010101010000
