011110101011000011111010101111010001001010100001000010100011111001110100101110001101110111010110100001111000101111010110100111110110110010001010110111101010001110000
011110101011000011111010101110010001001010100001000010100011111001110100101110001101110111010110100001111000101111010110100111110110110010001010110111101010001110000
011110101011000011111010101111100001001010100001000010100011111001110100101110001101110111010110100001111000101111010110100111110110110010001010110111101010001110000
011110101011000011111010101111001001001010100001000010100011111001110100101110001101110111010110100001111000101111010110100111110110110010001010110111101010001110000
011110101011000011111010101111010011001010100001000010100011111001110100101110001101110111010110100001111000101111010110100111110110110010001010110111101010001110000
011110101011000011111010101101100001001010100001000010100011111001110100101110001101110111010110100001111000101111010110100111110110110010001010110111101010001110000
011110101011000011111010101101001001001010100001000010100011111001110100101110001101110111010110100001111000101111010110100111110110110010001010110111101010001110000
011110101011000011111010101111010001001010100001000010100011111001110100101110001101110111010110100001111000101111010110100111110111001111100100110001110101100000100
011110101011000011110101010110100001001010100001000010100011111001110100101110001101110111010110100001111000101111010110100111110110110010001010110111101010001110000
011110101011000011111010001011111001001010100001000010100011111001110100101110001101110111010110100001111000101111010110100111110110110010001010110111101010001110000
011110101011000011111010101111011010001010100001000010100011111001110100101110001101110111010110100001111000101111010110100111110110110010001010110111101010001110000
011110101011000011111010101111010010001010100001000010100011111001110100101110001101110111010110100001111000101111010110100111110110110010001010110111101010001110000
011110101011000011111010101111011001001010100001000010100011111001110100101110001101110111010110100001111000101111010110100111110110110010001010110111101010001110000
011110101011000011001001010010100001001010100001000010100011111001110100101110001101110111010110100001111000101111010110100111110110110010001010110111101010001110000
011110101011000011111010101111001001010100001000010100011111001110100101110001101110111010110100001111000101111010110100111110110111001111100100110001110101100000100
011110101011000011111010101111010010001001010100001000010100011111001110100101110001101110111010110100001111000101111010110100111110110010001010110111101010001110000
011110101011000011111010101111000101001010100001000010100011111001110100101110001101110111010110100001111000101111010110100111110110110010001010110111101010001110000
011110101011000011111010101111010101001010100001000010100011111001110100101110001101110111010110100001111000101111010110100111110110110010001010110111101010001110000
011110101011000011111010101111000001001010100001000010100011111001110100101110001101110111010110100001111000101111010110100111110110110010001010110111101010001110000
011110101011000011111010101111010001001010100001000010100011111001110100101110001101110111010110100001111000101111010110100000001111001111100100110001110101100000100
011110101011000011111010101111111001001010100001000010100011111001110100101110001101110111010110100001111000101111010110100111110110110010001010110111101010001110000
011110101011000011111010101111010001001010100001000010100011111001110100101110001101110111010110100001111000101111010110100111110110111001111100100110001110101100000
011110101011000011101100000011000001001010100001000010100011111001110100101110001101110111010110100001111000101111010110100111110110110010001010110111101010001110000
011110101011011110101010110100010001001010100001000010100011111001110100101110001101110111010110100001111000101111010110100111110110110010001010110111101010001110000
011110101011000011111010111000000001001010100001000010100011111001110100101110001101110111010110100001111000101111010110100111110110110010001010110111101010001110000
011110101011000011111010101111010001010100001000010100011111001110100101110001101110111010110100001111000101111010110100111110110111001111100100110001110101100000100
011110101011000011111010101111010000001010100001000010100011111001110100101110001101110111010110100001111000101111010110100111110110110010001010110111101010001110000
011110101011000011111010101111010010001001010100001000010100011111001110100101110001101110111010110100001111000101111010110111110110110010001010110111101010001110000
011110101011000011111010101111010010101010100001000010100011111001110100101110001101110111010110100001111000101111010110100111110110110010001010110111101010001110000
011110101011000011111010101111010010001001010100001000010100011111001110100101110001101110111010110100001111000101111010110111000101001111100100110001110101100000100
011110101011000011111010101111001110111111011001000010100011111001110100101110001101110111010110100001111000101111010110100111110110110010001010110111101010001110000
011110101011000011111010101111010001001010100001000010100011111001110100101110001101110111010110100001111000101111010110100100001011101111100100110001110101100000100
