111010100110011000101110111100011000100001001110011100011111000100101111000101001010000011010101100000111100110101000000110100111011001111010001000011111001010001000
111010100110011000101110111100011000100001001110011100011111000100101111000101001010000011010100100000000100110101000000110100111011001111010001000011111001010001000
111010100110011000101001011100011000100001001110011100011111000100101111000101001010000011010101100000111100110101000000110100111011001111010001000011111001010001000
111010100110011000101110111100011000100001001110011100011111000100101111000101001010000111010101100000111100110101000000110100111011001111010001000011111001010001000
111010100110011000101110111100011000100001001110011100011111000100101111000101001010000011010001100010111100110101000000110100111011001111010001000011111001010001000
111010100110011101101110111100011000100001001110011100011111000100101111000101001010000011010101100000111100110101000000110100111011001111010001000011111001010001000
111010100110011000101110111100011000100001001110011100011100000100101111000101001010000011010101100000111100110101000000110100111011001111010001000011111001010001000
111010100110011000101110111100011000100001001110011100011111000100101111000101000011010100010101100000111100110101000000110100111011001111010001000011111001010001000
111010100110011000101110111100011000100001001110011100011111000100101111000101001010000011010101100000111100110101000000110100111011001111010001000011111001010110000
111010100110011000101110111100011000100001001110111001111001010100101111000101001010000011010101100000111100110101000000110100111011001111010001000011111001010001000
111010100110011000101110111100011000100001001110011100011111000100101111000101001010000011010100100000111100110101000000110100111011001111010001000011111001010001000
111010100110011000101110111100011000100001001110011100011111000100101111000101001010000111010001100010111100110101000000110100111011001111010001000011111001010001000
111010100110011000101110111100011000100001001110011100011111000100101111000101001010000011010101100000000100110101000000110100111011001111010001000011111001010001000
111010100110011000101110111100011000100001001000011100011111000100101111000101001010000011010101100000111100110101000000110100111011001111010001000011111001010001000
111010100110011000101110111100011000100001001110011100011111000100101111000101001010000011010101100010111100110101000000110100111011001111010001000011111001010001000
111010100110011000101110111100011000100001001000100110010111000100101111000101001010000011010101100000111100110101000000110100111011001111010001000011111001010001000
111010100110011000101110111100011000100001001110011100011111000100101111000101001010000011010001100000111100110101000000110100111011001111010001000011111001010001000
111010100110011000101110111100011000100001001110110000001100000100101111000101001010000011010101100000111100110101000000110100111011001111010001000011111001010001000
111010100110011000101110111100011000100001001110011100011111000100101111000101001010000011010101100000111100100101000000110100111011001111010001000011111001010001000
111010100110011000101110111100011000100001001110011100011111000100101111000101001000101011010101100000111100110101000000110100111011001111010001000011111001010001000
111010100110011000101110111100011000100001001110011100011111000100101111000101001010000010010001100010111100110101000000110100111011001111010001000011111001010001000
111010100110011000101110111100011000100001001110011100011111000100101111000101001010000111011101110000111100110101000000110100111011001111010001000011111001010001000
111010100110011000101110111100011000100001001110011100011111000100101111000101000011010100010001100010111100110101000000110100111011001111010001000011111001010001000
111010100110011000101110111100011000100001001110011100011111000100101111000101001010010100010101100000111100110101000000110100111011001111010001000011111001010001000
111010100110011000101110111100011000100001001110011100010111000100101111000101001010000011010101100000111100110101000000110100111011001111010001000011111001010001000
111010100110011000101110111100011000100001001110011100011111000100101111000101001010000011010101100000111100110101000000110100111011001111010001000011111001010101100
111010100110011000101110111100011000100001001110011100011111000100101111000101001010000011101110110010000100110101000000110100111011001111010001000011111001010001000
111010100110011000101110111100011000100001001000110000001100000100101111000101001010000011010101100000111100110101000000110100111011001111010001000011111001010001000
111010100110011000101110111100011000100001001110011100011111000100101111000101001010000011101100000111100110101000000110100111011001111010001000011111001010001000110
111010100110011000101110111100011000100001001100001100011111000100101111000101001010000011010101100000111100110101000000110100111011001111010001000011111001010001000
111010100110011000101110111100011000100001001110011100011111000100101111000101001010000011010101100000111100110101000000110100111011001111010001000011111001010001110
111010100110011000101110111100011000100001001110011100011111000100101111000101001010000011010101100000111100110101000000110100111011001111010001000011010000011011010
