001100111011001000100010001101101100001110011010101101001100001100111101001001101111001011010111111110011010101111011110011001111101011000001010010011110101100101000
001100111011001000100010001101101100001110011010101101001100001100111101001001101111001011010111111111011010101111011110011001111101011000001010010011110101100101000
001100111011001000100010001101101100001110011010101101001100001100111101001001101111001011010111111101001010101111011110011001111101011000001010010011110101100101000
001100111011001000100010001101101100001110011010101101001100001100111101001001101111001011010111111110011010101111011110011001111101011000001010010011110001100101000
001100111011001000100010001101101100001110011010101101001100001100111101001001101111001011010111111101011010101111011110011001111101011000001010010011110101100101000
001100111011001000100010001101101100001110011010101101001100001100111101001001101100110011110011111111011010101111011110011001111101011000001010010011110101100101000
001100111011001000100010001101101100001110011010101101001100001100111101001001101111001011010111101110011010101111011110011001111101011000001010010011110101100101000
001100111011001000100010001101101100001110011010101101001100001100111101001001101111001011010111111110010010101111011110011001111101011000001010010011110101100101000
001100111011001000100010001101101100001110011010101101001100001100111101001001101111001011010111111101101010101111011110011001111101011000001010010011110101100101000
001100111011010000100010001101101100001110011010101101001100001100111101001001101111001011010111111110011010101111011110011001111101011000001010010011110101100101000
001100111011001000100010001101101100001110011010101101001100001100111101001001101111001011010111111000011010101111011110011001111101011000001010010011110101100101000
001100111011001000100010001101101100001110011010101101001100001100111101001001101111001011010111101011011010101111011110011001111101011000001010010011110101100101000
001100111011001000100010001101101100001110011010101101001100001100111101001001101111001011010111111011011010101111011110011001111101011000001010010011110101100101000
001100111011001000100010001101101100001110011010101101001100001100111101001001101111001011010111111101100010101111011110011001111101011000001010010011110101100101000
001100111011001000100010001101101100001110011010101101001100001100111101001001101111001011010111111101110011110000010110100001111101011000001010010011110101100101000
001100111011001000100010001101101100001110011010101101001100001100111101001001101111001011010111111101111110101111011110011001111101011000001010010011110101100101000
001100111011001000100010001101101100001110011010101101001100001100111101001001101111001011010111111010111010101111011110011001111101011000001010010011110101100101000
001100111011001000100010001101101100001110011010101101001100001100111101001001101111001011010111111111101010101111011110011001111101011000001010010011110101100101000
001100111011001000100010001101101100001110011010101101001100001100111101001001101111001011010111111110011110000010110100001111111101011000001010010011110101100101000
001100111011001000100010001101101100001110011010101101001100001100111101001001101111001011010111111101010110100011000011100101111101011000001010010011110101100101000
001100111011001000100010001101101100001110011010101101001100001100111101001001101111001011010111111101100110000010110100001111111101011000001010010011110101100101000
001100111011001000100010001101101100001110011010101101001100001100111101001001101111001011010111111110001000101111011110011001111101011000001010010011110101100101000
001100111011001000100010001101101100001110011010101101001100001100111101001001101111001011010111111101011110000010110100001111111101011000001010010011110101100101000
001100111011001000100010001101101100001110011010101101001100001100111101001001101111001011010111111111010010101111011110011001111101011000001010010011110101100101000
001100111011001000100010001101101100001110011010101101001100001100111101001001101111001011010111111101001100000100101011100001011101011000001010010011110101100101000
001100111011001000100010001101101100001110011010101101001100001100111101001001101111001011010111111011010101111011110011001111111101011000001010010011110101100101000
001100111011001000100010001101101100001110011010101101001100001100111101001001101111001011010111111101010101111011110011001111111101011000001010010011110101100101000
001100111011001000100010001101101100001110011010101101001100001100111101001001101111001011010111111100011010101111011110011001111101011000001010010011110101100101000
001100111011001000100010001101101100001110011010101101001100001100111101001001101100110011110011111110011010101111011110011001111101011000001010010011110101100101000
001100111011001000100010001101101100001110011010101101001100001100111101001001101111001011010111111110101101111111011110011001111101011000001010010011110101100101000
001100111011001001010001001101101100001110011010101101001100001100111101001001101111001011010111111110011010101111011110011001111101011000001010010011110101100101000
001100111011001000100010001101101100001110011010101101001100001100111101001001101111001011010111111110011010101111011110011001111101011000001010010011110101100101010
