101010100001010010010001010001110110001101001101100001101011000101011101100010010010001100101101000001010111001011110111010111001111001110100111010010001110100010000
101010100001010010010001010001110110001101001101100001101011000101011101100010010010001100101101000001010111001011110111010111001111001110101111000001011111111001000
101010100001010010010001010001110110001101001011110101001011100111111100011011101011100010101111011101111110001001000010110101010110111111101111000001011111111001000
101010100001010010010001010001110110001101001101100001101011000101011101100010010011100100000001100101010010101011011011000100011110101001000001101101001100101011000
101010100001010010010001010001110100111000101001101100001101011000101011101100010010010001100101101000001010111111101110100110000100111001110010011010000000010111100
101010100001010010010001010001110110001101001101100001101011000101011101100010010010001100101101000001010111001011110111010111001111001110111001111110000110001000001
000000100110001011101101111101110000010010100000110100111111100111111100011011101011100010101111011101111110001001000010110101010110111111101111000001011111111001000
101010100001010010010001010001110110001101001101100001101011000101011101100010010011100100000001100101010010101011011011000100011110101001000001101110000010100010000
101010100001010010010001010001110110001101001011110101001011100111111100011011101011100010101111011101111110001001000010110101010110111111101101111110000110001000001
101010100001010010010001010001110100111000101001101100001101011000101011101100010010010001100101101000001010111111101110100110000100111001110010010000111001100110101
101010100001010010010001010001110110001101001101100001101011000101011101100010010010001100101101000001010111001011110111010111001111001110100111000001011111111001000
101010100001010010010001010001110110001101001101100001101011000101011101100010010010001100101101000001010111001011110111010111001111001110111000111100101010101000100
000000100110001011101101111101110000010010100000110100111111100111111100011011101011100010101111011101111110001001000010110101010110111111101101111110000110001000001
101010100001010010010001010001110110001101001011110101001011100111111100011011101011100010101111011101111110001001000010110101010110111111101101111110011010101000100
000000100110001011101101111101110000010010100000110100111111100111111100011011101011100010101111011101111110001001000010110101010110111111101101111110011010101000100
000000100110001011101101111101110000010010100000110100111111100111111100011011101011100010101111011101111110001001000010110101010110111111101101111101010011111001000
101010100001010010010001010001110110001101001101100001101011000101011101100010010010001100101101000001010111001011110111010111001111001110001011000001011111111001000
000000100110001011101101111101110000010010100000110100111111100111111100011011101011100010101111011101111110001001000010110101010110111111101111000111000000010111100
101010100001010010010001010001110110001101001011110101001011100111111100011011101011100010101111011101111110001001000010110101010110111111101101111101010011111001000
101010100001010010010001010001110110001101001011110101001011100111111100011011101011100010101111011101111110001001000010110101010110111111101111000111000000010111100
000000100110001011101101111101110000010010100000110100111111100111111100011011101011100010101111011101111110001001000010110101010110111111101101111110011001100110101
000000100110001011101101111101110000010010100000110110011011011100101000010111001101100010111001001000001100111010111111000001100011011101110111110010100110001000001
100000110111000010000001000000111000101001101100001101011000101011101100010010010010001100101101000001010111001011110111010111001111001110100111010010001110100010000
100000110111000010000001000000111000101001101100001101011000101011101100010010010010001100101101000001010111001011110111010111001111001110101111000001011111111001000
000000100110001011101101111101110000001101001011110101001011100111111100011011101011100010101111011101111110001001000010110101010110111111101111000001011111111001000
101010100001010010010001010001000001101001011110010100001001011101111010101100010111001101100010111001001000001010001100111100010111101011101000011100011111111001000
101010100001010010010001001000000111000101001101100001101011000101011101100010010010001100101101000001010111001011110111010111001111001110100111010010001110100010000
101010100001010010010001001000000111000101001101100001101011000101011101100010010010001100101101000001010111001011110111010111001111001110101111000001011111111001000
101010100001010010010001010001000001101001101100001101011000101011101100010010010010001100101101000001010111001011110111010111001111001110100111010010001110100010000
101010100001010010010001010001000001101001101100001101011000101011101100010010010010001100101101000001010111001011110111010111001111001110101111000001011111111001000
000001101010100001010010010001010001110110001101001110010011100111110100101011101100010010010001100101101000100101010001111011011111111101000100001111010111000000011
100000110111000010000001000000110111110110011100100001101011000101011101100010010010001100101101000001010111001011110111010111001111001110100111010010001110100010000
