111100110010010111101000001001110101011001100010101100001111011100000100101011000110000100000110111011011011000011011111010010001110000101011101110101100111111001010
111100110010010111101000001001110101011001100010101100001111011100000100101011000110000100010000011011011011000011011111010010001110000101011101110101100111111001010
111100110010010111101000001001110101011001100010101100001111011100000100101011000110000100000110111011011011000011011111010010001110000101011001110101100111111001010
111100110010010111101000001001110101011001100010101100001111011100000100101011000110000100000101110101010010000011011111010010001110000101011101110101100111111001010
111100110010010111101000001001110101011001100010101100001111011100000100101011000110000100000110111011011011000011011111000000010110000101011101110101100111111001010
111100110010010111101000001001110101011001100010101100001111011100000100101011000110000100000111100011011011000011011111010010001110000101011101110101100111111001010
111100110010010111101000001001110101011001100010101100001111011100000100101011000110000100000110111011011011000011011111000000010010110010011111110101100111111001010
111100110010010111101000001001110101011001100010101100001111011100000100101011000100000100010000011011011011000011011111010010001110000101011101110101100111111001010
111100110010010111101000001001110101011001100010101100001111011100000100101011000110000100000101110101011011000011011111010010001110000101011101110101100111111001010
111100110010010111101000001001110101011001100010101100001111011100000100101011000110000100000110111011011011000011011111010010001110000101001001010101100111111001010
111100110010010111101000001001110101011001100010101100001111011100000100101011000110000100000101110101010010000001100000010010001110000101011101110101100111111001010
111100110010010111101000001001110101011001100010101100001111011100000100101011000110000100000100100110101101111001100000010010001110000101011101110101100111111001010
111100110010010111101000001001110101011001100010101100001111011100000100101011000110000100000101110101010010011010101110011010001110000101011101110101100111111001010
111100110010010111101000001001110101011001100010101100001111011100000100101011000110000100000110111011011011101010101110011010001110000101011101110101100111111001010
111100110010010111101000001001110101011001100010101100001111011100000100101011000100000100000110111011011011000011011111010010001110000101011101110101100111111001010
111100110010010111101000001001110101011001100010101100001111011100000100101011000110000100000100100110101111110011011111010010001110000101011101110101100111111001010
111100110010010111101000001001110101011001100010101100001111011100000100101011000110000100000110111011011011001010011101100111101100011100101100111101100111111001010
111100110010010111101000001001110101011001100010101100001111011100000100101011000110000100000110111011011011000011011111000000000101011010110111010101100111111001010
111100110010010111101000001001110101011001100010101100001111011100000100101011000110000100000110111011011011000011011111010010001110000101001001110101100111111001010
111100110010010111101000001001110101011001100010101100001111011100000100101011000110001010011010011011011011000011011111010010001110000101011101110101100111111001010
111100110010010111101000001001110101011001100010101100001111011100000100101011000110011000100110111011011011000011011111010010001110000101011101110101100111111001010
111100110010010111101000001001110101011001100010101100001111011100000100101011000110000100000110111011011011000011011101100111101100011100101100111101100111111001010
111100110010010111101000001001110101011001100010101100001111011100000100101011000110000100010000011011011011000011011111010010001110000101011001110101100111111001010
111100110010010111101000001001110101011001100010101100001111011100000100101011000110000100000110111011011011001010011101100111101100011110110100100011100111111001010
111100110010010111101000001001110101011001100010101100001111011100000100101011000110000100000110111011011011000011011111010010001110000101011101100001010110110000111
111100110010010111101000001001110101011001100010101100001111011100000100101011000110000100000110111011011011000011011111010010001110000101011101110111111110001000111
111100110010010111101000001001110101011001100010101100001111011100000100101011000110000100000110111011011011000011011111000000010111000101011101110101100111111001010
111100110010010111101000001001110101011001100010101100001111011100000100101011000110000100000110111011011011001010011101100111101110000101011101110101100111111001010
111100110010010111101000001001110101011001100010101100001111011100000100101011000110000100000110111011011011000011011111000000010010110100000000011001100111111001010
111100110010010111101000001001110101011001100010101100001111011100000100101011000110000100000110111011011011000011011111010010001110000111000101110101100111111001010
111100110010010111101000001001110101011001100010101100001111011100000100101011000110000100000110111011011011011001010011101110101110000101011101110101100111111001010
111100110010010111101000001001110101011001100010101100001111011100000100101011000110000100000110111011011011000011011101100111101100011110110100100011100111111001010
