000000000110010000001011101010011101001111110110010010101110011100000100100101110001000101100001001000011101011011111100110000010010011100101001100011100111010001011
000000000110010000001011101010011101001111110110010010101110011100000100100101110001000101100001001000011101011001111001101100101111100101001100011111100101011001011
000000000110010000001011101010011101001111110110010010101110011100000100100101110001000101100001001000011101000000001000111000110111001101001110010010111110011001011
000000000110010000001011101010011101001111110110010010101110011100000100100101110001000101100001001000011101000000001000111000110111001101001110010010110000101001011
000000000110010000001011101010011101001111110110010010101110011100000100100101110001000101100001001000011101000000101001111000110111001101001110010010111110011001011
000000000110010000001011101010011101001111110110010010101110011100000100100101110001000101100001001000011101000000101001111000110111001101001110010010110000101001011
000000000110010000001011101010011101001111110110010010101110011100000100100101110001000101100001001000011101011001111001101100101111100101001100011010100101100111111
000000000110010000001011101010011101001111110110010010101110011100000100100101110001000101100001001000011101011001111001101100101111100101001100011100111010001001011
000000000110010000001011101010011101001111110110010010101110011100000100100101110001000101100001001000011101000010000000111000110111001101001110010010111110011001011
000000000110010000001011101010011101001111110110010010101110011100000100100101110001000101100001001000011101000010000000111000110111001101001110010010110000101001011
000000000110010000001011101010011101001111110110010010101110011100000100100101110001000101100001001000011101000000001000111000110111001101011000011001111010111001011
000000000110010000001011101010011101001111110110010010101110011100000100100101110001000101100001001000011101011001111001101100101111100101001100011001111010111001011
000000000110010000001011101010011101001111110110010010101110011100000100100101110001000101100001001000011101000110110101011000000111111010110110001101100111010001011
000000000110010000001011101010011101001111110110010010101110011100000100100101110001000101100001001000011101000000101001111000110111001101011000011001111010111001011
000000000110010000001011101010011101001111110110010010101110011100000100100101110001000101100001001000011101000000001000111000110111001101011000011010100101100111111
000000000110010000001011101010011101001111110110010010101110011100000100100101110001000101100001001000011101000000101001111000110111001101011000011010100101100111111
000000000110010000001011101010011101001111110110010010101110011100000100100101110001000101100001001000011101011001111001101100101111100101001100011111000111111001011
000000000110010000001011101010011101001111110110010010101110011100000100100101110001000101100001001000011101000010000111001101100101111100101001100011100111010001011
000000000110010000001011101010011101001111110110010010101110011100000100100101110001000101100001001000011101000000011010000101000011111010110110001101100111010001011
000000000110010000001011101010011101001111110110010010101110011100000100100101110001000101100001001000011101000010000000111000110111001101011000011001111010111001011
000000000110010000001011101010011101001111110110010010101110011100000100100101110001000101100001001000011101000000001000111000110111001101011000011010010110011001011
000000000110010000001011101010011101001111110110010010101110011100000100100101110001000101100001001000011101001110100000111000110111001101001110010010110000101001011
000000000110010000001011101010011101001111110110010010101110011100000100100101110001000101100001001000011101011001111011000101000011111010110110001101100111010001011
000000000110010000001011101010011101001111110110010010101110011100000100100101110001000101100001001000011101011011111100110000010010011100101001100011111100101010111
000000000110010000001011101010011101001111110110010010101110011100000100100101110001000101100001001000011101011001100111001101100101111100101001100011100111010001011
000000000110010000001011101010011101001111110110010010101110011100000100100101110001000101100001001000011001000000101001111000110111001101001110010010110000101001011
000000000110010000001011101010011101001111110110010010101110011100000100100101110001000101100001001000011101011001111001101100101111100101001100011100111000011100011
000000000110010000001011101010011101001111110110010010101110011100000100100101110001000101100001001000011101011001111001101100101111100101001100011111000111111010111
000000000110010000001011101010011101001111110110010010101110011100000100100101110001000101100001001000011101011011001111001101100101111100101001100011100111010001011
000000000110010000001011101010011101001111110110010010101110011100000100100101110001000101100001001000011101000000001000111000110111001101001110010010101111000111111
000000000110010000001011101010011101001111110110010010101110011100000100100101110001000101100001001000011101000000001000111000110111001101001110010010111110011110111
000000000110010000001011101010011101001111110110010010101110011100000100100101110001000101100001001000011101000101001111000110111001101011000011010000111000011100011
