001110100010111100111101100010010011010110100010101000011101110110101101001011010001010110111100000011011101000011111101110111000111010011001100010101001101100011110
001110100010111100111101100010010011010110100010101000011101110110101101001011010001010110111101101111111111000011111101110111000111010011001100010101001101100011110
001110100010111100111101100010010011010110100010101000011101110110101101001011010001010110111100101111111111000011111101110111000111010011001100010101001101100011110
001110100010111100111101100010010011010110100010101000011101110110101101001011010010011000110101101111111111000011111101110111000111010011001100010101001101100011110
001110100010111100111101100010010011010110100010101000011101110110101101001011010001010110011101101111111111000011111101110111000111010011001100010101001101100011110
001110100010111100111101100010010011010110100010101000011101110110101101001011010001010111010101101111111111000011111101110111000111010011001100010101001101100011110
001110100010111100111101100010010011010110100010101000011101110110101101001011010001001000100010010111111111000011111101110111000111010011001100010101001101100011110
001110100010111100111101100010010011010110100010101000011101110110101101001011010001010110111100000011011111000011111101110111000111010011001100010101001101100011110
001110100010111100111101100010010011010110100010101000011101110110101101001011010001010110111100000011011101000001000010110101000111010011001100010101001101100011110
001110100010111100111101100010010011010110100010101000011101110110101101001011010001010110101001001111111111000011111101110111000111010011001100010101001101100011110
001110100010111100111101100010010011010110100010101000011101110110101101001011010001010110111111001101010100000011111101110111000111010011001100010101001101100011110
001110100010111100111101100010010011010110100010101000011101110110101101001011010001010000100011101111111111000011111101110111000111010011001100010101001101100011110
001110100010111100111101100010010011010110100010101000011101110110101101001011010001010110111100000011011101000001000010110111000111010011001100010101001101100011110
001110100010111100111101100010010011010110100010101000011101110110101101001011010001010110111111001111111111000011111101110111000111010011001100010101001101100011110
001110100010111100111101100010010011010110100010101000011101110110101101001011010000110100100101101111111111000011111101110111000111010011001100010101001101100011110
001110100010111100111101100010010011010110100010101000011101110110101101001011010001010110111100000111111111000011111101110111000111010011001100010101001101100011110
001110100010111100111101100010010011010110100010101000011101110110101101001011010001010110111100000011011101000001010100110111000111010011001100010101001101100011110
001110100010111100111101100010010011010110100010101000011101110110101101001011010001010110010101101111111111000011111101110111000111010011001100010101001101100011110
001110100010111100111101100010010011010110100010101000011101110110101101001011010001001000100011101111111111000011111101110111000111010011001100010101001101100011110
001110100010111100111101100010010011010110100010101000011101110110101101001011010001010110111110101111111111000011111101110111000111010011001100010101001101100011110
001110100010111100111101100010010011010110100010101000011101110110101101001011010001010110111111100011011101000011111101110111000111010011001100010101001101100011110
001110100010111100111101100010010011010110100010101000011101110110101101001011010001010111001100101111111111000011111101110111000111010011001100010101001101100011110
001110100010111100111101100010010011010110100010101000011101110110101101001011010100001110111101101111111111000011111101110111000111010011001100010101001101100011110
001110100010111100111101100010010011010110100010101000011101110110101101001011010001010110100100101111111111000011111101110111000111010011001100010101001101100011110
001110100010111100111101100010010011010110100010101000011101110110101101001011010001010110110101101111111111000011111101110111000111010011001100010101001101100011110
001110100010111100111101100010010011010110100010101000011101110110101101001011010000100111110101101111111111000011111101110111000111010011001100010101001101100011110
001110100010111100111101100010010011010110100010101000011101110110101101001011010001001000110101101111111111000011111101110111000111010011001100010101001101100011110
001110100010111100111101100010010011010110100010101000011101110110101101001011010001010110111101111111111111000011111101110111000111010011001100010101001101100011110
001110100010111100111101100010010011010110100010101000011101110110101101001011010001010110111100000011011101000101100010011001100011010011001100010101001101100011110
001110100010111100111101100010010011010110100010101000011101110110101101001011010001010110111100000011011101000011111101110111000111010011001100010101001011000001110
001110100010111100111101100010010011010110100010101000011101110110101101001011010001010011001001001111111111000011111101110111000111010011001100010101001101100011110
001110100010111100111101100010010011010110100010101000011101110110101101001011010001010110111100000011011101000011111101110111000111010011001100010101001101101101100
