111010010111011101101110011011000011011110011111001110000011100101000100101100010101001000111100110001011001010110001110101110101011111011101101000010000001000101001
111010010111011101101110011011000011011110011111001110000011100101000100101100010101001000111100110001011001010110001110101110101011111011101101110101100100111101001
111010010111011101101110011011000011011110011111001110000011100101000100101100010101001000111100110001011001010110001110101110101000011000100111110010000000111011001
111010010111011101101110011011000011011110011111001110000011100101000100101100010101001000111100110001011001010110001110101110101110101011011010010101011001000101001
111010010111011101101110011011000011011110011111001110000011100101000100101100010101001000111100110001011001010110001110101110101011111011101101000010100010101101001
111010010111011101101110011011000011011110011111001110000011100101000100101100010101001000111100110001011001010110001110101110101110101011111011101101000010100001001
111010010111011101101110011011000011011110011111001110000011100101000100101100010101001000111100110001011001010110001110101001000111110101010001010101011001000101001
111010010111011101101110011011000011011110011111001110000011100101000100101100010101001000111100110001011001010110001110101110101110101011011010001010101001011001001
111010010111011101101110011011000011011110011111001110000011100101000100101100010101001000111100110001011001010110001110101100111011010110011111011011001111001101001
111010010111011101101110011011000011011110011111001110000011100101000100101100010101001000111100110001011001010110001110101100111011010110011111011011001110111101001
111010010111011101101110011011000011011110011111001110000011100101000100101100010101001000111100110001011001010110001110101110101011111010111110000011001111001101001
111010010111011101101110011011000011011110011111001110000011100101000100101100010101001000111100110001011001010110001110101110101011111011101101011011101001111101001
111010010111011101101110011011000011011110011111001110000011100101000100101100010101001000111100110001011001010110001110101110101110101000011000100111100001001111001
111010010111011101101110011011000011011110011111001110000011100101000100101100010101001000111100110001011001010110001110101111011000011000100111110010000000111011001
111010010111011101101110011011000011011110011111001110000011100101000100101100010101001000111100110001011001010110001110101110101011111011101101110101101010111011001
111010010111011101101110011011000011011110011111001110000011100101000100101100010101001000111100110001011001010110001110101000110001000101011011010001010101011001001
111010010111011101101110011011000011011110011111001110000011100101000100101100010101001000111100110001011001010110001110101110101000011000100111110010111110011001001
111010010111011101101110011011000011011110011111001110000011100101000100101100010101001000111100110001011001010110001110101001000111110101010001010101001011001101001
111010010111011101101110011011000011011110011111001110000011100101000100101100010101001000111100110001011001010110001110101100111011001000010000000010110011000101001
111010010111011101101110011011000011011110011111001110000011100101000100101100010101001000111100110001011001010110001110101110101110101011111011101101000010000001001
111010010111011101101110011011000011011110011111001110000011100101000100101100010101001000111100110001011001010110001110101110101011111011101101000010100001000101001
111010010111011101101110011011000011011110011111001110000011100101000100101100010101001000111100110001011001010110001110101001000111110110100110100110011001000101001
111010010111011101101110011011000011011110011111001110000011100101000100101100010101001000111100110001011001010110001110101100111011001000010000111001110000010000001
111010010111011101101110011011000011011110011111001110000011100101000100101100010101001000111100110001011001010110001110101110101011111010001100001111110100001101001
111010010111011101101110011011000011011110011111001110000011100101000100101100010101001000111100110001011001010110001110101110101011111010001100001101101101110000001
111010010111011101101110011011000011011110011111001110000011100101000100101100010101001000111100110001011001010110001110101110101110101011011010010101111001000101001
111010010111011101101110011011000011011110011111001110000011100101000100101100010101001000111100110001011001010110001110101110101110101011011010001110001111001101001
111010010111011101101110011011000011011110011111001110000011100101000100101100010101001000111100110001011001010110001110110101001010000001010110111001010100101101001
111010010111011101101110011011000011011110011111001110000011100101000100101100010101001000111100110001011001010110001110110101001010000001010110100110011001000101001
011010010111011101101110011011000011011110011111001110000011100101000100101100010101001000111100110001011001010110001110101110101011111011101101000010000001000101001
100110001101101110011011000011011110011111001110000011100101000100101100010101001000111100110001011001010110001110101110101110101011111011101101000010000001000101001
111010010111011101101110011011000011011110011111001110000011100101000100101100010101001000111100110001011001010110001110101000110001000101011011010001110001111101001
