111110010100110100000000011101000010001000101011000101001010001010101001110000011001000001010100110100111001000111110110101001110110100101010101100000011010110110110
111110010100110100000000011101000010001000101011000101001010001010101001110000011001000001010100110100111001000111110110101001110110100101010101100101011010110110110
111110010100110100000000011101000010001000101011000101001010001010101001110000011001000010100110100111001000111110110101001110110100101010101100000011010110110110110
111110010100110100000000011101000010001000101001110101001010001010101001110000011001000001010100110100111001000111110110101001110110100101010101100000011010110110110
111110010100110100000000011101000010001000101011000101001010001010101001101101110111000001010100110100111001000111110110101001110110100101010101100000011010110110110
111110010100110100000000011101000010001000101011000101001010001010101001110000011001000001010100110000111001000111110110101001110110100101010101100000011010110110110
111110010001100011011000111101000010001000101011000101001010001010101001110000011001000001010100110100111001000111110110101001110110100101010101100000011010110110110
111110010100110100000000011101000010001000101011000101001010001010101001110000011001000001010100110100111001000111110110101001110110100101010100100000011010110110110
111110010100110100000000011101000010001000101011000101001010001010101001110000011001000001010100110100111001000111110110101001110110100101010101100000011000000110010
111110010100110100000000011101000010001000101011000101001010001010101001110000011001000001010100110100111001000111110110101010010010100101010101100000011010110110110
111111011100110100000000011101000010001000101011000101001010001010101001110000011001000001010100110100111001000111110110101001110110100101010101100000011010110110110
111110010100110100000000000011101000010001000101011000101001010001010101001110000011001000010100110100111001000111110110101001110110100101010101100000011010110110110
111110010100110100000011101000010001000101011000101001010001010101001110000011001000001010100110100111001000111110110101001110110100101010101100000011010110110110110
111110010100110100000000011101000010001000101011000101001010001010101010010000011001000001010100110100111001000111110110101001110110100101010101100000011010110110110
111110010100110100000000011101000010001000101011000101001010001010101001110000011001000001010100110100111001000110111110101001110110100101010101100000011010110110110
111111011110011111001110010100000010001000101011000101001010001010101001110000011001000001010100110100111001000111110110101001110110100101010101100000011010110110110
111110010100110100000000011101000010001000101011000101001010001010101001110000011001000001010100110100111001000111110110101001110110100101010101100000011000000011010
111110010100110100000000011101000010001000101011000101001010001010101010010000000001000001010100110100111001000111110110101001110110100101010101100000011010110110110
111110010100110100000000011101000010001000101011000101001010001010101001110000011001000001010100110100111001000111110110101001110110100101010101100101011010100010010
111110010100110100000000011101000010001000101011000101001010001010101001110000011001000001010100110100111001000111110110101001110110100101010101100000011010100010010
111110010100110100000000011101000010001000101011000101001010001010101001110000011001000001010100110100111001000111110110101001110110110001010101100000011010110110110
111110010100110100000000011101000010001011001011000101001010001010101001110000011001000001010100110100111001000111110110101001110110100101010101100000011010110110110
111110010100110100000000011101000010001000101011000101001010001010101001110000110111000001010100110100111001000111110110101001110110100101010101100000011010110110110
111110010100110100000000011101000010001000101011000101001010001010101001101101001101000001010100110100111001000111110110101001110110100101010101100000011010110110110
111110010100110100100000011101000010001000101011000101001010001010101001110000011001000001010100110100111001000111110110101001110110100101010101100000011010110110110
111110010100110100000000011101000000111110101011000101001010001010101001110000011001000001010100110100111001000111110110101001110110100101010101100000011010110110110
111110010100110100000000011101000010001000101011000101001010001010101001110000011001011101110100110100111001000111110110101001110110100101010101100000011010110110110
111110010100110100000000011101000010001000101011000101001010001010101001110000011111000001010100110100111001000111110110101001110110100101010101100000011010110110110
111110010100110100000000011101000010001000101001101001010001010101001110000011001000001010100110100111001000111110110101001110110100101010101100000011010110110110110
111110010100110100000000011101000010001000101011000101001010001010101001110000011101000001010100110100111001000111110110101001110110100101010101100000011010110110110
111110010100110100000000011101000010001000101011000101001010001010101001110000011001000001010100110100111001000111110110101001110110100101010101100000011010110111011
111110010100110100000000011101000010001000101011000101001010001010101001110000011001000001010100110100111001000111110110101001110110100101010101100000011010110100111
