110010011101011010001100010010110011001011100000111010001010011010000011101010111110100100000101101011001000101100110110100100100101100110100010100000111010101100100
110010011101011010001100010010110011010011100000111010001010011010000011101010111110100100000101101011001000101100110110100100100101100110100010100000111010101100100
110010011101011010001100010010110011011011100000111010001010011010000011101010111110100100000101101011001000101100110110100100100101100110100010100000111010101100100
110010011101011010001100010010110011001011100000111010001010011010000011101010111110100111111101101011001000101100110110100100100101100110100010100000111010101100100
110010011101011010001100010010110011001011100000111010001010011010000011101010111110100000000101101011001000101100110110100100100101100110100010100000111010101100100
110010011101011010001100010010110011001101100000111010001010011010000011101010111110100100000101101011001000101100110110100100100101100110100010100000111010101100100
110010011101011010001100010010110011001011100000111010001010011010000011101010111110100101000101101011001000101100110110100100100101100110100010100000111010101100100
110010011101011010001100010010110011001011100000111010001010011001000011101010111110100100000101101011001000101100110110100100100101100110100010100000111010101100100
110010011101011010001100010010110100100011100000111010001010011010000011101010111110100100000101101011001000101100110110100100100101100110100010100000111010101100100
101100000000011010001100010010110011001011100000111010001010011010000011101010111110100100000101101011001000101100110110100100100101100110100010100000111010101100100
110010011101011010001100010010110000001011100000111010001010011010000011101010111110100100000101101011001000101100110110100100100101100110100010100000111010101100100
110010011101011010001100010010110011001011100000111010001010011010000011101010111110100100011001101011001000101100110110100100100101100110100010100000111010101100100
110010011101011010001100010010110011001011100000111010001010011010000011101010111110100100000101101011001000101100110110100100100101100110100010100000111010101001111
110010011101011010001100010010110011111011100000111010001010011010000011101010111110100100000101101011001000101100110110100100100101100110100010100000111010101100100
110010011101011010001100010010110011001011100000111010001010011010000011101010111110100100000101101011001000101100110110100100100101100110100010100000111010101011001
110010011101011010001100010010110011001011100011011010001010011010000011101010111110100100000101101011001000101100110110100100100101100110100010100000111010101100100
110010011101011010001100010010110011100011100000111010001010011010000011101010111110100100000101101011001000101100110110100100100101100110100010100000111010101100100
110010011101011010001100010010110011001011100000111010001010011010000000011101010111110100100000101101011001000101100110110100100100101100110100010100000111010101100
110010011101011010001100000101011010001011100000111010001010011010000011101010111110100100000101101011001000101100110110100100100101100110100010100000111010101100100
110010011101011010001100000101011010010011100000111010001010011010000011101010111110100100000101101011001000101100110110100100100101100110100010100000111010101100100
110010011101011010001100010010110011000011100000111010001010011010000011101010111110100100000101101011001000101100110110100100100101100110100010100000111010101100100
110010011101011010001100010010110011001011100000111010001010011010000000011101010111110100000101101011001000101100110110100100100101100110100010100000111010101100100
110010011101011010001100000101011010000011100000111010001010011010000011101010111110100100000101101011001000101100110110100100100101100110100010100000111010101100100
101111111101011010001100010010110011001011100000111010001010011010000011101010111110100100000101101011001000101100110110100100100101100110100010100000111010101100100
110010011101011010001100000101011010000101001000111010001010011010000011101010111110100100000101101011001000101100110110100100100101100110100010100000111010101100100
110111101011010001100010010110011001011100000111010001010011010000000011101010111110100100000101101011001000101100110110100100100101100110100010100000111010101100100
110010011101011010001100111010001010010011100000111010001010011010000011101010111110100100000101101011001000101100110110100100100101100110100010100000111010101100100
110010011101011010001100010101001001001011100000111010001010011010000011101010111110100100000101101011001000101100110110100100100101100110100010100000111010101100100
110010011101011010000110001001100001001011100000111010001010011010000011101010111110100100000101101011001000101100110110100100100101100110100010100000111010101100100
110010011101011010001100111010001010001011100000111010001010011010000011101010111110100100000101101011001000101100110110100100100101100110100010100000111010101100100
110010011101011000100110110100111110001011100000111010001010011010000011101010111110100100000101101011001000101100110110100100100101100110100010100000111010101100100
101111101011010001100010010110011001011100000111010001010011010000000011101010111110100100000101101011001000101100110110100100100101100110100010100000111010101100100
