111011101111011111011011100100010110100001101111010101000110010101000100010100101000000110000110100110010111100101101100000110110111110110001001011000110011010101110
111011101111011111011011100100010110100001101111010101000110010101000100010100101000000110000110100110010111100111000100000110110111110110001001011000110011010101110
111011101111011111011011100100010110100001101111010101000110010101000100010100101000000110000110100110010111100101100000110110111110100011011011110101100111011010111
111011101111011111011011100100010110100001101111010101000110010101000100010100101000000110000110100110010111100101100000110110111110110001001001011000110011010101110
111011101111011111011011100100010110100001101111010101000110010101000100010100101000000110000110100110010111100101101100000110110111110110010100000000010111011010111
111011101111011111011011100100010110100001101111010101000110010101000100010100101000000110000110100110010111100101100100010000011011100111001001011000110011010101110
111011101111011111011011100100010110100001101111010101000110010101000100010100101000000110000110100110010111100011000100000110110111110110001001011000110011010101110
111011101111011111011011100100010110100001101111010101000110010101000100010100101000000110000110100110010111100101101100000110110111110100011001011000110011010101110
111011101111011111011011100100010110100001101111010101000110010101000100010100101000000110000110100110010111100111000100000110110111110110010100000000010111011010111
111011101111011111011011100100010110100001101111010101000110010101000100010100101000000110000110100110010111100111000000010110111011010110100101011000110011010101110
111011101111011111011011100100010110100001101111010101000110010101000100010100101000000110000110100110010111100101101100000110110111110100011011110101100111011010111
111011101111011111011011100100010110100001101111010101000110010101000100010100101000000110000110100110010111100110001100010000011011100111001001011000110011010101110
111011101111011111011011100100010110100001101111010101000110010101000100010100101000000110000110100110010111100111000100000110110111110100011001011000110011010101110
111011101111011111011011100100010110100001101111010101000110010101000100010100101000000110000110100110010111100111000000010110111011010110001001011000110011010101110
111011101111011111011011100100010110100001101111010101000110010101000100010100101000000110000110100110010111100111000100000110110111110100011011110101100111011010111
111011101111011111011011100100010110100001101111010101000110010101000100010100101000000110000110100110010111100101101100000101111001111111011011110101100111011010111
111011101111011111011011100100010110100001101111010101000110010101000100010100101000000110000110100110010111100101100000110110111110100011010100000000010111011010111
111011101111011111011011100100010110100001101111010101000110010101000100010100101000000110000110100110010111100111000000010110111011010110100100001100010001101010111
111011101111011111011011100100010110100001101111010101000110010101000100010100101000000110000110100110010111100111000110001001010101110000101001011000110011010101110
111011101111011111011011100100010110100001101111010101000110010101000100010100101000000110000110100110010111100110000110110000100001001110010100000000010111011010111
111011101111011111011011100100010110100001101111010101000110010101000100010100101000000110000110100110010111100011101100000110110111110110001001011000110011010101110
111011101111011111011011100100010110100001101111010101000110010101000100010100101000000110000110100110010111100110001100000110110111110110001001011000110011010101110
111011101111011111011011100100010110100001101111010101000110010101000100010100101000000110000110100110010111100100100100010000011011100111001001011000110011010101110
111011101111011111011011100100010110100001101111010101000110010101000100010100101000000110000110100110010111100101100100000110110111110110001001011000110011010101110
110001101111011111011011100100010110100001101111010101000110010101000100010100101000000110000110100110010111100101101100000110110111110110001001011000110011010101110
110001011011111011011100100010110100001101111010101000110010101000100010100101000000110000110100110010111100101101100000110110111110100011011011110101100111011010111
110001101111011111011011100100010110100001101111010101000110010101000100010100101000000110000110100110010111100111000100000110110111110110001001011000110011010101110
110001011011111011011100100010110100001101111010101000110010101000100010100101000000110000110100110010111100111000100000110110111110100011011011110101100111011010111
110001101111011111011011100100010110100001101111010101000110010101000100010100101000000110000110100110010111100101100000110110111110100011011011110101100111011010111
110001011011111011011100100010110100001101111010101000110010101000100010100101000000110000110100110010111100101101100000110110111110110001001001011000110011010101110
110001011011111011011100100010110100001101111010101000110010101000100010100101000000110000110100110010111100111000100000110110111110110001001001011000110011010101110
110001101010001011100011101010110100001101111010101000110010101000100010100101000000110000110100110010111100101101100000110110111110100011011011110101100111011010111
