010101110011101001000001010000100110100110100110110010100011111100101101011010110011010011111101001000001001010001101000011001111111011111011101110101001001000111110
010101110011101001010100000111111101000111100110110010100011111100101101011010110011010011111101001000001001010001101000011001111111011111011101110101001001000111110
010101110011101001000001010000100111010111100110110010100011111100101101011010110011010011111101001000001001010001101000011001111111011111011101110101001001000111110
010101110011101001000001010000100111100100110110010100011111100101101011010110011010011111101001000001001010001101000011001111111011111011101110110101001001000111110
010101110011101001000001010000100111101111100110110010100011111100101101011010110011010011111101001000001001010001101000011001111111011111011101110101001001000111110
010101110011101001000001010000100111100100110110010100011111100101101011010110011010011111111111001000001001010001101000011001111111011111011101110101001001000111110
010101110011101001000001010000100111100100110110010100011111100101101011010110011101011010111101001000001001010001101000011001111111011111011101110101001001000111110
010101110011101001000001010000100110101100100110110010100011111100101101011010110011010011111101001000001001010001101000011001111111011111011101110101001001000111110
010101110011101001000001010000100111100100110110010100011111100101101011010110011010011111111101001000001001010001101000011001111111011111011101110101001001000111110
010101110011101001000001010000101010111111100110110010100011111100101101011010110011010011111101001000001001010001101000011001111111011111011101110101001001000111110
010101110011101001000001010000100111100100110001010010100011111100101101011010110011010011111101001000001001010001101000011001111111011111011101110101001001000111110
010101110011101001000001010000100110100110100110110010100011111100101101011010110011010011111111111000001001010001101000011001111111011111011101110101001001000111110
010101110011101001000001010000100111100100100110110010100011111100101101011010110011010011111101001000001001010001101000011001111111011111011101110101001001000111110
010101110011101001000001010000100111101100100110110010100011111100101101011010110011010011111101001000001001010001101000011001111111011111011101110101001001000111110
010101110011101001000001010000100111100100110110010100011111100101101011010110011010011111101001001000001001010001101000011001111111011111011101110101001001000111110
010101110011101001000001010000100111100100110110010100011111100101101011010110011011011010111101001000001001010001101000011001111111011111011101110101001001000111110
010101110011101001000001010000110101100100110110010100011111100101101011010110011010011111101001000001001010001101000011001111111011111011101110110101001001000111110
010101110011101001000001010000100111100100110110010100011111100101101011010110011010011111101001000001001010001101000011001111111011111011101110101001001001000111110
010101110011101001000001010000100111100100110110010100011111100101101011010110011010010111111101001000001001010001101000011001111111011111011101110101001001000111110
010101110011101001000001010000100111110111100110110010100011111100101101011010110011010011111101001000001001010001101000011001111111011111011101110101001001000111110
010101110011101001000001010000100111100110100110110010100011111100101101011010110011010011111101001000001001010001101000011001111111011111011101110101001001000111110
010101110011101001000001010000100100110111100110110010100011111100101101011010110011010011111101001000001001010001101000011001111111011111011101110101001001000111110
010101110011101001000001010000100111100100110110010100011111100101101011010110000001111010111101001000001001010001101000011001111111011111011101110101001001000111110
010101110011101001010100000111100110100110100110110010100011111100101101011010110011010011111101001000001001010001101000011001111111011111011101110101001001000111110
010101110011101001000001010000100111100111100110110010100011111100101101011010110011010011111101001000001001010001101000011001111111011111011101110101001001000111110
010101110011101001010100000111111101000111100110110010100011111100101101011010110011010011111111111000001001010001101000011001111111011111011101110101001001000111110
010101110011101001000001010000000110101100100110110010100011111100101101011010110011010011111101001000001001010001101000011001111111011111011101110101001001000111110
010101110011101001000001010000100101010011000110110010100011111100101101011010110011010011111101001000001001010001101000011001111111011111011101110101001001000111110
010101110011101001010100000111111111010111100110110010100011111100101101011010110011010011111101001000001001010001101000011001111111011111011101110101001001000111110
010101110011101001000001010000110101100100110110010100011111100101101011010110011010011111111111001000001001010001101000011001111111011111011101110101001001000111110
010101110011101001000001010000100101010011100110110010100011111100101101011010110011010011111101001000001001010001101000011001111111011111011101110101001001000111110
010101110011101001000001100101100110100110100110110010100011111100101101011010110011010011111101001000001001010001101000011001111111011111011101110101001001000111110
