110000010110101110111011010110000101111100010000000111001000001100111010110110011111011101000100101111001011101000110000110010100101010000010001110110010101010001000
110000010110101110111011010110000101111100010000111011011000111100111010110110011111011101000100101111001011101000110000110010100101010000010001110110010101010001000
110000100110101110111011010110000101111100010000000111001000001100111010110110011111011101000100101111001011101000110000110010100101010000010001110110010101010001000
110000010110101110111011010110000101111100010000000111010100101010000101001110001111011101000100101111001011101000110000110010100101010000010001110110010101010001000
110000010110101110111011010110000101111100010000111011011000101100011010110110011111011101000100101111001011101000110000110010100101010000010001110110010101010001000
110000010110101110111011010110000101111100010000111011011000111000010110110110011111011101000100101111001011101000110000110010100101010000010001110110010101010001000
110000010110101110111011010110000101111100010000000111010111100001111010110110011111011101000100101111001011101000110000110010100101010000010001110110010101010001000
110000010110101110111011010110000101111100010000000111010100010000111010110110011111011101000100101111001011101000110000110010100101010000010001110110010101010001000
110000010110101110111011010110000101111100010000000111010100011000111010110110011111011101000100101111001011101000110000110010100101010000010001110110010101010001000
110000010110101110111011010110000101111100010000000111001000001100111010110110011111011101000100101110001001011110110000110010100101010000010001110110010101010001000
110000010110101110111011010110000101111100010000000111001000001100111010110110011111011101011011011000001101101000110000110010100101010000010001110110010101010001000
110000010110101110111011010110000101111100010000111011011000101100111010110110011111011101000100101111001011101000110000110010100101010000010001110110010101010001000
110000010110101110111011010110000101111100010000000111010110110010110010110110011111011101000100101111001011101000110000110010100101010000010001110110010101010001000
110000010110101110111011010110000101111100010000000111001000001100111010110110011111011101000111001010101100001100110000110010100101010000010001110110010101010001000
110000010110101110111011010110000101111100010000000111001000001100111010110110011111011101000100101111001011101011110111010010100101010000010001110110010101010001000
110000010110101110111011010110000101111100010000000111001000011111100101001110001111011101000100101111001011101000110000110010100101010000010001110110010101010001000
110000010110101110111011010110000101111100010000000111001000001011110110110110011111011101000100101111001011101000110000110010100101010000010001110110010101010001000
110000010110101110111011010110000101111100000110010111001000001100111010110110011111011101000100101111001011101000110000110010100101010000010001110110010101010001000
110000010110101110111011010110000101111100010000000111001000001100111010110110011111011101000100101111001011110100110111010010100101010000010001110110010101010001000
110000010110101110111011010110000101111100010000000111001000001100111010110110011111011101000111001010101100010000110000110010100101010000010001110110010101010001000
110000010110101110111011010110000101111100010000000111001000001100111010110110011111011101000100101111111101101000110000110010100101010000010001110110010101010001000
110100010110101110111011010110000101111100010000000111001000001100111010110110011111011101000100101111001011101000110000110010100101010000010001110110010101010001000
110000010110101110111011010110000101111100010000000111001000001100111010110110011111011101000100101111001001011110110000110010100101010000010001110110010101010001000
110000010110101110111011010110000101111100010000000111001011110110011110110110011111011101000100101111001011101000110000110010100101010000010001110110010101010001000
110000010110101110111011010110000101111100010000000111001011000100111010110110011111011101000100101111001011101000110000110010100101010000010001110110010101010001000
110000010110101110111011010110000101111100010000001000100101001100111010110110011111011101000100101111001011101000110000110010100101010000010001110110010101010001000
110000010110101110111011010110000101111100010000000111001000001111010110110110011111011101000100101111001011101000110000110010100101010000010001110110010101010001000
110000010110101110111011010110000101111100010000000111001011111100111010110110011111011101000100101111001011101000110000110010100101010000010001110110010101010001000
110000010110101110111011010110000101111100010000000111001000001100111010110110011111011101000111001010101100001111010100110010100101010000010001110110010101010001000
110000010110101110111011010110000101111100010000000111001000111100111010110110011111011101000100101111001011101000110000110010100101010000010001110110010101010001000
110000010110101110111011010110000101111100010000000111001000001100111010110110011111011101000111001010101100001100111001010100111111000101000010001010010101010001000
110000010110101110111011010110000101111100010000000111001000001100111010110110011111011101000100101111001011110111011110010100111111000101000010001010010101010001000
