110000100110111101101101110100000100111001100111011100000101110100011100100100000100110110001011110001111010010001111010011011010000111110101111101011101000011011100
110000100110111101101101110100000100111001100111011100000101110100011100100100000100110110001011110001111010010001111010011011010000111110101111101111110000111011100
110000100110111101101101110100000100111001100111011100000100101111011100100100000100110110001011110001111010010001111010011011010000111110101111101011101000011011100
110000100110111101101101110100000100111001100111011100000101110100011100100100000100110110001011110001111010010001111010011011010000111110101111101111110011011011100
110000100110111101101101110100000100111001100111011100000101110100011100100100000100110110001011110001111010010001111010011011010000111110101111110010011001011011100
110000100110111101101101110100000100111001100111011100000101110100011100100100000100110110001011110001111010010001111010011011010000111110101111110000011110011011100
110000100110111101101101110100000100111001100111011100000101110100011100100100000100110110001011110001111010010001111010011011010000111110101111100101100001011011100
110000100110111101101101110100000100111001100111011100000101110100011100100100000100110110001011110001111010010001111010011011010000111110101111100001001101111011100
110000100110111101101101110100000100111001100111011000101110100011100100100000100110110001011110001111010010001111010011011010000111110101111101011101000011011011100
110000100110111101101101110100000100111001100111011100000101110100011100100100000100110110001011110001111010010001111010011011010000111110101111110001010000011011100
110000100110111101101101110100000100111001100111011100000101110100011100100100000100110110001011110001111010010001111010011011010000111110101111101000101111100011100
110000100110111101101101110100000100111001100111011100000101010100011100100100000100110110001011110001111010010001111010011011010000111110101111101011101000011011100
110000100110111101101101110100000100111001100111011100000101110100011100100100000100110110001011110001111010010001111010011011010000111110101111111101111110011011100
110000100110111101101101110100000100111001100111011100000101110100011100100100000100110110001011110001111010010001111010011011010000111101011000001011101000011011100
110000100110111101101101110100000100111001100111011100000101110100011100100100000100110110001011110001111010010001111010011011010000111110101111111101000100001011100
110000100110111101101101110100000100111001100111011100000100101100011100100100000100110110001011110001111010010001111010011011010000111110101111101011101000011011100
110000100110111101101101110100000100111001100111011100000101110100011100100100000100110110001011110001111010010001111010011011010000111110101111110100000110111011100
110000100110111101101101110100000100111001100111011100000101110100011100100100000100110110001011110001111010010001111010011011010000111101011000110000011110011011100
110000100110111101101101110100000100111001100111011100000100100011100100100000100110110001011110001111010010001111010011011010000111110101111101011101000011011011100
110000100110111101101101110100000100111001100111011100000101110100011100100100000100110110001011110001111010010001111010011011010000111110101111110010011000011011100
110000100110111101101101110100000100111001100111011100000101110100011100100100000100110110001011110001111010010001111010011011010000111110101111101111110000100011100
110000100110111101101101110100000100111001100111011100000100110111011100100100000100110110001011110001111010010001111010011011010000111110101111101011101000011011100
110000100110111101101101110100000100111001100111011100000100110100011100100100000100110110001011110001111010010001111010011011010000111110101111101011101000011011100
110000100110111101101101110100000100111001100111011100000101110100011100100100000100110110001011110001111010010001111010011011010000111110101001110100000110111011100
110000100110111101101101110100000100111001100111011100000101110100011100100100000100110110001011110001111010010001111010011011010000111110101111110010011001010011100
110000100110111101101101110100000100111001100111011100000101110100011100100100000100110110001011110001111010010001111010011011010000111110101111001011101000011011100
110000100110111101101101110100000100111001100111011100000101110100011100100100000100110110001011110001111010010001111010011011010000111101011000110001010111011011100
110000100110111101101101110100000100111001100111011000101110100011100100100000100110110001011110001111010010001111010011011010000111110101111100100110101000011011100
110000100110111101101101110100000100111001100111011100000101110100011100100100000100110110001011110001111010010001111010011011010000111101011000001100100111011011100
110000100110111101101101110100000100111001100111011000101110100011100100100000100110110001011110001111010010001111010011011010000111110101111111101011101000011011100
110000100110111101101101110100000100111001100111011110110101110100011100100100000100110110001011110001111010010001111010011011010000111110101111101011101000011011100
110000100110111101101101110100000100111001100111011000101110100011100100100000100110110001011110001111010010001111010011011010000111110101111101000101111100011011100
