011011110001110001011111000000101010111111010110011001111001101000000001100010001100010100011100011111100010000111111100110000110001011001100011111011111000001001100
011011110001110001011111000000101010111111010110011001111001101000000001100010001100010100011100011111100010000111111100110000110001011001100011111011111011110110101
011011110001110001011111000000101010111111010110001001111001101000000001100010001100010100011100011111100010000111111100110000110001011001100011111011111000001001100
011011110001110001011111000000101010111111010110011001111001101000000001100010001100010100011100011111100010000111111100110000110001011001100011111011111000001001001
011011110001110001011111000000101010111111010110000011001111001101000000001100010001100010100011100011111100010000111111100110000110001011001100011111011111000001001
011011110001110001011111000000101010111111010110010011001111001101000000001100010001100010100011100011111100010000111111100110000110001011001100011111011111000001001
011011110001110001011111001011111001001000010000010011001111001101000000001100010001100010100011100011111100010000111111100110000110001011001100011111011111000001001
011011110001110001011111000000101010111111010110001000001111001101000000001100010001100010100011100011111100010000111111100110000110001011001100011111011111000001001
011011110001110001011111000000101010111111010110000001111001101000000001100010001100010100011100011111100010000111111100110000110001011001100011111011111000001001100
011011110001110001011111001011111001001000010000011001111001101000000001100010001100010100011100011111100010000111111100110000110001011001100011111011111000001001100
011011110001110001011111001011111111001001000010000011001111001101000000001100010001100010100011100011111100010000111111100110000110001011001100011111011111000001001
011011110001110001011111111000000101010111111010110011001111001101000000001100010001100010100011100011111100010000111111100110000110001011001100011111011111000001001
011011110001110001011111000000101010111111010110000110010111001101000000001100010001100010100011100011111100010000111111100110000110001011001100011111011111000001001
011011110001110001011111000000101010111111010110001111101001101000000001100010001100010100011100011111100010000111111100110000110001011001100011111011111000001001100
011011110001110001011111000000101010111111010110010000111001101000000001100010001100010100011100011111100010000111111100110000110001011001100011111011111000001001100
011011110001110001011111000000101010111101110010001111101001101000000001100010001100010100011100011111100010000111111100110000110001011001100011111011111000001001100
011011110001110001011111000000101010111111010110011001111001101000000001100010001100010100011100011111100010000011110001110000110001011001100011111011111000001001100
011011110001110001011111000000101010111111010110011100101000001101000000001100010001100010100011100011111100010000111111100110000110001011001100011111011111000001001
011011110001110001011111000000101010111111010110011011001111001101000000001100010001100010100011100011111100010000111111100110000110001011001100011111011111000001001
011011110001110001011111000000101010111111010110111001111001101000000001100010001100010100011100011111100010000111111100110000110001011001100011111011111000001001100
011011110001110001011111000000101010111111110110011001111001101000000001100010001100010100011100011111100010000111111100110000110001011001100011111011111000001001100
011011011110001110001011111000000101010111111010110011001111001101000000001100010001100010100011100011111100010000111111100110000110001011001100011111011111000001001
011011110001110001011111000000101010111111010110011001111001101000000001100010001100010100011100011111100010000111111100110000110001011001100011111011111000001011001
011011110001110001011111000000101010111111010110011001111001101000000001100010001100010100011100011111100010000111111100110000100110001011001100011111011111000001001
011011110001110001011111000000101010111111010110001001111001101000000001100010001100010100011100011111100010000111111100110000110001011001100011111011111011110110101
011011110001110001011111000000101010111111010110011001111001101000000001100010001100010100011100011111100010000111111100110000110001011001100011111010111010111100101
011011110001110001011111011110000101010111111010110011001111001101000000001100010001100010100011100011111100010000111111100110000110001011001100011111011111000001001
011011110001110001011111000000101010111111010110011001111001101000000001100010001100010100011100011111100010000111111100110000110001011001100011111011111001000001001
011011110001110001011111000000000101010111111010110011001111001101000000001100010001100010100011100011111100010000111111100110000110001011001100011111011111000001001
011011110001110001011111000000101010111111010110011001111001101000000001100010001100010100011100011111100010000101001111101001100010111001100011111011111000001001100
011011110001110001011111000000101010111111010011001111001101000000001100010001100010100011100011111100010000111111100110000110001011001100011111011111000010110110101
011011110001110001011111000000101010111111010110011001111001101000000001100010001100010100011100011111100010000111111100110010100110001011001100011111011111000001001
