011000111100100011111001011110101101001101100110111110000100101110110101100011000010001100000110010000000001001001010110100011010111111100010110010011000001101001010
011000111100100011111001011110101101001101100110111110000100101110110101100001001010001100000110010000000001001001010110100011010111111100010110010011000001101001010
011000111100100011111001011110101101001101100110111110000100101110110101100001001010001110100110010000000001001001010110100011010111111100010110010011000001101001010
011000111100100011111001011110101101001101100110111110000100101110110101100010000010001100000110010000000001001001010110100011010111111100010110010011000001101001010
011000111100100011111001011110101101001101100110111110000111100000111100100011000010001100000110010000000001001001010110100011010111111100010110010011000001101001010
011000111100100011111001011101100001001101100110111110000100101110110101100011000010001100000110010000000001001001010110100011010111111100010110010011000001101001010
011000111100100011111001011110101101001101100110111110000101000111101100010011000010001100000110010000000001001001010110100011010111111100010110010011000001101001010
011000111100100011111001011110101101001101100110111110000100000100111011101011000010001100000110010000000001001001010110100011010111111100010110010011000001101001010
011000111100100011111001000010101101001101100110111110000100101110110101100011000010001100000110010000000001001001010110100011010111111100010110010011000001101001010
011000111100100011111001000100010010001111100000100001101001000011001010100011000010001100000110010000000001001001010110100011010111111100010110010011000001101001010
011000111100100011111001000001000011101010101000011110000100101110110101100011000010001100000110010000000001001001010110100011010111111100010110010011000001101001010
011000111100100011111001011110101101001101100110111110000110001001100101100010000010001100000110010000000001001001010110100011010111111100010110010011000001101001010
011000111100100011111001011110101101001101100110111110000100101110110101100001011100100010110100010010000001001001010110100011010111111100010110010011000001101001010
011000111100100011111001011110101101001101100110111110000100101110110101100011000010001100000110010000000001001001010110100011010111111100010110010011001010101110000
011000111100100011111001011110101101001101100110111110000100101110001101000111000010001100000110010000000001001001010110100011010111111100010110010011000001101001010
011000111100100011111001011110101101001111100000100001101001000011001010100011000010001100000110010000000001001001010110100011010111111100010110010011000001101001010
011000111100100011111001011110101101001101100110111110000100101110110101100111000010001100000110010000000001001001010110100011010111111100010110010011000001101001010
011000111100100011111001011110101101001101100110111110000100010010101101000111000010001100000110010000000001001001010110100011010111111100010110010011000001101001010
011000111100100011111001011110101101001101100110111110000100101110110101000111000010001100000110010000000001001001010110100011010111111100010110010011000001101001010
011000111100100011111001011110101101001101100110111110000100101110111011101011000010001100000110010000000001001001010110100011010111111100010110010011000001101001010
011000111100100011111001011110101101001101100110111110000100000101010101100010000010001100000110010000000001001001010110100011010111111100010110010011000001101001010
011000111100100011111001011110101101001101100110111110000100000101010101100011000010001100000110010000000001001001010110100011010111111100010110010011000001101001010
011000111100100011111001011110101101001101100110111110000010011010111011101011000010001100000110010000000001001001010110100011010111111100010110010011000001101001010
011000111100100011111001011110101101001101100110111110000100101110110101100001000010001100000110010000000001001001010110100011010111111100010110010011000001101001010
011000111100100011111001011110101101001101100110111110000100101110110110101111010101100000000110010000000001001001010110100011010111111100010110010011000001101001010
011000111100100011111001011110101001001101100110111110000100101110110101100011000010001100000110010000000001001001010110100011010111111100010110010011000001101001010
011000111100100011111001011110101101001101100110111110000100101110110101100011000010001100000110010000000001001001010110100011010111111100010110010011000000001110000
011000111100100011111001000000001011101010101000011110000100101110110101100011000010001100000110010000000001001001010110100011010111111100010110010011000001101001010
011000111100100011111001011110101101001101100110111110000100101110110101100001011111011111000001110000000001001001010110100011010111111100010110010011000001101001010
011000111100100011111001011110101101001101100110111110000100101110110101100011000010001100000110010000000001001001010110100011010111111100010110010011110001101001010
011000111100100011111001011110101101001101100110111110000100101110110100100011000010001100000110010000000001001001010110100011010111111100010110010011000001101001010
011000111100100011111001011110101101001101100110111110000100101110110101100011000010001100000110010000000001001001010110100011010111111100010110010000000001101001010
