011111010111001110100111111011100010011111011001001111101010000111001011110001001001001101111100001110110100010100001100010101010000010000010110001001001001010100111
100000110001110011100111111011100010011111011001001111101010000111001011110001001001001101111100001110110100010100001100010101010000010000010110001001001001010100111
110011001110100111111011100010011111011001001111101010000111001011110001001001001101111100001110110100010100001100010101010000010000010110001001001001010001100110111
011111010111001110100111111011100010011111011001001111101010000111001011110001001001001101111100001110110100010100001100010101010000010000010110010100010001100110111
100000110001110011100111111011100010011111011001001111101010000111001011110001001001001101111100001110110100010100001100010101010000010000010110010100010001100110111
011111010111001110100111111011100010011111011001001111101010000111001011110001001001001101111100001110110100010100001100010101010000010000010110001010010101110011111
100000110001110011100111111011100010011111011001001111101010000111001011110001001001001101111100001110110100010100001100010101010000010000010110001010010101110011111
011111010111001110100111111011100010011111011001001111101010000111001011110001001001001101111100001110110100010100001100010101010000010000010110001001001001000010111
100000110001110011100111111011100010011111011001001111101010000111001011110001001001001101111100001110110100010100001100010101010000010000010110001001001001000010111
011111010111001110100111111011100010011111011001001111101010000111001011110001001001001101111100001110110100010100001100010101010000010000010110001010000001010100111
100000110001110011100111111011100010011111011001001111101010000111001011110001001001001101111100001110110100010100001100010101010000010000010110001010000001010100111
011111010111001110100111111011100010011111011001001111101010000111001011110001001001001101111100001110110100010100001100010101010000010000010110001001001010100110110
100000110001110011100111111011100010011111011001001111101010000111001011110001001001001101111100001110110100010100001100010101010000010000010110001001001010100110110
100000111001110100111111011100010011111011001001111101010000111001011110001001001001101111100001110110100010100001100010101010000010000010110001001001010001100110111
011111010111001110100111111011100010011111011001001111101010000111001011110001001001001101111100001110110100010100001100010101010000010000010110001010010001100110111
100000110001110011100111111011100010011111011001001111101010000111001011110001001001001101111100001110110100010100001100010101010000010000010110001010010001100110111
110011001110100111111011100010011111011001001111101010000111001011110001001001001101111100001110110100010100001100010101010000010000010110001001001000010001100110111
100000111001110100111111011100010011111011001001111101010000111001011110001001001001101111100001110110100010100001100010101010000010000010110001010010101000000000001
110011001110100111111011100010011111011001001111101010000111001011110001001001001101111100001110110100010100001100010101010000010000010110001001011000010001100110111
100000111001110100111111011100010011111011001001111101010000111001011110001001001001101111100001110110100010100001100010101010000010000010110001001001010100110110111
011111010111001110100111111011100010011111011001001111101010000111001011110001001001001101111100001110110100010100001100010101010000010000010110001010010100110110111
100000110001110011100111111011100010011111011001001111101010000111001011110001001001001101111100001110110100010100001100010101010000010000010110001010010100110110111
100000111001110100111111011100010011111011001001111101010000111001011110001001001001101111100001110110100010100001100010101010000010000010110001010010101110001001111
011111010111001110100111111011100010011111011001001111101010000111001011110001001001001101111100001110110100010100001100010101010000010000010110001001001000000000001
100000110001110011100111111011100010011111011001001111101010000111001011110001001001001101111100001110110100010100001100010101010000010000010110001001001000000000001
100000111001110100111111011100010011111011001001111101010000111001011110001001001001101111100001110110100010100001100010101010000010000010110001011000010001100110111
100000111001110100111111011100010011111011001001111101010000111001011110001001001001101111100001110110100010100001100010101010000010000010110001001001001001010100111
110011001110100111111011100010011111011001001111101010000111001011110001001001001101111100001110110100010100001100010101010000010000010110001001001010100001010100111
011111010111001110100111111011100010011111011001001111101010000111001011110001001001001101111100001110110100010100001100010101010000010000010110001011000001010100111
110110010101100111111011100010011111011001001111101010000111001011110001001001001101111100001110110100010100001100010101010000010000010110001001001001010001100110111
100000110001110011100111111011100010011111011001001111101010000111001011110001001001001101111100001110110100010100001100010101010000010000010110001011000001010100111
011111010111001110100111111011100010011111011001001111101010000111001011110001001001001101111100001110110100010100001100010101010000010000010110001001001010100110111
