010101011001011111011010010001101010010111000011100001101010111100010001011110011011100101101000001001000101101110001101111100100110110110101000000100101100010111000
010101011001011111011010010001101010010111000011100001101010111100001010011111100011100101101000001001000101101110001101111100100110110110101000000100101100010111000
010101011001011111011010010001101010010111000011100001101010111100010001011111100011100101101000001001000101101110001101111100100110110110101000000100101100010111000
010101011001011111011010010001101010010111000011100001101010111100001000101111010011100101101000001001000101101110001101111100100110110110101000000100101100010111000
010101011001011111011010010001101010010111000011100001101010111100010001010101000011100101101000001001000101101110001101111100100110110110101000000100101100010111000
010101011001011111011010010001101010010111000011100001101010111100010001110111011010100101101000001001000101101110001101111100100110110110101000000100101100010111000
010101011001011111011010010001101010010111000011100001101010111100011000011111100011100101101000001001000101101110001101111100100110110110101000000100101100010111000
010101011001011111011010010001101010010111000011100001101010111100010001010110010011100101101000001001000101101110001101111100100110110110101000000100101100010111000
010101011001011111011010010001101010010111000011100001101010111100011001100001111111100101101000001001000101101110001101111100100110110110101000000100101100010111000
010101011001011111011010010001101010010111000011100001101010111100010010111001010011100101101000001001000101101110001101111100100110110110101000000100101100010111000
010101011001011111011010010001101010010111000011100001101010111100001110011001111111100101101000001001000101101110001101111100100110110110101000000100101100010111000
010101011001011111011010010001101010010111000011100001101010111100011001011110011011100101101000001001000101101110001101111100100110110110101000000100101100010111000
010101011001011111011010010001101010010111000011100001101010111100001000100101110000001110111000001001000101101110001101111100100110110110101000000100101100010111000
010101011001011111011010010001101010010111000011100001101010111100000100011111100011100101101000001001000101101110001101111100100110110110101000000100101100010111000
010101011001011111011010010001101010010111000011100001101010111100010001110111010011100101101000001001000101101110001101111100100110110110101000000100101100010111000
010101011001011111011010010001101010010111000011100001101010111100010001010101011100101101000001001000101101101110001101111100100110110110101000000100101100010111000
010101011001011111011010010001101010010111000011100001101010100011011001100001111111100101101000001001000101101110001101111100100110110110101000000100101100010111000
010101011001011111011010010001101010010111000011100001101010111100011100100111100011100101101000001001000101101110001101111100100110110110101000000100101100010111000
010101011001011111011010010001101010010111000011100001101010111100010001011110011011110010001010110110011101101110001101111100100110110110101000000100101100010111000
010101011001011111011010010001101010010111000011100001101010111100001000000110010010110010001010110110011101101110001101111100100110110110101000000100101100010111000
010101011001011111011010010001101010010111000011100001101010111110011001100001111111100101101000001001000101101110001101111100100110110110101000000100101100010111000
010101011001011111011010010001101010010111000011100001101010111100101010110101000011100101101000001001000101101110001101111100100110110110101000000100101100010111000
010101011001011111011010010001101010010111000011100001101010111100011001001001100011100101101000001001000101101110001101111100100110110110101000000100101100010111000
010101011001011111011010010001101010010111000011100001101010111100010100011101111111100011001000001001000101101110001101111100100110110110101000000100101100010111000
010101011001011111011010010001101010010111000011100001101010111100001010011001111111100101101000001001000101101110001101111100100110110110101000000100101100010111000
010101011001011111011010010001101010010111000011100001101010111100011001001001100011000000110000001001000101101110001101111100100110110110101000000100101100010111000
010101011001011111011010010001101010010111000011100001101010100011000100011111100011100101101000001001000101101110001101111100100110110110101000000100101100010111000
010101011001011111011010010001101010010111000011100001111001100001111010111000001110110010001010110110011101101110001101111100100110110110101000000100101100010111000
010101011001011111011010010001101010010111000011100001101010100011011000011111100011100101101000001001000101101110001101111100100110110110101000000100101100010111000
010101011001011111011010010010001101010010111000011100001101010111100010001010101011100101101000001001000101101110001101111100100110110110101000000100101100010111000
010101011001011111011010010001101010010111000011100010001000101100001000000110010010110010001010110110011101101110001101111100100110110110101000000100101100010111000
010101011001011111011010010001101010100010111000011100001101010111100010001010101011100101101000001001000101101110001101111100100110110110101000000100101100010111000
