011110010001111010110010001111111011010011011001110100010001110101001101000010110001101000011101001111110010011101100000000010011000111000001010100010100011011010110
011110010001111010110010001111111011010011011001110100010001110101001101000000000001101000011101001111110010011101100000000010011000111000001010100010100011011010110
011110010001111010110010001111111011010011011001110100010001110101001101000010110001101000011101001111110010011101100000000010011000111111011101011010100011011010110
011110010001111010110010001111111011010011011001110100010001110101001101100000000001101000011101001111110010011101100000000010011000111000001010100010100011011010110
011110010001111010110010001111111011010011011001110100010001110101001101000010110001101000011101001111110010011101100000000010011000111111011101010010100011011010110
011110010001111010110010001111111011010011011001110100010001110101001101000010110001101000011101001111110010011101100000000010011000111000010101010010100011011010110
011110010001111010110010001111111011010011011001110100010001110101000100100010110001101000011101001111110010011101100000000010011000111000001010100010100011011010110
011110010001111010110010001111111011010011011001110100010001110101001101000010110001101000011101001111110010011101100000000010011000111000001010100010101000010010110
011110010001111010110010001111111011010011011001110100010001110101001101000010110001101000011101001111110010011101100000000010011000111000001010100010101011011010110
011110010001111010110010001111111011010011011001110100010001110101001101100010110001101000011101001111110010011101100000000010011000111000001010100010100011011010110
011110010001111010110010001111111011010011011001110100010001110101001101000010110001101000011101001111110010011101100000000010011000111111011101000010100011011010110
011110010001111010110010001111111011010011011001110100010001110101001101000010110001101000011101001111110010011101100000000010011000111000001010101010100011011010110
011110010001111010110010001111111011010011011001110100010001110101001101000010110001101000011101001111110010011101100000000010011000111000001010100010101010101011111
011110010001111010110010001111111011010011011001110100010001110101001101000010110001101000011101001111110010011101100000000010011000111110001010100010100011011010110
011110010001111010110010001111111011010011011001110100010001110101001101000010110001101000011101001111110010011101110001110001110001111000001010100010100011011010110
011110010001111010110010001111111011010011011001110100010001110101001101000000000001101000011101001111110010011101100000000010011000111111011101011010100011011010110
011110010001111010110010001111111011010011011001110100010001110101001101000010110001101000011101001111110010011101100000000010011000111010001010100010100011011010110
011110010001111010110010001111111011010011011001110100010001110101001101000010110001101000011101001111110010011101100000000010011000111111011101000011100011011010110
011110010001111010110010000111111011010011011001110100010001110101001101000010110001101000011101001111110010011101100000000010011000111000001010100010100011011010110
011110010001111010110010001111111011010011011001110100010001110101001101000010110001101000011101001111110010011101100000000010011000111000001010100010111010101011111
011110010001111010110010001111111011010011011001110100010001110101001101000000010110001101000011101001111110010011101100000000010011000111000001010010100011011010110
011110010001111010110010001111111011010011011001110100010001110101001101000010110001101000011101001111110010011101100000000010011000111110010101010010100011011010110
011110010001111010110010001111111011010011011001110100010001110101010001000010110001101000011101001111110010011101100000000010011000111000001010100010100011011010110
110000111100111010110010001111111011010011011001110100010001110101001101000010110001101000011101001111110010011101100000000010011000111000001010100010100011011010110
011110010001111010110010001111111011010011011001110100010001110101001101000010110001101000011101001111110010011101100000000010011000111000001010100101101000010010110
011110010001111010110010001111111011010011011001110100010001110101001101000000010110001101000011101001111110010011101100000000010011000111000001010100010100011011010
011110010001111010110010001111111011010011011001110100010001110101001101100000010110001101000011101001111110010011101100000000010011000111000001010010100011011010110
011110010001111010110010001111111011010011011001110100010001110101001101000001110001101000011101001111110010011101100000000010011000111000001010100010100011011010110
011110010001111010110010001111111011010011011001110100010001110101001101000010110001101000011101001111110010011101100000000010011000111111010111100010100011011010110
011110010001111010110010001111111011010011011001110100010001110101001101000010110001101000011101001111110010011101100000000010011000111000001010111010100011011010110
011110010001111010110010001111111011010011011001110100010001110101001101000010110001101000011101001111110010011101100000000010011000111000001010100010101010011010110
011110010001111010110010001111111011010000011001110100010001110101001101000010110001101000011101001111110010011101100000000010011000111000001010100010100011011010110
