010000110100011011100111001101111101011010111010011100100011100111101111000101001100000100101100011111100001010110001110101011010110010011010000111010101000110111000
001001000110110010010100010010011100011010111010011100100011100111101111000101001100000100101100011111100001010110001110101011010110010011010000111010101000110111000
001000110110010010100010001101111101011010111010011100100011100111101111000101001100000100101100011111100001010110001110101011010110010011010000111010101000110111000
011101001010111000101110110110011010011010111010011100100011100111101111000101001100000100101100011111100001010110001110101011010110010011010000111010101000110111000
001000110110010010100010010010011100011010111010011100100011100111101111000101001100000100101100011111100001010110001110101011010110010011010000111010101000110111000
001110011011011100111010001101111101011010111010011100100011100111101111000101001100000100101100011111100001010110001110101011010110010011010000111010101000110111000
001000110110011011100111001101111101011010111010011100100011100111101111000101001100000100101100011111100001010110001110101011010110010011010000111010101000110111000
001000110110010010100010010011100011010111010011100100011100111101101111000101001100000100101100011111100001010110001110101011010110010011010000111010101000110111000
010000110100011011100111010010110110011010111010011100100011100111101111000101001100000100101100011111100001010110001110101011010110010011010000111010101000110111000
010000110100011011100111010010011100011010111010011100100011100111101111000101001100000100101100011111100001010110001110101011010110010011010000111010101000110111000
001000110110010010100101111000011111000000000101011100100011100111101111000101001100000100101100011111100001010110001110101011010110010011010000111010101000110111000
011000100010110111110100111101111101011010111010011100100011100111101111000101001100000100101100011111100001010110001110101011010110010011010000111010101000110111000
011000100010110111110100010010011100011010111010011100100011100111101111000101001100000100101100011111100001010110001110101011010110010011010000111010101000110111000
011101001010111000101110100001100001111010111010011100100011100111101111000101001100000100101100011111100001010110001110101011010110010011010000111010101000110111000
011101001010111000101110110110010110000010111010011100100011100111101111000101001100000100101100011111100001010110001110101011010110010011010000111010101000110111000
011101001010111000101110001101111101011010111010011100100011100111101111000101001100000100101100011111100001010110001110101011010110010011010000111010101000110111000
011110111101011001010010001101111101011010111010011100100011100111101111000101001100000100101100011111100001010110001110101011010110010011010000111010101000110111000
011111111111011010110110110110011010011010111010011100100011100111101111000101001100000100101100011111100001010110001110101011010110010011010000111010101000110111000
001000110110010010100001010010011100011010111010011100100011100111101111000101001100000100101100011111100001010110001110101011010110010011010000111010101000110111000
011101010101010110010100010010011100011010111010011100100011100111101111000101001100000100101100011111100001010110001110101011010110010011010000111010101000110111000
011101001010111000101001000011110100011010111010011100100011100111101111000101001100000100101100011111100001010110001110101011010110010011010000111010101000110111000
011111111111011001010010001101111101011010111010011100100011100111101111000101001100000100101100011111100001010110001110101011010110010011010000111010101000110111000
001000000101101111010100010010011100011010111010011100100011100111101111000101001100000100101100011111100001010110001110101011010110010011010000111010101000110111000
001111011001010111000101110101111101011010111010011100100011100111101111000101001100000100101100011111100001010110001110101011010110010011010000111010101000110111000
010110000001101001011011001101111101011010111010011100100011100111101111000101001100000100101100011111100001010110001110101011010110010011010000111010101000110111000
001111001001100100111000000001001010111010111010011100100011100111101111000101001100000100101100011111100001010110001110101011010110010011010000111010101000110111000
010000110100011011100111001101111101011010111010011100100011100111101110110100001100000100101100011111100001010110001110101011010110010011010000111010101000110111000
010000110100011011100111001101110010111100010001101001100111101111101111000101001100000100101100011111100001010110001110101011010110010011010000111010101000110111000
001011101001010111000101110101111101011010111010011100100011100111101111000101001100000100101100011111100001010110001110101011010110010011010000111010101000110111000
001111011111001000101011000001100001111010111010011100100011100111101111000101001100000100101100011111100001010110001110101011010110010011010000111010101000110111000
001000110110010010100010010011100011010111010011100100011100111101110000111111001100000100101100011111100001010110001110101011010110010011010000111010101000110111000
001000110110010010100010010010011010011010111010011100100011100111101111000101001100000100101100011111100001010110001110101011010110010011010000111010101000110111000
