000010101010111110111111000111010010111110001111011111011000010100110110011010111110110010111111101111111011011000010010100000101111010101010100010111111000000100101
000010101010111110111111000111010010111110001111011111011000010100110110011010100110110010111111101111111011011000010010100000101111010101010100010111111000000100101
000010101010111110111111000111010010111110001111011111011000010100110110011010111110001100010001111110110010101000101011110111001010000000110001001111111000000100101
000010101111110111111000111010010111110001111011111011000010100110110011000101110111111101100001001100100110110111000101001101101111010101010100010111111000000100101
000010101111110111111000111010010111110001111011111011000010100110110011010111100000101101010001001001001110111010010010100111111000001101000010001111111000000100101
000010101010111110111111000111010010111110001111011111011000010100110110011010111110110010111111101111111011011000010010100000101111001111001000111110111000000100101
000010101010111110111111000111010010111110001111011111011000010100110101011010011110001100010001111110110010101000101011110111001010000000110001001111111000000100101
000010101010111110111111000111010010111110001111011111011000010100110110011010100110110010111111101111111011011000010010100000101111001111001000111110111000000100101
000010101010111110111111000111010010111110001111011111011000010100110110011000101110100100010001111110110010101000101011110111001010000000110001001111111000000100101
000010101111110111111000111010010111110001111011111011000010100110110011010111110010111101100001001100100110110111000101001101101111010101010100010111111000000100101
000010101010111110111111000111010010111110001111011111011000010100110101110010000111011111101011010011010000110111000101001101101111010101010100010111111000000100101
000010101111110111111000111010010111110001111011111011000010100110110010100010110111111101100001001100100110110111000101001101101111010101010100010111111000000100101
000010101010111110111111000111010010111110001111011111011000010100110110011010111110100100010001111110110010101000101011110111001010000000110001001111111000000100101
000010101010111110111111000111010010111110001111011111011000010100110110000001011110001100010001111110110010101000101011110111001010000000110001001111111000000100101
000010101010111110111111000111010010111110001111011111011000010100110101110010000111011111101011010011001000010100001011000100110111110000110001001111111000000100101
000010101111110111111000111010010111110001111011111011000010100110110011010111110111111101100001001100100110110111000101001101101111010101010100010111111000000100101
000010101111110111111000111010010111110001111011111011000010100110110011010111110001100010001111110110010101000100001011000100110111110000110001001111111000000100101
000010101010111110111111000111010010111110001111011111011000010100110110000001011110110010111111101111111011011000010010100000101111010101010100010111111000000100101
000010101010111110111111000111010010111110001111011111011000010100110110011000101110111111101100001001100100110111000101001101101111010101010100010111111000000100101
000010101111110111111000111010010111110001111011111011000010100110101111100101011110001100010001111110110010101000101011110111001010000000110001001111111000000100101
000010101010111110111111000111010010111110001111011111011000010100110110011010111110001100010001111110110010101000101011110111001010000100110001001111111000000100101
000010101111110111111000111010010111110001111011111011000010100110110011010111100000101101010001001001001110111010010010100000101111010101010100010111111000000100101
000010101111110111111000111010010111110001111011111011000010100110110011010111100000101101010001001001001110111010000110111110001010101101010001001111111000000100101
000010101010111110111111000111010010111110001111011111011000010100110110011010111110001100010001111110110010101000010010100000101111010101010100010111111000000100101
000010101111110111111000111010010111110001111011111011000010100110101110010000111110001100010001111110110010101000101011110111001010000000110001001111111000000100101
000010101111110111111000111010010111110001111011111011000010100110101011010011010001010001110010000011110111011011100101001101101111010101010100010111111000000100101
000010101111110111111000111010010111110001111011111011000010100110101110010000111011111101011010011001000010010010100111111000001101000001000001101000111000000100101
000010101111110111111000111010010111110001111011111011000010100110110011010111100000101101010001001001001110111000100001011000100110111110000000101110000110000100101
000010101111110111111000111010010111110001111011111011000010100110110011010111100000101101010001001001001110111010001000011010010000001100010100010111111000000100101
000010101111110111111000111010010111110001111011111011000010100110110011010111100000101101010011010100111110001000100001011000100110111110000000101110000110000100101
000010101010111110111111000111010010111110001111011111011000010100110110011010111110001100010001111110110010101000100001011000100110111110000000101110000110000100101
000010101010111110111111000111010010111110001111011111011000010100110110011010111110001100010001111110110010101000101011110111001010000100111101010001111100001111101
