010111010101110110110000000110001000001011011010000100011010001101011110010010000010011100100000011100101101000101011001001011011111001010001111000110101111011011010
010111010101110110110000000110001000001011011010000100011010001101011110010010000010011100100110101101100100000001100000001011011111001010001111000110101111011011010
010111010101110110110000000110001000001011011010000100011010001101011110010010000010011100100110101101100100000001100000011011011111001010001111000110101111011011010
010111010101110110110000000110001000001011011010000100011010001101011110010010000010011100000000011100101101000101011001001011011111001010001111000110101111011011010
010111010101110110110000000110001000001011011010000100011010001101011110010010000010011100100110101101100100000001100000011011001001101010001111000110101111011011010
010111010101110110110000000110001000001011011010000100011010001101011110010010000010011000100000011100101101000101011001001011011111001010001111000110101111011011010
010111010101110110110000000110001000001011011010000100011010001101011110010010000010011100111001101101100100000001100000001011011111001010001111000110101111011011010
010111010101110110110000000110001000001011011010000100011010001101011110010010000010011100110110110000111110001011010000001011011111001010001111000110101111011011010
010111010101110110110000000110001000001011011010000100011010001101011110010010000010011100000101100011101101000101011001001011011111001010001111000110101111011011010
010111010101110110110000000110001000001011011010000100011010001101011110010010000010011100100001100011101101000101011001001011011111001010001111000110101111011011010
010111010101110110110000000110001000001011011010000100011010001101011110010010000010011100100001101101100100000001100000001011011111001010001111000110101111011011010
010111010101110110110000000110001000001011011010000100011010001101011110010010000010001101100000011100101101000101011001001011011111001010001111000110101111011011010
010111010101110110110000000110001000001011011010000100011010001101011110010010000010011100110110011100101101000101011001001011011111001010001111000110101111011011010
010111010101110110110000000110001000001011011010000100011010001101011110010010000010011110111000011100101101000101011001001011011111001010001111000110101111011011010
010111010101110110110000000110001000001011011010000100011010001101011110010010000010011100100000011100101101000101011001001001101111001010001111000110101111011011010
010111010101110110110000000110001000001011011010000100011010001101011110010010000010011100111001101101100100000001100000011011011111001010001111000110101111011011010
010111010101110110110000000110001000001011011010000100011010001101011110010010000010011100100010101101100100000001100000001011011111001010001111000110101111011011010
010111010101110110110000000110001000001011011010000100011010001101011110010010000010011100000110101101100100000001100000001011011111001010001111000110101111011011010
010111010101110110110000000110001000001011011010000100011010001101011110010010000010011111011000011100101101000101011001001011011111001010001111000110101111011011010
010111010101110110110000000110001000001011011010000100011010001101011110010010000010011111000000011100101101000101011001001011011111001010001111000110101111011011010
010111010101110110110000000110001000001011011010000100011010001101011110010010000010011100000100011100101101000101011001001011011111001010001111000110101111011011010
010111010101110110110000000110001000001011011010000100011010001101011110010010000010011100100101100011101101000101011001001011011111001010001111000110101111011011010
010111010101110110110000000110001000001011001110111100011010001101011110010010000010011100100000011100101101000101011001001011011111001010001111000110101111011011010
010111010101110110110000000110001000001011011010011100011010001101011110010010000010011100100000011100101101000101011001001011011111001010001111000110101111011011010
010111010101110110110000000110001000001011011010000100011010001101011110010010000010011100100001101101100100000001100000011011011111001010001111000110101111011011010
010111010101110110110000000110001000001011011010000100011010001101011110010010000010011100100100011100101101000101011001001011011111001010001111000110101111011011010
010111010101110110110000000110001000001011011010000100011010001101011110011111011100110100100000011100101101000101011001001011011111001010001111000110101111011011010
010111010101110110110000000110001000001011011001000100011010001101011110010010000010011100100000011100101101000101011001001011011111001010001111000110101111011011010
010111010101110110110000000110001000001011011010000110100101001101011110010010000010011100100000011100101101000101011001001011011111001010001111000110101111011011010
010111010101110110110000000110001000001011011010000100011010001101011110010010000010011100110100111100101101000101011001001011011111001010001111000110101111011011010
010111010101110110110000000110001000001011011010000100011010001101011110010010000000101001000000011100101101000101011001001011011111001010001111000110101111011011010
010111010101110110110000000110001000001011011010000100011010001101011110010000110111111110111000011100101101000101011001001011011111001010001111000110101111011011010
