100000011000001011000001001001001100001101111101011000001100011110111000100100101110100010011101110010001100100100010110111101100100011110000010010010000100001101010
100000011000001011000001001001001100001101111101011000001100011110111000100100101110100010011101110010001100100100010110111101010100011110000010010010000100001101010
100000011000001011000001001001001100001101111101011000001100011110111000100100101110100010011101110010001100100100010110111101111000011110000010010010000100001101010
100000011000001011000001001001001100001101111101011000001100011110111000100100101110100010011101110010001100100100010110111100010100011110000010010010000100001101010
100000011000001011000001001001001100001101111101011000001100011110111000100100101110100010011101110010001100100100010110111101101110100001000010010010000100001101010
100000011000001011000001001001001100001101111101011000001100011110111000100100101110100010011101110010001100100100010110111101111111101110000010010010000100001101010
100000011000001011000001001001001100001101111101011000001100011110111000100100101110100010011101110010001100100100010110111101111010100001000010010010000100001101010
100000011000001011000001001001001100001101111101011000001100011110111000100100101110100010011101110010001100100100010110111101111101110101000010010010000100001101010
100000011000001011000001001001001100001101111101011000001100011110111000100100101110100010011101110010001100100100010110111101111001101110000010010010000100001101010
100000011000001011000001001001001100001101111101011000001100011110111000100100101110100010011101110010001100100100010110111101111101101110000010010010000100001101010
100000011000001011000001001001001100001101111101011000001100011110111000100100101110100010011101110010001100111110111101110011010100011110000010010010000100001101010
100000011000001011000001001001001100001101111101011000001100011110111000100100101110100010011101110010001100100100010110111101111111011110000010010010000100001101010
100000011000001011000001001001001100001101111101011000001100011110111000100100101110100010011101110010001100100100010110111101011110100001000010010010000100001101010
100000011000001011000001001001001100001101111101011000001100011110111000100100101110100010011101110010001100100100010110111101110000011110000010010010000100001101010
100000011000001011000001001001001100001101111101011000001100011110111000100100101110100010011101110010001100100100010110111100010011011110000010010010000100001101010
100000011000001011000001001001001100001101111101011000001100011110111000100100101110100010011101110010001100100100010110111101110100011110000010010010000100001101010
100000011000001011000001001001001100001101111101011000001100011110111000100100101110100010011101110010001100100100010110111101111000001101000010010010000100001101010
100000011000001011000001001001001100001101111101011000001100011110111000100100101110100010011101110010001100100100010110111101111100111110000010010010000100001101010
100000011000001011000001001001001100001101111101011000001100011110111000100100101110100010011101110010001100100100010110111101111110100001000010010010000100001101010
100000011000001011000001001001001100001101111101011000001100011110111000100100101110100010011101110010001100100100010110101011010100011110000010010010000100001101010
100000011000001011000001001001001100001101111101011000001100011110111000100100101110100010011101110010001100100100010110111101101111101110000010010010000100001101010
100000011000001011000001001001001100001101111101011000001100011110111000100100101110100010011101110010001100100100010110111101111101101111001010010010000100001101010
100000011000001011000001001001001100001101111101011000001100011110111000100100101110100010011101110010001100100100010110111101100000101110000010010010000100001101010
100000011000001011000001001001001100001101111101011000001100011110111000100100101110100010011101110010001100100100010110111101101011011110000010010010000100001101010
100000011000001011000001001001001100001101111101011000001100011110111000100100101110100010011101110010001100100100010110111111010100011110000010010010000100001101010
100000011000001011000001001001001100001101111101011000001100011110111000100100101110100010011101110010001100100100010110111101111101011110000010010010000100001101010
100000011000001011000001001001001100001101111101011000001100011110111000100100101110100010011101110010001100100100010110111101101101011110000010010010000100001101010
100000011000001011000001001001001100001101111101011000001100011110111000100100101110100010011101110010001100100100010110111101100000011110000010010010000100001101010
100000011000001011000001001001001100001101111101011000001100011110111000100100101110100010011101110010001100100100010110111101111001010110000010010010000100001101010
100000011000001011000001001001001100001101111101011000001100011110111000100100101110100010011101110010001100100100010110111101111000000101000010010010000100001101010
100000011000001011000001001001001100001101111101011000001100011110111000100100101110100010011101110010001100100100010110111101101110101000000010010010000100001101010
100000011000001011000001001001001100001101111101011000001100011110111000100100101110100010011101110010001100100100010110111101111111110010010110010010000100001101010
