000100011101011010101000101010011101110000011001011101101011010000110001010011011011010010010011101010101110110000010011101100110010011000100001101100011011001001100
000100011101011010101000101010011101110000011001011101101011010000110001010111010001110010010011101010101110110000010011101100110010011000100001101100011011001001100
000100011101011010101000101010011101110000011001011101101011010000110001011100000001010010010011101010101110110000010011101100110010011000100001101100011011001001100
000100011101011010101000101010011101110000011001011101101011010000110001001010011011011010010010011101010101110110000010011101100110010011000100001101100011011001001
000100011101011010101000101010011101110000011001011101101011010000110001001000111111010010010011101010101110110000010011101100110010011000100001101100011011001001100
000100011101011010101000101010011101110000011001011101101011010000110001001010011011010010010011101010101110110000010011101100110010011000100001101100011011001001100
000100011101011010101000101010011101110000011001011101101011010000110001001000000001010010010011101010101110110000010011101100110010011000100001101100011011001001100
000100011101011010101000101010011101110000011001011101101011010000110001010011000001010010010011101010101110110000010011101100110010011000100001101100011011001001100
000100011101011010101000101010011101110000011001011101101011010000110001010111000001010010010011101010101110110000010011101100110010011000100001101100011011001001100
000100011101011010101000101010011101110000011001011101101011010000110011101000000001010010010011101010101110110000010011101100110010011000100001101100011011001001100
000100011101011010101000101010011101110000011001011101101011010000110001011001111011010010010011101010101110110000010011101100110010011000100001101100011011001001100
000100011101011010101000101010011101110000011001011101101011010000110001000100000001010010010011101010101110110000010011101100110010011000100001101100011011001001100
000100011101011010101000101010011101110000011001011101101011010000110001001010110011101000001000111110101110110000010011101100110010011000100001101100011011001001100
000100011101011010101000101010011101110000011001011101101011010000110001010010110011101000001000111110101110110000010011101100110010011000100001101100011011001001100
000100011101011010101000101010011101110000011001011101101011010000110001000000001010010010010011101010101110110000010011101100110010011000100001101100011011001001100
000100011101011010101000101010011101110000011001011101101011010000110001001010000110110010010011101010101110110000010011101100110010011000100001101100011011001001100
000100011101011010101000101010011101110000011001011101101011010000110001011001111011011011110101011100110011001101010011101100110010011000100001101100011011001001100
000100011101011010101000101010011101110000011001011101101011010000110001010111000000001010010010011101010101110110000010011101100110010011000100001101100011011001001
000100011101011010101000101010011101110000011001011101101011010000110001000000001010010010011101011100110011001101010011101100110010011000100001101100011011001001100
000100011101011010101000101010011101110000011001011101101011010000110001010011011011010010010010011101010101110110000010011101100110010011000100001101100011011001001
000100011101011010101000101010011101110000011001011101101011010000110001010011011010010010010011101010101110110000010011101100110010011000100001101100011011001001100
000100011101011010101000101010011101110000011001011101101011010000110001011001011011010010010011101010101110110000010011101100110010011000100001101100011011001001100
000100011101011010101000101010011101110000011001011101101011010000110001011100000110001010010011101010101110110000010011101100110010011000100001101100011011001001100
000100011101011010101000101010011101110000011001011101101011010000110001010011011011010010010011101011100110011001101010011101100110010011000100001101100011011001001
000100011101011010101000101010011101110000011001011101101011010000110001010011011010010010011101011100110011001101010011101100110010011000100001101100011011001001100
000100011101011010101000101010011101110000011001011101101011010000110001011111100100110101010011101010101110110000010011101100110010011000100001101100011011001001100
000100011101011010101000101010011101110000011001011101101011010000110001010011100100010010010011101010101110110000010011101100110010011000100001101100011011001001100
000100011101011010101000101010011101110000011001011101101011010000110001010110111011011010010010011101010101110110000010011101100110010011000100001101100011011001001
000100011101011010101000101010011101110000011001011101101011010000110001011001111011011011110101001010101110110000010011101100110010011000100001101100011011001001100
000100011101011010101000101010011101110000011001011101101011010000110001011001111011011011110111101011100110011001101010011101100110010011000100001101100011011001001
000100011101011010101000101010011101110000011001011101101011010000110001001010000001010010010011101010101110110000010011101100110010011000100001101100011011001001100
000100011101011010101000101010011101110000011001011101101011010000110001010010000001010010010011101010101110110000010011101100110010011000100001101100011011001001100
