000001101101110011101011110100100100000010111110110001100000000100001100100001011100000110010110011011110101001110000000001011001110011100101100001110010010101110011
000001101101110011101011110100100100000010111110110001100000000100001100100001011100000110010110011011110101001110000000001011001110011100101100001110010010101110010
000001101101110011101011110100100100000001111110110001100000000100001100100001011100000110010110011011110101001110000000001011001110011100101100001110010010101110011
000001101101110011101011110100100100000001111110110001100000000100001100100001011100000110010110011011110101001110000000001011001110011100101100001110010010101110010
000001101101110011101011110100100100000010100100001011111111111010000011100001011100000110010110011011110101001110000000001011001110011100101100001110010010101110011
000001101101110011101011110100100100000010100100001011111111111010000011100001011100000110010110011011110101001110000000001011001110011100101100001110010010101110010
000001101101110011101011110100100100000010100100001001100000000100001100100001011100000110010110011011110101001110000000001011001110011100101100001110010010101110011
000001101101110011101011110100100100000010100100001001100000000100001100100001011100000110010110011011110101001110000000001011001110011100101100001110010010101110010
000001101101110011101011110100100100000010111110110001100000000100001100100001011100000110010110011011110101001110000000001011001110011100101010010001111100001010011
000001101101110011101011110100100100000010111110110001100000000100001100100001011100000110010110011011110101001110000000001011001110011100101100001110010010111101001
000001101101110011101011110100100100000010111101111000100000000100001100100001011100000110010110011011110101001110000000001011001110011100101100001110010010101110011
000001101101110011101011110100100100000010111101111000100000000100001100100001011100000110010110011011110101001110000000001011001110011100101100001110010010101110010
000001101101110011101011110100100100000000100100001011111111111010000011100001011100000110010110011011110101001110000000001011001110011100101100001110010010101110011
000001101101110011101011110100100100000000100100001011111111111010000011100001011100000110010110011011110101001110000000001011001110011100101100001110010010101110010
000001101101110011101011110100100100000000100100001001100000000100001100100001011100000110010110011011110101001110000000001011001110011100101100001110010010101110011
000001101101110011101011110100100100000010100010010001100000000100001100100001011100000110010110011011110101001110000000001011001110011100101100001110010010101110011
001000001101101110011101011110100100100000010111110011101100000100001100100001011100000110010110011011110101001110000000001011001110011100101100001110010010101110011
000001101101110011101011110100100100000000100100001001100000000100001100100001011100000110010110011011110101001110000000001011001110011100101100001110010010101110010
000001101101110011101011110100100100000010111010010001100000000100001100100001011100000110010110011011110101001110000000001011001110011100101100001110010010101110011
000001101101110011101011110100100100000010100010010001100000000100001100100001011100000110010110011011110101001110000000001011001110011100101100001110010010101110010
001000001101101110011101011110100100100000010111110011101100000100001100100001011100000110010110011011110101001110000000001011001110011100101100001110010010101110010
000001101101110011101011110100100100000010111010010001100000000100001100100001011100000110010110011011110101001110000000001011001110011100101100001110010010101110010
000001101101110011101011110100100111001000111110110001100000000100001100100001011100000110010110011011110101001110000000001011001110011100101100001110010010101110011
000001101101110011101011110100100100000010110001101100000010100100001100100001011100000110010110011011110101001110000000001011001110011100101100001110010010101110011
000001101100011011101110101111101001000000100100001011111111111010000011100001011100000110010110011011110101001110000000001011001110011100101100001110010010101110011
000001101101110011101011110100100100000010111110110001100000000100001100100001011100000110010110011011110101001110000000001011001110011100101100001110010010001010011
000001101101110011101011110100100100000000100001011111111111010000011100001011011100000110010110011011110101001110000000001011001110011100101100001110010010101110011
000001101101110011101011110100100100000010111110110001100000000100001100100001011100000110010110011011110101001110000000001011001110011100101010010001111100010001011
000001101101110011101011110100100111001000111110110001100000000100001100100001011100000110010110011011110101001110000000001011001110011100101100001110010010101110010
000001101101110011101011110100100100000001101001011001100000000100001100100001011100000110010110011011110101001110000000001011001110011100101100001110010010101110011
000001101101110011101011110100100100000001111100001011111111111010000011100001011100000110010110011011110101001110000000001011001110011100101100001110010010101110011
000001101101110011101110101111101001000000100100001011111111111010000011100001011100000110010110011011110101001110000000001011001110011100101100001110010010101110011
