101000110110110110001010011101001111111110111010101001001010111110001111001001000000101010101011011011011100110011110000100100000110001110011011001111110010000010110
101000110110110110001010011101001111111110111010101001001010111110001111001001000000101010101011011011011100110011110000100100000110001110011011001111110010000001010
101000110110110110001010011101001111111110111010101001001010111110001111001001000000010100110000011100011100110011110000100100000110001110011011001111110010000010110
101000110110110110001010011101001111111110111010101001001010111110001111001001000000101010101011011011011100110011110000100100000110001110011000001111111011100001010
101000110110110110001010011101001111111110111010101001001010111110001111001001000000101010101011011011011100110011110000100100000110001110011011001111110010100001010
101000110110110110001010011101001111111110111010101001001010111110001111001001000000101010101011011011011100111011110000100100000110001110011011001111110010000010110
101000110110110110001010011101001111111110111010101001001010111110001111001001000000101010101011011011011100110011110000100100000110001110011011001101000100100001010
101000110110110110001010011101001111111110111010101001001010111110001111001001000000001010101011011011011100110011110000100100000110001110011011001111110010000010110
101000110110110110001010011101001111111110111010101001001010111110001111001001000000101010101011011011011100110011110000100100000110001110011011001111110010001101000
101000110110110110001010011101001111111110111010101001001010111110001111001000000000101010101011011011011100110011110000100100000110001110011011001111110010000010110
101000110110110110001010011101001111111110111010101001001010111110001111001001000000101010101011011011011011100110011110000100100000110001110011011001111110010000010
101000110110110110001010011101001111111110111010101001001010111110001111001001000000011001010110101111100000010011110000100100000110001110011011001111110010000010110
101000110110110110001010011101001111111110111010101001001010111110001111001001000000011001010110101111110000111011110000100100000110001110011011001111110010000010110
101000110110110110001010011101001111111110111010101001001010111110001111001001000000101010101011011011011100110011110000100100000110001110011000001111110010000010110
101000110110110110001010011101001111111110111010101001001010111110001111001001000000101010101011011011011100110011110000100100000110001110011011001111111011100001010
101000110110110110001010011101001111111110111010101001001010111110001111001001000000101010101011011011011100100011110000100100000110001110011011001111110010000010110
101000110110110110001010011101001111111110111010101001001010111110001111001001000000101010101011011011011100110011110000100100000110001110011011001111100100100001010
101000110110110110001010011101001111111110111010101001001010111110001111001001000000010100110000011100011101111011110000100100000110001110011011001111110010000010110
101000110110110110001010011101001111111110111010101001001010111110001111001001000000101010101011011011011011100110011110000100100000110001110011011001100111100001010
101000110110110110001010011101001111111110111010101001001010111110001111001001000000101010101011011011011100110011110000100100000110001110011011001111110010000011010
101000110110110110001010011101001111111110111010101001001010111110001111001001000000101010101011011011011100000011110000100100000110001110011011001111110010000010110
101000110110110110001010011101001111111110111010101001001010111110001111001001000000101010101011011011011011100110011110000100100000110001110011011001111110010011010
101000110110110110001010011101001111111110111010101001001010111110001111001001000101010101011011011011011100110011110000100100000110001110011011001111110010000010110
101000110110110110001010011101001111111110111010101001001010111110001111001001000000010100110000011100011101110011110000100100000110001110011011001111110010000010110
101000110110110110001010011101001111111110111010101001001010111110001111001001000000010100110000011100011101101011110000100100000110001110011011001111110010000010110
101000110110110110001010011101001111111110111010101001001010111110001111011000000000101010101011011011011100110011110000100100000110001110011011001111110010000010110
101000110110110110001010011101001111111110111010101001001010111110001111001001000000010100100110110000001110110011110000100100000110001110011011001111110010000010110
101000110110110110001010011101001111111110111010101001001010111110001111001001000000101010101011011011011100110011110000100100000110001110011011001111110010010001100
101000110110110110001010011101001111111110111010101001001010111110001111001001000000101010101011011011011100110011110000100100000110001110011011001111110010000010111
101000110110110110001010011101001111111110111010101001001010111110001111001001000000101010101011011011011100110011110000100100000110001110011011001111110010010101001
101000110110110110001010011101001111111110111010101001001010111110001111001001000000101010101011011011011100110011110000100100000110001110011011001111110010000110011
101000110110110110001010011101001111111110111010101001001010111110001111001001000000101010101011011011011100110011110000100100000110001110011011001111110010000000000
