000110101101001010100110000101110001011011111001110010111001101011111010100110011000110110000000100101001101110000111011000100011001101000011001000111100000001000110
000110101101001010100110000101110001011011111001110010111001101011111010100110011000110110000000100101001101110000111011000100011001101000011001000111100010100100110
000010010000010001010100110000101110001011011111001110010111001101011111010100110011000110110000000100101001101110000111011000100011001101000011001000110010111000110
000110101101001010100110000101110001011011111001110010111001101011111010100110011000110110000000100101001101110000111011000100011001101000011001000111101100110001110
000110101101001010100110000101110001011011111001110010111001101011111010100110011000110110000000100101001101110000111011000100011001101000011001010100110010111000110
000110101101111001010100110000101110001011011111001110010111001101011111010100110011000110110000000100101001101110000111011000100011001101000011001000110010111000110
000110101101001010100110000101110001011011111001110010111001101011111010100110011000110110000000100101001101110000111011000100011001101000011001000111100010001000110
000110101101001010100110000101110001011011111001110010111001101011111010100110011000110110000000100101001101110000111011000100011001101000011001010011011010111000110
000110101101001010100110000101110001011011111001110010111001101011111010100110011000110110000000100101001101110000111011000100011001101000011001000111100011011100110
000110101101001010100110000101110001011011111001110010111001101011111010100110011000110110000000100101001101110000111011000100011001101000011001000111110111101010110
000110101101001010100110000101110001011011111001110010111001101000000011001000101100111100100100101001101110000111011000100011001101000011001000111100011111010000110
000110101101001010100110000101110001011011111001110010111001101011111010100110011000110110000000100101001101110000111011000100011001101000011001010101101010101110110
000010010000010001010100110000101110001011011111001110010111001101011111010100110011000110110000000100101001101110000111011000100011001101000011001010101101010101110
000110101101001010100110000101110001011011111001110010111001101011111010100110011000110110000000100101001101110000111011000100011001101000011001000110010111011000110
000110101101001010100110000101110001011011111001110010111001101011111010100110011000110110000000100101001101110000111011000100011001101000011001010000011000110111110
000110101101001010100110000101110001011011111001110010111001101011111010100110011000110110000000100101001101110000111011000100011001101000011001000011000110111111110
000110101101111001010100110000101110001011011111001110010111001101011111010100110011000110110000000100101001101110000111011000100011001101000011001010101101010101110
000110101101001010100110000101110001011011111001110010111001101011111010100110011000110110000000100101001101110000111011000100011001101000011001000110010011101100110
000110101101001010100110000101110001011011111001110010111001101011111010100110011000110110000000100101001101110000111011000100011001101000011001000011000110111101100
000110101101111010100110000101110001011011111001110010111001101011111010100110011000110110000000100101001101110000111011000100011001101000011001000111100000001000110
000110101101001010100110000101110001011011111001110010111001101000000011001000101100111100100100101001101110000111011000100011001101000011001000111100010100100111110
000110101101001010100110000101110001011011111001110010111001101011111010100110011000110110000000100101001101110000111011000100011001101000011001000111101000000100010
000110101101111010100110000101110001011011111001110010111001101011111010100110011000110110000000100101001101110000111011000100011001101000011001000111100010100100110
000110101101001010100110000101110001011011111001110010111001101011111010100110011000110110000000100101001101110000111011000100011001101000011001010000010111101010110
000110101101001010100110000101110001011011111001110010111001101011111010100110011000110110000000100101001101110000111011000100011001101000011001000110010000000111110
000110101101001010100110000101110001011011111001110010111001101000000011001000101100111100100100101001101110000111011000100011001101000011001010000011000110111111110
000110101101001010100110000101110001011011111001110010111001101011111010100110011000110110000000100101001101110000111011000100011001101000011001000111101100110001000
000110101101001010100110000101110001011011111001110010111001101011111010100110011000110110000000100101001101110000111011000100011001101000011001000110010111000110110
000110101101001010100110000101110001011011111001110010111001101011111010100110011000110110000000100101001101110000111011000100011001101000011001000111100010100100010
000110101101001010100110000101110001011011111001110010111001101000000011001000101100111100100100101001101110000111011000100011001101000011001010000011000110111101100
000110101101001010100110000101110001011011111001110010111001101011111010100110011000110110000000100101001101110000111011000100011001101000011001000101011001010011110
000110101101001010100110000101110001011011111001110010111001101011111010100110011000110110000000100101001101110000111011000100011001101000011001000111100011111010000
