101001001010010000000101011011100110111111110100001100001001011110101001100010001100011011001011011001010100111100010110110000111100000101110001011010101101100111110
101001001010010000000101011011100110111111110100001100001001011110101001100010001100011011001011011001010100101011001101110000111100000101110001011010101101100111110
101001001001010010000000101011011100110111111110100001100001001011110101001100010001100011011001011011001010100101011001101110100010010101111001011010101101100111110
101001001001010010000000101011011100110111111110100001100001001011110101001100010001100011011001011011001010100101011001101110101000101010010111111100101101100111110
101001001010010000000101011011100110111111110100001100001001011110101001100010001100011011001011011001010100101011001101110101000101010010111111100011101101100111110
101001001010010000000101011011100110111111110100001100001001011110101001100010001100011011001011011001010100101011001101110101000011001101010001011010101101100111110
101001001001010010000000101011011100110111111110100001100001001011110101001100010001100011011001011011001010100101011001101110101101101100001000010010101101100111110
101001001010010000000101011011100110111111110100001100001001011110101001100010001100011011001011011001010100101011001101110100010010101000010100111110101101100111110
101001001010010000000101011011100110111111110100001100001001011110101001100010001100011011001011011001010100101011001101110101000101010010111111100010101101100111110
101001001001010010000000101011011100110111111110100001100001001011110101001100010001100011011001011011001010100101011001101110101000110101111001011010101101100111110
101001001001010010000000101011011100110111111110100001100001001011110101001100010001100011011001011011001010100101011001101110100010010101000010100100101101100111110
101001001010010000000101011011100110111111110100001100001001011110101001100010001100011011001011011001010100101011001101101100111100000101110001011010101101100111110
101001001001010010000000101011011100110111111110100001100001001011110101001100010001100011011001011011001010100101011001101110101000011001101010001000101101100111110
101001001001010010000000101011011100110111111110100001100001001011110101001100010001100011011001011011001010100101011001101110100010010101000111101010101101100111110
101001001010010000000101011011100110111111110100001100001001011110101001100010001100011011001011011001010100101011001101110101000101010010111111100011110000100111110
101001001010010000000101011011100110111111110100001100001001011110101001100010001100011011001011011001010100101011001101110100010010101000010100100100101101100111110
101001001010010000000101011011100110111111110100001100001001011110101001100010001100011011001011011001010100101011001101110101000110110001100101101100101101100111110
101001001001010010000000101011011100110111111110100001100001001011110101001100010001100011011001011011001010100101011001101110100010010101010101100011101101100111110
101001001001010010000000101011011100110111111110100001100001001011110101001100010001100011011001011011001010100101011001101110101101101100110110001100101101100111110
101001001010010000000101011011100110111111110100001100001001011110101001100010001100011011001011011001010100101011001101110100010010101000010100111011101101100111110
101001001001010010000000101011011100110111111110100001100001001011110101001100010001100011011001011011001010100101011001101110100010010101000010100101101101100111110
101001001010010000000101011011100110111111110100001100001001011110101001100010001100011011001011011001010100101011001101110101000101010010111111100000001101100111110
101001001010010000000101011011100110111111110100001100001001011110101001100010001100011011001011011001000010111100010110110000111100000101110001011010101101100111110
101001001010010000000101011011100110111111110100001100001001011110101001100010001100011011001011011001010100101011001101110101101101100001110001011010101101100111110
101001001010010000000101011011100110111111110100001100001001011110101001100010001100011011001011011001010100101011001110110000111100000101110001011010101101100111110
101001001010010000000101011011100110111111110100001100001001011110101001100010001100011011001011011001010100101011001101110100010010101000010101101100101101100111110
101001001001010010000000101011011100110111111110100001100001001011110101001100010001100011011001011011001010100101011001101110100010010101010001011010101101100111110
101001001001010010000000101011011100110111111110100001100001001011110101001100010001100011011001011011001010100101011001101100011101010101001100010010101101100111110
101101001001001010010000000101011011100110111111110100001100001001011110101001100010001100011011001011011001010100101011001101110100010010101000010100101101100111110
110000101001010010000000101011011100110111111110100001100001001011110101001100010001100011011001011011001010100101011001101110100010010101111001011010101101100111110
101101001001010010000000101011011100110111111110100001100001001011110101001100010001100011011001011011001010100101011001101110100010010101111001011010101101100111110
101101001001001010010000000101011011100110111111110100001100001001011110101001100010001100011011001011011001010100101011001101110100010010101010011010101101100111110
