001100101011110011000100011000101011100110000011001010110011010011000111001101111100111101101101101000011011111111100111110011101011101010010110111111111010111101010
001100101011110011000100011000101011100110000011001010110011010011000111001101111100111101101101000011101100000111100111110011101011101010010110111111111010111101010
001100110100111010011000100011000101011100110000011001010110011010011000111001101111100111101101101000011011111111100111110011101011101010010110111111111010111101010
001100101011110011000100011000101011100110000011001010110011010011000111001101111100111101101101000011100000000111100111110011101011101010010110111111111010111101010
001100101011110011000100011000101011100110000011001010110011010011000111001101111100111101101101000011011111111100111110011101011101010010110111111101000010111101010
001100101011110011000100011000101011100110000011001010110010011010011000111001101111100111101101101000011011111111100111110011101011101010010110111111111010111101010
001100101011110010011000100011000101011100110000011001010110011010011000111001101111100111101101101000011011111111100111110011101011101010010110111111111010111101010
001100101011110011000100011000101011100110000011001010110011010011000111001101111100111101101101000000011011111111100111110011101011101010010110111111111010111101010
001100101011110011000100011000101011100110000011001010110011010011000111001101111100111101101101110110110111111111100111110011101011101010010110111111111010111101010
001100101011110011000100011000101011100110000011001010110011010011000111001101111100111101101101000011011111111100111110011101011101010010110111111101010111111101010
001100101011110011000100011000101011100110000011001010110011010011000111001101111100111101101101000101001010001011000111110011101011101010010110111111111010111101010
001100101011110011000100011000101011100110000011001010110011010011000111001101111100111101101101000011011111111100111111110011101011101010010110111111111010111101010
001100101011110011000100011000101011100110000011001010110011010011000111001101111100111101101101000011011111111100001100001010001101101101001110111111111010111101010
001100101011100111011000100011000101011100110000011001010110011010011000111001101111100111101101101000011011111111100111110011101011101010010110111111111010111101010
001001100101011110011000100011000101011100110000011001010110011010011000111001101111100111101101101000011011111111100111110011101011101010010110111111111010111101010
001100101011110011000100011000101011100110000011001010110011011010011000111001101111100111101101101000011011111111100111110011101011101010010110111111111010111101010
001100101011110011000100011000101011100110000011001010110011010011000111001101111100111101101101000011011111111111100111110011101011101010010110111111111010111101010
001100101011010011000100011000101011100110000011001010110011010011000111001101111100111101101101101000011011111111100111110011101011101010010110111111111010111101010
001100101011110011000100011000101011100110000011001010110011010011000111001101111100111101101101000011101100111111100111110011101011101010010110111111111010111101010
001100101011110011000100011000101011100110000011001010110011010011000111001101111100111101101101000011101100000001100111110011101011101010010110111111111010111101010
001100101011110011000100011000101011100110000011001010110011010011000111001101111100111101101101000011011011111111100111110011101011101010010110111111111010111101010
001100101011110011000100011000101011100110000011001010110010000010011000111001101111100111101101101000011011111111100111110011101011101010010110111111111010111101010
001100101011110011000100011000101011100110000011001010110011010011000111001101111100111101101101000011101100111110100111110011101011101010010110111111111010111101010
001100101011110011000100011000101011100110000011001010110000101010011000111001101111100111101101101000011011111111100111110011101011101010010110111111111010111101010
001100101011101010011000100011000101011100110000011001010110011010011000111001101111100111101101101000011011111111100111110011101011101010010110111111111010111101010
001100101011110011000100011000101011100110000011001010110011010011000111001101111100111101101110111110011011111111100111110011101011101010010110111111111010111101010
001100101011110011000100011000101011100110000011001010110011010011000111001101111100111101101101000011010011111111100111110011101011101010010110111111111010111101010
001100101011110011000100011000101011100110000011001010110010010010011000111001101111100111101101101000011011111111100111110011101011101010010110111111111010111101010
001100101011110011000100011000101011100110000011001010110011010011000111001101111100111101101101000011011111111100111110011101011101010010110111011111111010111101010
001100101011110011000100011000101011100110000011001010110011010011000111001101111100111101101101000011011111111100111110011101011101010010110111111111010111101001010
001100101011110011000100011000101011100110000011001010110011010011000111001101111100111101101101000011011111111100111110011101011101010010110111111101000110011000011
001100101011110011000100011000101011100110000011001010110011010011000111001101111100111101101101000011011111111100111110011101011101010010110111111101000110001101010
