000101111111110100101000011001001111111110001011101100110011100110010100111101001101010001100001110010001111010000001011010011110101001110100111100110001011101010110
000101111111110100101000011001001111111110001011101100110011100110010100111101001101010001100001110010001111010011100111000111110101001110100111100110001011101010110
000101111111110100101000011001001111111110001011101100110011100110010100111101001101010001100001110010001111010000001001100001110101001110100111100110001011101010110
000101111111110100101000011001001111111110001011101100110011100110010100111101001101010001100001110010001111010000010000100001110101001110100111100110001011101010110
000101111111110100101000011001001111111110001011101100110011100110010100111101001101010001100001110010001111010000000100001110101001110100111100110001011101010110111
000101111111110100101000011001001111111110001011101100110011100110010100111101001101010001100001110010001111010000100001110101001110100111100110001011101010101111010
000101111111110100101000011001001111111110001011101100110011100110010100111101001101010001100001110010001111010000000100001110101001110100111100110001011101010101111
000101111111110100101000011001001111111110001011101100110011100110010100111101001101010001100001110010001111010000001011010011110101001110100111100110001011101010111
000101111111110100101000011001001111111110001011101100110011100110010100111101001101010001100001110010001111010000000111000111110101001110100111100110001011101010110
000101111111110100101000011001001111111110001011101100110011100110010100111101001101010001100001110010001111001111100111000111110101001110100111100110001011101010110
000101111111110100101000011001001111111110001011101100110011100110010100111101001101010001100001110010001111010000100001110101001110100111100110001011101010101110111
000101111111110100101000011001001111111110001011101100110011100110010100111101001101010001100001110010001111010000100001110101001110100111100110001011101010110100111
000101111111110100101000011001001111111110001011101100110011100110010100111101001101010001100001110010001111010000010110100001110101001110100111100110001011101010110
000101111111110100101000011001001111111110001011101100110011100110010100111101001101010001100001110010001111010000100001110101001110100111100110001011101010110010111
000101111111110100101000011001001111111110001011101100110011100110010100111101001101010001100001110010001111010000000100011110101001110100111100110001011101010110111
000101111111110100101000011001001111111110001011101100110011100110010100111101001101010001100001110010001111010000010000010000010001111011110001010011111000001110111
000101111111110100101000011001001111111110001011101100110011100110010100111101001101010001100001110010001111010000100001110101001110100111100110001011101001001111010
000101111111110100101000011001001111111110001011101100110011100110010100111101001101010001100001110010001111010000000100001110101001110100111100110001011101001111010
000101111111110100101000011001001111111110001011101100110011100110010100111101001101010001100001110010001111010000111000111110101001110100111100110001011101010110111
000101111111110100101000011001001111111110001011101100110011100110010100111101001101010001100001110010001111010000000110100001110101001110100111100110001011101010110
000101111111110100101000011001001111111110001011101100110011100110010100111101001101010001100001110010001111010000110101000001110101001110100111100110001011101010110
000101111111110100101000011001001111111110001011101100110011100110010100111101001101010001100001110010001111010011100011110110101001110100111100110001011101010110111
000101111111110100101000011001001111111110001011101100110011100110010100111101001101010001100001110010001111010010110100001110101001110100111100110001011101010110111
000101111111110100101000011001001111111110001011101100110011100110010100111101001101010001100001110010001111010000100001110101001110100111100110001000101111001111010
000101111111110100101000011001001111111110001011101100110011100110010100111101001101010001100001110010001111010000100001110101001110100111100110001010010000001110111
000101111111110100101000011001001111111110001011101100110011100110010100111101001101010001100001110010001111001001111010000111110101001110100111100110001011101010110
000101111111110100101000011001001111111110001011101100110011100110010100111101001101010001100001110010001111010000000100011110101001110100111100110001011101010101111
000101111111110100101000011001001111111110001011101100110011100110010100111101001101010001100001110010001111111100111000111110101001110100111100110001011101010110111
000101111111110100101000011001001111111110001011101100110011100110010100111101001101010001100001110010001111111100111000111110101001110100111100110001011101010101111
000101111111110100101000011001001111111110001011101100110011100110010100111101001101010001100001110010000101011100111000111110101001110100111100110001011101010110111
000101111111110100101000011001001111111111110001011101100110011100110010100111101001101010001100001110010001111010000000100001110101001110100111100110001011101010110
001000101111111110100101000011001001111111110001011101100110011100110010100111101001101010001100001110010001111010000000100001110101001110100111100110001011101010110
