011110100110001100011000100100100001101001100101101001000101111110011111111100101101011111101010110110100011010111110101100011000011000000001011101011101010010000010
011110100110001100011000100100100001101001100101101001000101100001110101111100101101011111101010110110100011010111110101100011000011000000001011101011101010010000010
011110100110001100011000100100100001101001100101101001000101111110110101111100101101011111101010110110100011010111110101100011000011000000001011101011101010010000010
011110100110001100011000100100100001101001100101101001000101111101110101111100101101011111101010110110100011010111110101100011000011000000001011101011101010010000010
011110100110001100011000100100100100001101001100101101001000101111110101111100101101011111101010110110100011010111110101100011000011000000001011101011101010010000010
011110100110001100011011100100100001101001100101101001000101111110011111111100101101011111101010110110100011010111110101100011000011000000001011101011101010010000010
011110100110001100011010100100100001101001100101101001000101111110011111111100101101011111101010110110100011010111110101100011000011000000001011101011101010010000010
011110100110001100011000100100100001101001100101101001000101111110010001111100101101011111101010110110100011010111110101100011000011000000001011101011101010010000010
011110100110001100011000100100100001101001100101101001000101111101101101111100101101011111101010110110100011010111110101100011000011000000001011101011101010010000010
011110100110001100011000100100100001101001100101101001000101101000100101111100101101011111101010110110100011010111110101100011000011000000001011101011101010010000010
011110100110001100011000100100100001101001100101101001000101100001111101111100101101011111101010110110100011010111110101100011000011000000001011101011101010010000010
011110100110001100011011100100100001101001100101101001000101100001110101111100101101011111101010110110100011010111110101100011000011000000001011101011101010010000010
011110100110001100011011100100100001101001100101101001000101111110110101111100101101011111101010110110100011010111110101100011000011000000001011101011101010010000010
011110100110001100011000010100100100001101001100101101001000101111110101111100101101011111101010110110100011010111110101100011000011000000001011101011101010010000010
011110100110001100011010100100100001101001100101101001000101100001110101111100101101011111101010110110100011010111110101100011000011000000001011101011101010010000010
011110100110001100011010100100100001101001100101101001000101111110110101111100101101011111101010110110100011010111110101100011000011000000001011101011101010010000010
011110100110001100011000100100100001101001100101101001000101100001110001111100101101011111101010110110100011010111110101100011000011000000001011101011101010010000010
011110100110001100011000100100100001101001100101101001000101100001001101111100101101011111101010110110100011010111110101100011000011000000001011101011101010010000010
011110100110001100011000000100100001101001100101101001000101111110011111111100101101011111101010110110100011010111110101100011000011000000001011101011101010010000010
011110100110001100011000100100100001101001100101101001000101100001101001111100101101011111101010110110100011010111110101100011000011000000001011101011101010010000010
011110100110001100011100100100100001101001100101101001000101111110011111111100101101011111101010110110100011010111110101100011000011000000001011101011101010010000010
011110100110001100011000100100100001101001100101101001000101111110010000100011101101011111101010110110100011010111110101100011000011000000001011101011101010010000010
011110100110001100011000100100100001101001100101101001000101111110100010011100101101011111101010110110100011010111110101100011000011000000001011101011101010010000010
011110100110001100011000100100100001101001100101101001000101100001110000110100101101011111101010110110100011010111110101100011000011000000001011101011101010010000010
011110100110001100011000100100100001101001100101101001000101100001101010011100101101011111101010110110100011010111110101100011000011000000001011101011101010010000010
011110100110001100011000100100100001101001100101101001000101111100101010011100101101011111101010110110100011010111110101100011000011000000001011101011101010010000010
011110100110001100011000100100100001101001100101101001000101100010010000100011101101011111101010110110100011010111110101100011000011000000001011101011101010010000010
011110100110001100011000100100100001101001100101101001000101100011101010011100101101011111101010110110100011010111110101100011000011000000001011101011101010010000010
011110100110001100011000100100100001101001100101101001000101111100001010011100101101011111101010110110100011010111110101100011000011000000001011101011101010010000010
011110100110001100011000100100100001101001100101101001000101111110101010011100101101011111101010110110100011010111110101100011000011000000001011101011101010010000010
011110100110001100011000100100100001101001100101101001000101100000101010011100101101011111101010110110100011010111110101100011000011000000001011101011101010010000010
011110100110001100011000100100100001101001100101101001000101111110101111100101101011111101010110110100011010111110101100011000011000000101001011101011101010010000010
