101001011111001111000110000000110001101010100110110101101010111100000000110000101010111111000101111111010011001100111101100101111010100010110001110010000111010000110
101001011111001111000110000000110001101010100110110101101010111100000000110000101010111111000101110111010011001100111101100101111010100010110001110010000111010000110
101001011111001111000110000000110001101010100110110101101010111100000000110000101010111111000101111111001110001100111101100101111010100010110001110010000111010000110
101001011111001111000110000000110001101010100110110101101010100011000000110000101010111111000101111111010011001100111101100101111010100010110001110010000111010000110
101001011111001111000110000000110001101010100110110101101010111100000000110000101010111111000101100001010011001100111101100101111010100010110001110010000111010000110
101001011111001111000110000000110001101010100110110101101010111110101110110000101010111111000101111111010011001100111101100101111010100010110001110010000111010000110
101001011111001111000110000000110001101010100110110101101010111100000000110000101010111111000101111111000111001100111101100101111010100010110001110010000111010000110
101001011111001111000110000000110001101010100110110101101010101000000000110000101010111111000101111111010011001100111101100101111010100010110001110010000111010000110
101001011111001111000110000000110001101010100110110101101010111110111111110000101010111111000101111111010011001100111101100101111010100010110001110010000111010000110
101001011111001111000110000000110001101010100110110101101010100000100000110000101010111111000101111111010011001100111101100101111010100010110001110010000111010000110
101001011111001111000110000000110001101010100110110101101010111100000000110000101010111111000101111111010010101100111101100101111010100010110001110010000111010000110
101001011111001111000110000000110001101010100110110101101010111100000000110000101010111111000101100001000011001100111101100101111010100010110001110010000111010000110
101001011111001111000110000000110001101010100110110101101110011100000000110000101010111111000101111111010011001100111101100101111010100010110001110010000111010000110
101001011111001111000110000000110001101010100110110101101010101001010110110110101010111111000101111111010011001100111101100101111010100010110001110010000111010000110
101001011111001111000110000000110001101010100110110101101010111100000000110000101010111111101111110011110010101100111101100101111010100010110001110010000111010000110
101001011111001111000110000000110001101010100110110101101000011100000000110000101010111111000101111111010011001100111101100101111010100010110001110010000111010000110
101001011111001111000110000000110001101010100110110101101010110100000000110000101010111111000101111111010011001100111101100101111010100010110001110010000111010000110
101001011111001111000110000000110001101010100110110101101010100011101110110000101010111111000101111111010011001100111101100101111010100010110001110010000111010000110
101001011111001111000110000000110001101010100110110111010001011100000000110000101010111111000101111111010011001100111101100101111010100010110001110010000111010000110
101001011111001111000110000000110001101010100110110101101010111100000000110000101010111111000101111111001111101100111101100101111010100010110001110010000111010000110
101001011111001111000110000000110001101010100110110101101010111110101111110000101010111111000101111111010011001100111101100101111010100010110001110010000111010000110
101001011111001111000110000000110001101010100110110101101010111100000000110000101010111111000101111111000001010001111101100101111010100010110001110010000111010000110
101001011111001111000110000000110001101010100110110101101010111100000000110000101010111111000101111111010010000100111101100101111010100010110001110010000111010000110
101001011111001111000110000000110001101010100110110101101010111100000000110000101010111111000101111111010010001100111101100101111010100010110001110010000111010000110
101001011111001111000110000000110001101010100110110101101010111101100000110000101010111111000101111111010011001100111101100101111010100010110001110010000111010000110
101001011111001111000110000000110001101010100110110101101010111100000000110000101010111111000101111111001010111101110101100101111010100010110001110010000111010000110
101001011111001111000110000000110001101010100110110101101010111100000000110000101010111111000101111100001011001100111101100101111010100010110001110010000111010000110
101001011111001111000110000000110001101010100110110101101010111100000000110000101010111111000101101011110011001100111101100101111010100010110001110010000111010000110
101001011111001111000110000000110001101010100110110101101010111100110100110000101010111111000101111111010011001100111101100101111010100010110001110010000111010000110
101001011111001111000110000000110001101010100110110101100100111100000000110000101010111111000101111111010011001100111101100101111010100010110001110010000111010000110
101001011111001111000110000000110001101010100110110101101010111100101110110000101010111111000101111111010011001100111101100101111010100010110001110010000111010000110
101001011111001111000110000000110001101010100110110101101010111100000000110000101010111111000110101111010011001100111101100101111010100010110001110010000111010000110
