111011011001111010000111100101000010100011001011000011000100001101010101110010110110100001011001111100000101110100011111011110100110111111101110100010110110110000001
111001010101111000111100101000010100011001011000011000100001101010101110010110110100001011001111100000101110100011111011110100110111111101110100010110110110000001100
111011011001111010110000111100101000010100011001011000011000100001101010110010110110100001011001111100000101110100011111011110100110111111101110100010110110110000001
111011011001111010110000111100101000010100011001011000011000100001101010101110010110100001011001111100000101110100011111011110100110111111101110100010110110110000001
111000000001011111000111100101000010100011001011000011000100001101010101110010110110100001011001111100000101110100011111011110100110111111101110100010110110110000001
111001010101111000111100101000010100011001011000011000100001101011100110010110110100001011001111100000101110100011111011110100110111111101110100010110110110000001100
111011100000011010110111100101000010100011001011000011000100001101010101110010110110100001011001111100000101110100011111011110100110111111101110100010110110110000001
111011100000011010100111100101000010100011001011000011000100001101010101110010110110100001011001111100000101110100011111011110100110111111101110100010110110110000001
111011100000011010110000111100101000010100011001011000011000100001101010110010110110100001011001111100000101110100011111011110100110111111101110100010110110110000001
111011011001111010000111100101000010100011001011000011000100001101011100110010110110100001011001111100000101110100011111011110100110111111101110100010110110110000001
111100111010000111000111100101000010100011001011000011000100001101010101110010110110100001011001111100000101110100011111011110100110111111101110100010110110110000001
111011100000011010110000111100101000010100011001011000011000100001101010101110010110100001011001111100000101110100011111011110100110111111101110100010110110110000001
111010100101101001000111100101000010100011001011000011000100001101010101110010110110100001011001111100000101110100011111011110100110111111101110100010110110110000001
111011011001111010000111100101000010100011001011000011000100001101010110010110110100001011001111100000101110100011111011110100110111111101110100010110110110000001100
111101000110010100111100101000010100011001011000011000100001101010101110010110110100001011001111100000101110100011111011110100110111111101110100010110110110000001100
111000001111100101011111100101000010100011001011000011000100001101010101110010110110100001011001111100000101110100011111011110100110111111101110100010110110110000001
111011100111010000111100101000010100011001011000011000100001101010101110010110110100001011001111100000101110100011111011110100110111111101110100010110110110000001100
111110000011010101111000111100101000010100011001011000011000100001101010110010110110100001011001111100000101110100011111011110100110111111101110100010110110110000001
111110000011010101111000111100101000010100011001011000011000100001101010101110010110100001011001111100000101110100011111011110100110111111101110100010110110110000001
111011011001111010110111100101000010100011001011000011000100001101010101110010110110100001011001111100000101110100011111011110100110111111101110100010110110110000001
111011011001111010000111100101000010100011001011000011000100001101010101110010110100001011001111100000101110100011111011110100110111111101110100010110110110000001100
010111001010101111000111100101000010100011001011000011000100001101010101110010110110100001011001111100000101110100011111011110100110111111101110100010110110110000001
111000000001011111000111100101000010100011001011000011000100001101011100110010110110100001011001111100000101110100011111011110100110111111101110100010110110110000001
111101000110010100111110111100101000010100011001011000011000100001101010110010110110100001011001111100000101110100011111011110100110111111101110100010110110110000001
111001011111100101011111100101000010100011001011000011000100001101010101110010110110100001011001111100000101110100011111011110100110111111101110100010110110110000001
111101000110010100111110111100101000010100011001011000011000100001101010101110010110100001011001111100000101110100011111011110100110111111101110100010110110110000001
111000000001011111000111100101000010100011001011000011000100001101010110010110110100001011001111100000101110100011111011110100110111111101110100010110110110000001100
111101011010011100111000111100101000010100011001011000011000100001101010101110010110100001011001111100000101110100011111011110100110111111101110100010110110110000001
111000001111100101011101111100101000010100011001011000011000100001101010101110010110100001011001111100000101110100011111011110100110111111101110100010110110110000001
111110010000001011111000111100101000010100011001011000011000100001101010101110010110100001011001111100000101110100011111011110100110111111101110100010110110110000001
111001011010011100111000111100101000010100011001011000011000100001101010101110010110100001011001111100000101110100011111011110100110111111101110100010110110110000001
111011011001111010110000111100101000010100011001011000011000100001101010101101101011010110010001001100000101110100011111011110100110111111101110100010110110110000001
