010101000000010010010111101100000010000100011000001100011000001110100110100100010011100101010010100101111111100010010110000001010100101110010000001000111001010100100
010101000000010010010111101100000010000100011000001100011000001110100110100100010011100101111111100101111111100010010110000001010100101110010000001000111001010100100
010101000000010010010111101100000010000100011000001100011000001110100110100100010011100101100010100101111111100010010110000001010100101110010000001000111001010100100
010101000000010010010111101100000010000100011000001100011000001110100110100100010011100101111011100101111111100010010110000001010100101110010000001000111001010100100
010101000000010010010111101100000010000100011000001100011000001110100110100100010011000101010010100101111111100010010110000001010100101110010000001000111001010100100
010101000000010010010111101100000010000100011000001100011000001110100110100100010011100101100011100101111111100010010110000001010100101110010000001000111001010100100
010101000000010010010111101100000010000100011000001100011000001110100110100100010011100100000111100101111111100010010110000001010100101110010000001000111001010100100
010101000000010010010111101100000010000100011000001100011000001110100110100100010011100101100010010101111111100010010110000001010100101110010000001000111001010100100
010101000000010010010111101100000010000100011000001100011000001110100110100100010011100110011111100101111111100010010110000001010100101110010000001000111001010100100
010101000000010010010111101100000010000100011000001100011000001110100110100100010001001110001001100101111111100010010110000001010100101110010000001000111001010100100
010101000000010010010111101100000010000100011000001100011000001110100110100100010011110011111111100101111111100010010110000001010100101110010000001000111001010100100
010101000000010010010111101100000010000100011000001100011000001110100110100100010011100111001010100101111111100010010110000001010100101110010000001000111001010100100
010101000000010010010111101100000010000100011000001100011000001110100110100100010001101001000010100101111111100010010110000001010100101110010000001000111001010100100
010101000000010010010111101100000010000100011000001100011000001110100110100100010001011010111111100101111111100010010110000001010100101110010000001000111001010100100
010101000000010010010111101100000010000100011000001100011000001110100110100100010011100101010100111101111111100010010110000001010100101110010000001000111001010100100
010101000000010010010111101100000010000100011000001100011000001110100110100100010011100101100010010001111111100010010110000001010100101110010000001000111001010100100
010101000000010010010111101100000010000100011000001100011000001110100110100100010011100100000100100101111111100010010110000001010100101110010000001000111001010100100
010101000000010010010111101100000010000100011000001100011000001110010101011001100101011111101111000101111111100010010110000001010100101110010000001000111001010100100
010101000000010010010111101100000010000100011000001100011000001110100110100100010001001001000010100101111111100010010110000001010100101110010000001000111001010100100
010101000000010010010111101100000010000100011000001100011000001110010101011001100010001101000111100101111111100010010110000001010100101110010000001000111001010100100
010101000000010010010111101100000010000100011000001100011000001110100110100100010011100101010010100101111111100010010110000001010100101110010000000010101001010100100
010101000000010010010111101100000010000100011000001100011000001110100110100100010011100101010010100101111111100010010110000001010100101110010001001000111001010100100
010101000000010010010111101100000010000100011000001100011000001110100110100100010011110110101100011100101111111100010010110000001010100101110010000000111001010100100
010101000000010010010111101100000010000100011000001100011000001110100110100100010011100101100010010110001111100010010110000001010100101110010000001000111001010100100
010101000000010010010111101100000010000100011000001100011000001110100110100100010011100100000100001110010010100010010110000001010100101110010000001000111001010100100
010101000000010010010111101100000010000100011000001100011000001110100110100100010011100101111111100101111111100010010110000001010100101110010001001000111001010100100
010101000000010010010111101100000010000100011000001100011000001110100110100100010001110000110011110010001111100010010110000001010100101110010000001000111001010100100
010101000000010010010111101100000010000100011000001100011000001110100110100100010101011010111111100101111111100010010110000001010100101110010000001000111001010100100
010101000000010010010111101100000010000100011000001100011000001110100110100100010011100101111111100101111111100010010110000001010100101110010000000010101001010100100
010101000000010010010111101100000010000100011000001100011000001110100110100100010011100101010010100101111111100010010110000001010100101110010000001000111001010100010
010101000000010010010111101100000010000100011000001100011000001110100110100100010011100101010010100101111111100010010110000001010100101110010010110010111010111111001
010101000000010010010111101100000010000100011000001100011000001110100110100100010011100101111111100101111111100010010110000001010100101110010000001000111001010100010
