101010100000100010000011011101110111011001100111011100000101110100011100100100000100110110001011110001111010010001111010011011010000111110101111101011101000011011100
101010100000100010000011011101000110111001100111011100000101110100011100100100000100110110001011110001111010010001111010011011010000111110101111101011101000011011100
101010100000100010000010111001110111011001100111011100000101110100011100100100000100110110001011110001111010010001111010011011010000111110101111101011101000011011100
101010100000100010000011001000100100111001100111011100000101110100011100100100000100110110001011110001111010010001111010011011010000111110101111101011101000011011100
101010100000100010000011110101110111011001100111011100000101110100011100100100000100110110001011110001111010010001111010011011010000111110101111101011101000011011100
110000100110111101101101101000100100111001100111011100000101110100011100100100000100110110001011110001111010010001111010011011010000111110101111101011101000011011100
101010101110111011010010001101110111011001100111011100000101110100011100100100000100110110001011110001111010010001111010011011010000111110101111101011101000011011100
101010100000100010000011011001110111011001100111011100000101110100011100100100000100110110001011110001111010010001111010011011010000111110101111101011101000011011100
110000100110111101101101111101110111011001100111011100000101110100011100100100000100110110001011110001111010010001111010011011010000111110101111101011101000011011100
101010100000100010000011101101110111011001100111011100000101110100011100100100000100110110001011110001111010010001111010011011010000111110101111101011101000011011100
110000100110111101101101111001110111011001100111011100000101110100011100100100000100110110001011110001111010010001111010011011010000111110101111101011101000011011100
101010100000100010000011001001110111011001100111011100000101110100011100100100000100110110001011110001111010010001111010011011010000111110101111101011101000011011100
110000100110111101101101111101000110111001100111011100000101110100011100100100000100110110001011110001111010010001111010011011010000111110101111101011101000011011100
110000100110111101101101110101110111011001100111011100000101110100011100100100000100110110001011110001111010010001111010011011010000111110101111101011101000011011100
110000100110111101101101110001110111011001100111011100000101110100011100100100000100110110001011110001111010010001111010011011010000111110101111101011101000011011100
110000100110111101101111110101110111011001100111011100000101110100011100100100000100110110001011110001111010010001111010011011010000111110101111101011101000011011100
110000100110111101101100010101110111011001100111011100000101110100011100100100000100110110001011110001111010010001111010011011010000111110101111101011101000011011100
110000100110111101101101110100000100111001100111011100000101110100011100100100000100110110001011110001111010010001111010011011010000111110101111101011101000011011100
110000100110111101101110100001110111011001100111011100000101110100011100100100000100110110001011110001111010010001111010011011010000111110101111101011101000011011100
110000100110111101101100011001110111011001100111011100000101110100011100100100000100110110001011110001111010010001111010011011010000111110101111101011101000011011100
101010100000100010000011010101110111011001100111011100000101110100011100100100000100110110001011110001111010010001111010011011010000111110101111101011101000011011100
101010100000100010000011010001110111011001100111011100000101110100011100100100000100110110001011110001111010010001111010011011010000111110101111101011101000011011100
110000100110111101101101001101110111011001100111011100000101110100011100100100000100110110001011110001111010010001111010011011010000111110101111101011101000011011100
101010100000100010000011000101110111011001100111011100000101110100011100100100000100110110001011110001111010010001111010011011010000111110101111101011101000011011100
101010101110111011010011010101110111011001100111011100000101110100011100100100000100110110001011110001111010010001111010011011010000111110101111101011101000011011100
101010100000100010000011101001110111011001100111011100000101110100011100100100000100110110001011110001111010010001111010011011010000111110101111101011101000011011100
101010100000100010000000001000100100111001100111011100000101110100011100100100000100110110001011110001111010010001111010011011010000111110101111101011101000011011100
101010100011110000011101011101110111011001100111011100000101110100011100100100000100110110001011110001111010010001111010011011010000111110101111101011101000011011100
110000100110111101101101111101000100111001100111011100000101110100011100100100000100110110001011110001111010010001111010011011010000111110101111101011101000011011100
101010100000100010000001010101110111011001100111011100000101110100011100100100000100110110001011110001111010010001111010011011010000111110101111101011101000011011100
101010100011110101111001011001110111011001100111011100000101110100011100100100000100110110001011110001111010010001111010011011010000111110101111101011101000011011100
110000100110111101101110101000100100111001100111011100000101110100011100100100000100110110001011110001111010010001111010011011010000111110101111101011101000011011100
