111001100011001111100101011001001011010101001010011101001000001110010111011111110111100000101111111101101100001000000010000000111101011011100000110011101011111010100
111001100011001111100101011001001011010101001010011111001000001110010111011111110111100000101111111101101100001000000010000000111101011011100000110011101011111010100
111001100011001111100101011001001011010100110001110011001000001110010111011111110111100000101111111101101100001000000010000000111101011011100000110011101011111010100
111001100011001111100101011001001011010101000000100111001000001110010111011111110111100000101111111101101100001000000010000000111101011011100000110011101011111010100
111001100011001111100101011001001011010101000000100000001000001110010111011111110111100000101111111101101100001000000010000000111101011011100000110011101011111010100
111001100011001111100101011001001011010101000000100000001001001110010111011111110111100000101111111101101100001000000010000000111101011011100000110011101011111010100
111001100011001111100101011001001011010100110111101010001000001110010111011111110111100000101111111101101100001000000010000000111101011011100000110011101011111010100
111001100011001111100101011001001011010110000100010101011100001110010111011111110111100000101111111101101100001000000010000000111101011011100000110011101011111010100
111001100011001111100101011001001001001111001010011101001000001110010111011111110111100000101111111101101100001000000010000000111101011011100000110011101011111010100
111001100011001111100101011001001011010110000100000001001000001110010111011111110111100000101111111101101100001000000010000000111101011011100000110011101011111010100
111001100011001111100101011001001011010100110111101010011100001110010111011111110111100000101111111101101100001000000010000000111101011011100000110011101011111010100
111001100011001111100101011001001011010101001010011101001000001110010111011111110111100000101111111110011010001000000010000000111101011011100000110011101011111010100
111001100011001111100101011001001011010101001010011111001000001110010111011111110111100000101111111110011010001000000010000000111101011011100000110011101011111010100
111001100011001111100101011001001011010100110001100011001000001110010111011111110111100000101111111101101100001000000010000000111101011011100000110011101011111010100
111001100011001111100101011001001011010101000000111001111000001110010111011111110111100000101111111101101100001000000010000000111101011011100000110011101011111010100
111001100011001111100101011001001011010110000100010110001001001110010111011111110111100000101111111101101100001000000010000000111101011011100000110011101011111010100
111001100011001111100101011001001011010111001010011101001000001110010111011111110111100000101111111101101100001000000010000000111101011011100000110011101011111010100
111001100011001111100101011001001011010100110001100011001101001110010111011111110111100000101111111101101100001000000010000000111101011011100000110011101011111010100
111001100011001111100101011001001011010100110001110011001000001110010111011111110111100000101111111110011010001000000010000000111101011011100000110011101011111010100
111001100011001111100101011001001011010100101111001100101100001110010111011111110111100000101111111101101100001000000010000000111101011011100000110011101011111010100
111001100011001111100101011001001011010101000000100111010100001110010111011111110111100000101111111101101100001000000010000000111101011011100000110011101011111010100
111001100011001111100101011001001011010110000100010100001000001110010111011111110111100000101111111101101100001000000010000000111101011011100000110011101011111010100
111001100011001111100101011001001011010110000100010001001000001110010111011111110111100000101111111101101100001000000010000000111101011011100000110011101011111010100
111001100011001111100101011001001011010100001010011101001000001110010111011111110111100000101111111101101100001000000010000000111101011011100000110011101011111010100
111001100011001111100101011001001011010110000100010101001000001110010111011111110111100000101111111101101100001000000010000000111101011011100000110011101011111010100
111001100011001111100101011001001011010101000000100111001000001110010111011111110111100000101111111110011010001000000010000000111101011011100000110011101011111010100
111001100011001111100101011001001011010100110111101000101000001110010111011111110111100000101111111101101100001000000010000000111101011011100000110011101011111010100
111001100011001111111110100000010000111111001010011101001000001110010111011111110111100000101111111101101100001000000010000000111101011011100000110011101011111010100
111001100011001111100101011001001011010110000100010111101000001110010111011111110111100000101111111101101100001000000010000000111101011011100000110011101011111010100
111001100011001111100101011001001011010101000000100000001000001110010111011111110111100000101111111110011010001000000010000000111101011011100000110011101011111010100
100000001010101101110010011101101001001100110001110011001000001110010111011111110111100000101111111101101100001000000010000000111101011011100000110011101011111010100
111001111011100101011000010101110010100111001010011101001000001110010111011111110111100000101111111101101100001000000010000000111101011011100000110011101011111010100
