011000111011000111000000111101101101101010010011000011011110101101010000100011011010010001110011000000101110111111110100000001110011110100111101110111010001101000100
001001011111000010000000111101101101101010010011000011011110101101010000100011011010010001110011000000101110111111110100000001110011110100111101110111010001101000100
000001111011000111000000111101101101101010010011000011011110101101010000100011011010010001110011000000101110111111110100000001110011110100111101110111010001101000100
011100010001001011000000111101101101101010010011000011011110101101010000100011011010010001110011000000101110111111110100000001110011110100111101110111010001101000100
011111110001000111000000111101101101101010010011000011011110101101010000100011011010010001110011000000101110111111110100000001110011110100111101110111010001101000100
010010110101110111000000111101101101101010010011000011011110101101010000100011011010010001110011000000101110111111110100000001110011110100111101110111010001101000100
011000001001000111000000111101101101101010010011000011011110101101010000100011011010010001110011000000101110111111110100000001110011110100111101110111010001101000100
100001001011111000010000111101101101101010010011000011011110101101010000100011011010010001110011000000101110111111110100000001110011110100111101110111010001101000100
011000111001010111000000111101101101101010010011000011011110101101010000100011011010010001110011000000101110111111110100000001110011110100111101110111010001101000100
000001001011111000010000111101101101101010010011000011011110101101010000100011011010010001110011000000101110111111110100000001110011110100111101110111010001101000100
000100011001100100110000111101101101101010010011000011011110101101010000100011011010010001110011000000101110111111110100000001110011110100111101110111010001101000100
100001111011000111000000111101101101101010010011000011011110101101010000100011011010010001110011000000101110111111110100000001110011110100111101110111010001101000100
000001100100010000111000111101101101101010010011000011011110101101010000100011011010010001110011000000101110111111110100000001110011110100111101110111010001101000100
011111110010000111000000111101101101101010010011000011011110101101010000100011011010010001110011000000101110111111110100000001110011110100111101110111010001101000100
011000111001001011100000111101101101101010010011000011011110101101010000100011011010010001110011000000101110111111110100000001110011110100111101110111010001101000100
001010010001001011000000111101101101101010010011000011011110101101010000100011011010010001110011000000101110111111110100000001110011110100111101110111010001101000100
001001001011111000010000111101101101101010010011000011011110101101010000100011011010010001110011000000101110111111110100000001110011110100111101110111010001101000100
110110011111000010000000111101101101101010010011000011011110101101010000100011011010010001110011000000101110111111110100000001110011110100111101110111010001101000100
110111100100010000111000111101101101101010010011000011011110101101010000100011011010010001110011000000101110111111110100000001110011110100111101110111010001101000100
001001011111000010000111101101101101010010011000011011110101101010000100011011011010010001110011000000101110111111110100000001110011110100111101110111010001101000100
101110111011000111000000111101101101101010010011000011011110101101010000100011011010010001110011000000101110111111110100000001110011110100111101110111010001101000100
011000100010000111000000111101101101101010010011000011011110101101010000100011011010010001110011000000101110111111110100000001110011110100111101110111010001101000100
110111011000111000000111101101101101010010011000011011110101101010000100011011011010010001110011000000101110111111110100000001110011110100111101110111010001101000100
101101010001001011000000111101101101101010010011000011011110101101010000100011011010010001110011000000101110111111110100000001110011110100111101110111010001101000100
000001101110100011010000111101101101101010010011000011011110101101010000100011011010010001110011000000101110111111110100000001110011110100111101110111010001101000100
111000111011000111000000111101101101101010010011000011011110101101010000100011011010010001110011000000101110111111110100000001110011110100111101110111010001101000100
011101010001001011000000111101101101101010010011000011011110101101010000100011011010010001110011000000101110111111110100000001110011110100111101110111010001101000100
010010110011111000010000111101101101101010010011000011011110101101010000100011011010010001110011000000101110111111110100000001110011110100111101110111010001101000100
001001011101010010010000111101101101101010010011000011011110101101010000100011011010010001110011000000101110111111110100000001110011110100111101110111010001101000100
111000001001000111000000111101101101101010010011000011011110101101010000100011011010010001110011000000101110111111110100000001110011110100111101110111010001101000100
010101010001001011000000111101101101101010010011000011011110101101010000100011011010010001110011000000101110111111110100000001110011110100111101110111010001101000100
011110110011111000010000111101101101101010010011000011011110101101010000100011011010010001110011000000101110111111110100000001110011110100111101110111010001101000100
