100011010010110010011100101000000100100111110110001001000100100001001000101000100100111011000001010100111011011011101010100011001111000111111000101100100010100100000
100011010010110010011100101000000100100111110110001001000100100001001000101000100100111011000001010100111011011011101010100011001111000111111000101100100010111011000
100011010010110010011100101000000100100111110110001001000100100001001000101000100100111011000001010100111011011011101010100011001111000111111000101100100000001101000
100011010010110010011100101000000100100111110110001001000100100001001000101000100100111011000001010100111011011011101010100011001111000111111000101100100001000101000
100011010010110010011100101000000100100111110110001001000100100001001000101000100100111011000001010100111011011011101010100011001111000111111000101100111011010101000
100011010010110010011100101000000100100111110110001001000100100001001000101000100100111011000001010100111011011011101010100011001111000111111000101100111011011101000
100011010010110010011100101000000100100111110110001001000100100001001000101000100100111011000001010100111011011011101010100011001111000111111000101111100100111011000
100011010010110010011100101000000100100111110110001001000100100001001000101000100100111011000001010100111011011011101010100011001111000111111000101100100001011011000
100011010010110010011100101000000100100111110110001001000100100001001000101000100100111011000001010100111011011011101010100011001111000111111000101101010000001101000
100011010010110010011100101000000100100111110110001001000100100001001000101000100100111011000001010100111011011011101010100011001111000111100100001001010110001101000
100011010010110010011100101000000100100111110110001001000100100001001000101000100100111011000001010100111011011011101010100011001111000111111000101111100110001101000
100011010010110010011100101000000100100111110110001001000100100001001000101000100100111011000001010100111011011011011101010100011001111000111111000101100100010111000
100011010010110010011100101000000100100111110110001001000100100001001000101000100100111011000001010100111011011011101010100011001111000111111000101111100100100111000
100011010010110010011100101000000100100111110110001001000100100001001000101000100100111011000001010100111011011011101010100011001111000111111000101100111011001101000
100011010010110010011100101000000100100111110110001001000100100001001000101000100100111011000001010100111011011011101010100011001111000111111000101111100100100100000
100011010010110010011100101000000100100111110110001001000100100001001000101000100100111011000001010100111011011011101010100011001111000111111000101100111100011101000
100011010010110010011100101000000100100111110110001001000100100001001000101000100100111011000001010100111011011011101010100011001111000111111000101001111011010101000
100011010010110010011100101000000100100111110110001001000100100001001000101000100100111011000001010100111011011011101010100011001111000111111000101100100001110101000
100011010010110010011100101000000100100111110110001001000100100001001000101000100100111011000001010100111011011011101010100011001111000111111000101100100010001101000
100011010010110010011100101000000100100111110110001001000100100001001000101000100100111011000001010100111011011011101010100011001111000111111000101100000111110101000
100011010010110010011100101000000100100111110110001001000100100001001000101000100100111011000001010100111011011011101010100011001111000111111000101100110011011101000
100011010010110010011100101000000100100111110110001001000100100001001000101000100100111011000000001010100111011011011101010100011001111000111111000101100100010111000
100011010010110010011100101000000100100111110110001001000100100001001000101000100100111011000001010100111011011011101010100011001111000111111000101100000110001101000
100011010010110010011100101000000100100111110110001001000100100001001000101000100100111011000001010100111011011011101010100011001111000111111000101100111011010111100
100011010010110010011100101000000100100100111110110001001000100100001001000101000100100111011000001010100111011011011101010100011001111000111111000101100100010111000
100011010010110010011100101000000100100111110110001001000100100001001000101000100100111011000001010100111011011011011101010100011001111000111111000101100111000101000
100011010010110010011100101000000100100111110110001001000100100001001000101000100100111011000001010100111011011011101010100011001111000111111000101100100010100111000
100011010010110010011100101000000100100111110110001001000100100001001000101000100100111011000001010100111011011011101010100011001111000111111000101100100110001101000
100011010010110010011100101000000100100111110110001001000100100001001000101000100100111011000001010100111011011011101010100011001111000111111000101100101010101101000
100011010010110010011100101000000100100111110110001001000100100001001000101000100100111011000001010100111011011011101010100011001111000111111000101100100010100111100
100011010010110010011100101000000100100111110110001001000100100001001000101000101111110101000000001010100111011011011101010100011001111000111111000101100100010111000
100011010010110010011100101000000100100111110110001001000100100001001000101000100100111011000001010100111011011010101001010100011001111000111111000101100100010111000
