000000011010110100101011001011011010010001010011001001110000100111000000011100001010101100101000011001110110001111101100001010000111100101011111111101001001101011100
000000011010110100101011001011011010010001010011001001110000100111000000011100001010110011111000011001110110001111101100001010000111100101011111111101001001101011100
000000011010110100101011001011011010010001010011001001110000100111000000011100000000001001000111011001110110001111101100001010000111100101011111111101001001101011100
000000011010110100101011001011011010010001010011001001110000100111000000011100001010110000000111011001110110001111101100001010000111100101011111111101001001101011100
000000011010110100101011001011011010010001010011001001110000100111000000011100000100101101000111011001110110001111101100001010000111100101011111111101001001101011100
000000011010110100101011001011011010010001010011001001110000100111000000011100000100101100111000011001110110001111101100001010000111100101011111111101001001101011100
000000011010110100101011001011011010010001010011001001110000100111000000011100000000000100000111011001110110001111101100001010000111100101011111111101001001101011100
000000011010110100101011001011011010010001010011001001110000100111000000011100000100101100101000011001110110001111101100001010000111100101011111111101001001101011100
000000011010110100101011001011011010010001010011001001110000100111000000011100000010110011111000011001110110001111101100001010000111100101011111111101001001101011100
000000011010110100101011001011011010010001010011001001110000100111000000011100000100000100000111011001110110001111101100001010000111100101011111111101001001101011100
000000011010110100101011001011011010010001010011001001110000100111000000011100000000000110000111011001110110001111101100001010000111100101011111111101001001101011100
000000011010110100101011001011011010010001010011001001110000100111000000011100000101001100101000011001110110001111101100001010000111100101011111111101001001101011100
000000011010110100101011001011011010010001010011001001110000100111000000011100001010110011001111011001110110001111101100001010000111100101011111111101001001101011100
000000011010110100101011001011011010010001010011001001110000100111000000011100111001110000000111011001110110001111101100001010000111100101011111111101001001101011100
000000011010110100101011001011011010010001010011001001110000100111000000011100011100001001000111011001110110001111101100001010000111100101011111111101001001101011100
000000011010110100101011001011011010010001010011001001110000100111000000011100010111111100111000011001110110001111101100001010000111100101011111111101001001101011100
000000011010110100101011001011011010010001010011001001110000100111000000011100001010110011101000011001110110001111101100001010000111100101011111111101001001101011100
000000011010110100101011001011011010010001010011001001110000100111000000011100001010100100000111011001110110001111101100001010000111100101011111111101001001101011100
000000011010110100101011001011011010010001010011001001110000100111000000011100011001111001011000011001110110001111101100001010000111100101011111111101001001101011100
000000011010110100101011001011011010010001010011001001110000100111000000011100001010110010111000011001110110001111101100001010000111100101011111111101001001101011100
000000011010110100101011001011011010010001010011001001110000100111000000011100001101000110000111011001110110001111101100001010000111100101011111111101001001101011100
000000011010110100101011001011011010010001010011001001110000100111000000011100011101011101000111011001110110001111101100001010000111100101011111111101001001101011100
000000011010110100101011001011011010010001010011001001110000100111000000011100001010000110010111011001110110001111101100001010000111100101011111111101001001101011100
000000011010110100101011001011011010010001010011001001110000100111000000011100001010101111111000011001110110001111101100001010000111100101011111111101001001101011100
000000011010110100101011001011011010010001010011001001110000100111000000011100000101000100101000011001110110001111101100001010000111100101011111111101001001101011100
000000011010110100101011001011011010010001010011001001110000100111000000011100001010000110000111011001110110001111101100001010000111100101011111111101001001101011100
000000011010110100101011001011011010010001010011001001110000100001001101110111111010001100101000011001110110001111101100001010000111100101011111111101001001101011100
000000011010110100101011001011011010010001010011001001110000100111000000011100000000001010011000011001110110001111101100001010000111100101011111111101001001101011100
000000011010110100101011001011011010010001010011001001110000100001001101110111000100100110000111011001110110001111101100001010000111100101011111111101001001101011100
000000011010110100101011001011011010010001010011001001110000100111000000011100010011111100111000011001110110001111101100001010000111100101011111111101001001101011100
000000011010110100101011001011011010010001010011001001110000100111000000011111110101100110000111011001110110001111101100001010000111100101011111111101001001101011100
000000011010010110100101011001011011010010001010011001001110000100111000000011100001010110000111011001110110001111101100001010000111100101011111111101001001101011100
