011110000010101100000010101011001111111001000111100101101011100110101000101111000010000010111010000101001110010001101010011101111001110111110000001111001000010000110
011110000010101100000110001011001111111001000111100101101011100110101000101111000010000010111010000101001110010001101010011101111001110111110000001111001000010000110
011110000010101100000001010001001111111001000111100101101011100110101000101111000010000010111010000101001110010001101010011101111001110111110000001111001000010000110
011110000010101100000010101100101011111001000111100101101011100110101000101111000010000010111010000101001110010001101010011101111001110111110000001111001000010000110
011110000010101100000011000110001111111001000111100101101011100110101000101111000010000010111010000101001110010001101010011101111001110111110000001111001000010000110
011110000010101100000001111011001111111001000111100101101011100110101000101111000010000010111010000101001110010001101010011101111001110111110000001111001000010000110
011110000010101100000001010011100101111001000111100101101011100110101000101111000010000010111010000101001110010001101010011101111001110111110000001111001000010000110
011110000010101100101101000010001111111001000111100101101011100110101000101111000010000010111010000101001110010001101010011101111001110111110000001111001000010000110
011110000010101100000000000110001111111001000111100101101011100110101000101111000010000010111010000101001110010001101010011101111001110111110000001111001000010000110
011110000010101100000001000110001111111001000111100101101011100110101000101111000010000010111010000101001110010001101010011101111001110111110000001111001000010000110
011110000010101100101111100110000111111001000111100101101011100110101000101111000010000010111010000101001110010001101010011101111001110111110000001111001000010000110
011110000010101100101010101011001111111001000111100101101011100110101000101111000010000010111010000101001110010001101010011101111001110111110000001111001000010000110
011110000010101110010011000110001111111001000111100101101011100110101000101111000010000010111010000101001110010001101010011101111001110111110000001111001000010000110
011110000010101100000010110101010100111001000111100101101011100110101000101111000010000010111010000101001110010001101010011101111001110111110000001111001000010000110
011110000010101100110010101011001111111001000111100101101011100110101000101111000010000010111010000101001110010001101010011101111001110111110000001111001000010000110
011110000010101100101010101100101011111001000111100101101011100110101000101111000010000010111010000101001110010001101010011101111001110111110000001111001000010000110
011110000010101100000011001100101011111001000111100101101011100110101000101111000010000010111010000101001110010001101010011101111001110111110000001111001000010000110
011110000010101100101011000110001111111001000111100101101011100110101000101111000010000010111010000101001110010001101010011101111001110111110000001111001000010000110
011110000010101100000001101110001111111001000111100101101011100110101000101111000010000010111010000101001110010001101010011101111001110111110000001111001000010000110
011110000010101100000010100110001111111001000111100101101011100110101000101111000010000010111010000101001110010001101010011101111001110111110000001111001000010000110
011110000010101100101100100110001111111001000111100101101011100110101000101111000010000010111010000101001110010001101010011101111001110111110000001111001000010000110
011110000010101100101101010011100101111001000111100101101011100110101000101111000010000010111010000101001110010001101010011101111001110111110000001111001000010000110
011110000010101100000001111011010100111001000111100101101011100110101000101111000010000010111010000101001110010001101010011101111001110111110000001111001000010000110
011110000010101101010101010011100101111001000111100101101011100110101000101111000010000010111010000101001110010001101010011101111001110111110000001111001000010000110
011110000010101100000001010001011111111001000111100101101011100110101000101111000010000010111010000101001110010001101010011101111001110111110000001111001000010000110
011110000010101100000010101101010100111001000111100101101011100110101000101111000010000010111010000101001110010001101010011101111001110111110000001111001000010000110
011110000010101100101111100110001111111001000111100101101011100110101000101111000010000010111010000101001110010001101010011101111001110111110000001111001000010000110
011110000010101100000110001111111001000111100101101011100110101000101111000010000010111010000101001110010001101010011101100101111001110111110000001111001000010000110
011110000010101100000010101011001111111001000111100101101011100110101000101111000010000010111010000101001110010001101010011101111001110111110000001111001000010000100
011110000010101100000001010001011110010000100100011101101011100110101000101111000010000010111010000101001110010001101010011101111001110111110000001111001000010000110
011110000010101100000001010001011001111111001000111100101101011100110101000101111000010000010111010000101001110010001101010011101111001110111110000001111001000010000
011110000010101100000000110001111111001000111100101101011100110101000101111000010000010111010000101001110010001101001010011101111001110111110000001111001000010000110
