010010110100100000001101110110011111101010001011111011100110000010001101101010110111101110101011001010111010111001011000001011001100101010001110100110011101111111000
101010110100100000001101110110011111101010001011111011100110000010001101101010110111101110101011001010111010111001011000001011001100101010001110100110011101111111000
001111010100100000001101110110011111101010001011111011100110000010001101101010110111101110101011001010111010111001011000001011001100101010001110100110011101111111000
100001001001010110001101110110011111101010001011111011100110000010001101101010110111101110101011001010111010111001011000001011001100101010001110100110011101111111000
101001010010110100100000001100101001101010001011111011100110000010001101101010110111101110101011001010111010111001011000001011001100101010001110100110011101111111000
101010010110100100000001101110110011101010001011111011100110000010001101101010110111101110101011001010111010111001011000001011001100101010001110100110011101111111000
101101100101011000010011110001111011101010001011111011100110000010001101101010110111101110101011001010111010111001011000001011001100101010001110100110011101111111000
101001010010110100100000001101111101110110101011111011100110000010001101101010110111101110101011001010111010111001011000001011001100101010001110100110011101111111000
111111110100000000001101110110011111101010001011111011100110000010001101101010110111101110101011001010111010111001011000001011001100101010001110100110011101111111000
110000100011110001100101110110011111101010001011111011100110000010001101101010110111101110101011001010111010111001011000001011001100101010001110100110011101111111000
101100101011000010011000011111111011101010001011111011100110000010001101101010110111101110101011001010111010111001011000001011001100101010001110100110011101111111000
101010010110100100000001101111101110101010001011111011100110000010001101101010110111101110101011001010111010111001011000001011001100101010001110100110011101111111000
101010010110100100000001110001111011101010001011111011100110000010001101101010110111101110101011001010111010111001011000001011001100101010001110100110011101111111000
110000100011000111111101111000011111101010001011111011100110000010001101101010110111101110101011001010111010111001011000001011001100101010001110100110011101111111000
101001010010110100100000001110011111101010001011111011100110000010001101101010110111101110101011001010111010111001011000001011001100101010001110100110011101111111000
101010010110100100000001100101010001101010001011111011100110000010001101101010110111101110101011001010111010111001011000001011001100101010001110100110011101111111000
101010110110001100101101110110011111101010001011111011100110000010001101101010110111101110101011001010111010111001011000001011001100101010001110100110011101111111000
101010100101011001110101110110011111101010001011111011100110000010001101101010110111101110101011001010111010111001011000001011001100101010001110100110011101111111000
010010110100100000001101110001111011101010001011111011100110000010001101101010110111101110101011001010111010111001011000001011001100101010001110100110011101111111000
101001010010110100100000001101110010101010001011111011100110000010001101101010110111101110101011001010111010111001011000001011001100101010001110100110011101111111000
101010110100000000001101110110011111101010001011111011100110000010001101101010110111101110101011001010111010111001011000001011001100101010001110100110011101111111000
110000100011110001100101110001111011101010001011111011100110000010001101101010110111101110101011001010111010111001011000001011001100101010001110100110011101111111000
110000100011000110001101110110011111101010001011111011100110000010001101101010110111101110101011001010111010111001011000001011001100101010001110100110011101111111000
101001010000111011101101110110011111101010001011111011100110000010001101101010110111101110101011001010111010111001011000001011001100101010001110100110011101111111000
101100101011000010101101110110011111101010001011111011100110000010001101101010110111101110101011001010111010111001011000001011001100101010001110100110011101111111000
111111110100100000001101110110011111101010001011111011100110000010001101101010110111101110101011001010111010111001011000001011001100101010001110100110011101111111000
101010110100101110001011010001111011101010001011111011100110000010001101101010110111101110101011001010111010111001011000001011001100101010001110100110011101111111000
101010110110110001100101110110011111101010001011111011100110000010001101101010110111101110101011001010111010111001011000001011001100101010001110100110011101111111000
110000100011000111011101111000011111101010001011111011100110000010001101101010110111101110101011001010111010111001011000001011001100101010001110100110011101111111000
110000100010000111011101111000011111101010001011111011100110000010001101101010110111101110101011001010111010111001011000001011001100101010001110100110011101111111000
101101100101011000010011000011111011101010001011111011100110000010001101101010110111101110101011001010111010111001011000001011001100101010001110100110011101111111000
110000100011111100110110100110011111101010001011111011100110000010001101101010110111101110101011001010111010111001011000001011001100101010001110100110011101111111000
