100110001100111010001101000101001111001000111010111000111001000010010010100100000110101111110100100111100011100111011100010010110010111000001100011111010010010001000
000110001100111010001101000101001111001000111010111000111001000010010010100100000110101111110100100111100011100111011100010010110010111000001100011111010010010001000
010101110001001111010001101000101001111001000111010111000111001000010010010100100000110101111110100100111100011100111011100010010110010111000001100011111010010001000
000000111001011010001101000101001111001000111010111000111001000010010010100100000110101111110100100111100011100111011100010010110010111000001100011111010010010001000
010101110001100111010001101000101001111001000111010111000111001000010010010100100000110101111110100100111100011100111011100010010110010111000001100011111010010001000
000010001100111010001101000101001111001000111010111000111001000010010010100100000110101111110100100111100011100111011100010010110010111000001100011111010010010001000
100110001100111000001101000101001111001000111010111000111001000010010010100100000110101111110100100111100011100111011100010010110010111000001100011111010010010001000
010101110001011010001101000101001111001000111010111000111001000010010010100100000110101111110100100111100011100111011100010010110010111000001100011111010010010001000
000000100010011010001101000101001111001000111010111000111001000010010010100100000110101111110100100111100011100111011100010010110010111000001100011111010010010001000
100110001100111010001101000101001111001000111010111000111111001000010010010100100000110101111110100100111100011100111011100010010110010111000001100011111010010001000
000011011101011010001101000101001111001000111010111000111001000010010010100100000110101111110100100111100011100111011100010010110010111000001100011111010010010001000
011001001100111010001101000101001111001000111010111000111001000010010010100100000110101111110100100111100011100111011100010010110010111000001100011111010010010001000
000101000010110011001101000101001111001000111010111000111001000010010010100100000110101111110100100111100011100111011100010010110010111000001100011111010010010001000
000110100100000111010001101000101001111001000111010111000111001000010010010100100000110101111110100100111100011100111011100010010110010111000001100011111010010001000
101010101100111010001101000101001111001000111010111000111001000010010010100100000110101111110100100111100011100111011100010010110010111000001100011111010010010001000
000110001100111000001101000101001111001000111010111000111001000010010010100100000110101111110100100111100011100111011100010010110010111000001100011111010010010001000
000000010001100111010001101000101001111001000111010111000111001000010010010100100000110101111110100100111100011100111011100010010110010111000001100011111010010001000
100110001100111010001101000101001111001000111010111000111001000010010010100100000110101111110100100111100011111100111011100010010110010111000001100011111010010001000
001010001100111010001101000101001111001000111010111000111001000010010010100100000110101111110100100111100011100111011100010010110010111000001100011111010010010001000
100110001100111010001101000101001111001000111010111000111100100010010010100100000110101111110100100111100011100111011100010010110010111000001100011111010010010001000
000101000010110011010001101000101001111001000111010111000111001000010010010100100000110101111110100100111100011100111011100010010110010111000001100011111010010001000
101100110001100111010001101000101001111001000111010111000111001000010010010100100000110101111110100100111100011100111011100010010110010111000001100011111010010001000
000000100010011011010001101000101001111001000111010111000111001000010010010100100000110101111110100100111100011100111011100010010110010111000001100011111010010001000
000101000010110000000001101000101001111001000111010111000111001000010010010100100000110101111110100100111100011100111011100010010110010111000001100011111010010001000
000101000010111010001101000101001111001000111010111000111001000010010010100100000110101111110100100111100011100111011100010010110010111000001100011111010010010001000
011001010001100111010001101000101001111001000111010111000111001000010010010100100000110101111110100100111100011100111011100010010110010111000001100011111010010001000
000100010011011010001101000101001111001000111010111000111001000010010010100100000110101111110100100111100011100111011100010010110010111000001100011111010010010001000
100110001100111010001101000101001111001000111010111001111001000010010010100100000110101111110100100111100011100111011100010010110010111000001100011111010010010001000
100110001100111010010001101000101001111001000111010111000111001000010010010100100000110101111110100100111100011100111011100010010110010111000001100011111010010001000
010101110001001101001101000101001111001000111010111000111001000010010010100100000110101111110100100111100011100111011100010010110010111000001100011111010010010001000
000110100110111010001101000101001111001000111010111000111001000010010010100100000110101111110100100111100011100111011100010010110010111000001100011111010010010001000
000110001100111010001101000101001111001000111010111000111111001000010010010100100000110101111110100100111100011100111011100010010110010111000001100011111010010001000
