100111010100011111110100010011011001110100001000010001011001001100011010000000011000100011011001101011011010101001000000111100011001001100010101100100101100011110100
100111001000011111110100010011011001110100001000010001011001001100011010000000011000100011011001101011011010101001000000111100011001001100010101100100101100011110100
100111010100011111110100010011011001110100001000010001011001001100011010000000011000100011011001101011011010101001000000111100011001001100010101100100101111010000101
100111010100101111110100010011011001110100001000010001011001001100011010000000011000100011011001101011011010101001000000111100011001001100010101100100101100011110100
100010010000101111110100010011011001110100001000010001011001001100011010000000011000100011011001101011011010101001000000111100011001001100010101100100101100011110100
100111010100001011110100010011011001110100001000010001011001001100011010000000011000100011011001101011011010101001000000111100011001001100010101100100101100011110100
100111010100011111110100010011011001110100001000010001011001001100011010000000011000100011011001101011011010101001000000111100011001001100010101100100111100011110100
100111010100001111110100010011011001110100001000010001011001001100011010000000011000100011011001101011011010101001000000111100011001001100010101100100101100011110100
100111010111101111110100010011011001110100001000010001011001001100011010000000011000100011011001101011011010101001000000111100011001001100010101100100101100011110100
100111010111011111110100010011011001110100001000010001011001001100011010000000011000100011011001101011011010101001000000111100011001001100010101100100101100011110100
100111010100011111110100010011011001110100001000010001011001001100011010000000011000100011011001101011011010101001000000111100011001001100010101100100101011000000101
100111010100011111110100010011011001110100001000010001011001001100011010000000011000100011011001101011011010101001000000111100011001001100010101100100100011000000101
100111001011101111110100010011011001110100001000010001011001001100011010000000011000100011011001101011011010101001000000111100011001001100010101100100101100011110100
000011110100011111110100010011011001110100001000010001011001001100011010000000011000100011011001101011011010101001000000111100011001001100010101100100101100011110100
100111010110101111110100010011011001110100001000010001011001001100011010000000011000100011011001101011011010101001000000111100011001001100010101100100101100011110100
100111010101011111110100010011011001110100001000010001011001001100011010000000011000100011011001101011011010101001000000111100011001001100010101100100101100011110100
100111001101101111110100010011011001110100001000010001011001001100011010000000011000100011011001101011011010101001000000111100011001001100010101100100101100011110100
100110101111101111110100010011011001110100001000010001011001001100011010000000011000100011011001101011011010101001000000111100011001001100010101100100101100011110100
100111010100011111110100010011011001110100001000010001011001001100011010000000011000100011011001101011011010101001000000111100011001001100010101110110010100011110100
100111001000101111110100010011011001110100001000010001011001001100011010000000011000100011011001101011011010101001000000111100011001001100010101100100101100011110100
100111001000111111110100010011011001110100001000010001011001001100011010000000011000100011011001101011011010101001000000111100011001001100010101100100101100011110100
100111010100011111110100010011011001110101000000010001011001001100011010000000011000100011011001101011011010101001000000111100011001001100010101100100101100011110100
100111010100000110010100010011011001110100001000010001011001001100011010000000011000100011011001101011011010101001000000111100011001001100010101100100101100011110100
100111000010011111110100010011011001110100001000010001011001001100011010000000011000100011011001101011011010101001000000111100011001001100010101100100101100011110100
100111010100011110010100010011011001110100001000010001011001001100011010000000011000100011011001101011011010101001000000111100011001001100010101100100101100011110100
100111011110101111110100010011011001110100001000010001011001001100011010000000011000100011011001101011011010101001000000111100011001001100010101100100101100011110100
100111010110011111110100010011011001110100001000010001011001001100011010000000011000100011011001101011011010101001000000111100011001001100010101100100101100011110100
100111100111101111110100010011011001110100001000010001011001001100011010000000011000100011011001101011011010101001000000111100011001001100010101100100101100011110100
100111001000111110010100010011011001110100001000010001011001001100011010000000011000100011011001101011011010101001000000111100011001001100010101100100101100011110100
000011100010011111110100010011011001110100001000010001011001001100011010000000011000100011011001101011011010101001000000111100011001001100010101100100101100011110100
100111011100011111110100010011011001110100001000010001011001001100011010000000011000100011011001101011011010101001000000111100011001001100010101100100101100011110100
100111010100011111110100010011011001110100001000010001011001001100011010000000011000100011011001101011011010101001000000111100011001001100010101100100101100011101101
