000110111101010001100001011000010110101011100010000111101111111000101000010001100111000110010011011010011100100011010000100110111000100001011010001010111010100011110
000110111101010001100001011000010110101011100010000111101111111000101000010001100111000110010011011010011100100010000100110111000100001011010001010111010100000100001
000110111101010001100001011000010110101011100010000111101111111000101000010001100111000110010011011010011100111010000100110111000100001011010001010111010100000100001
000110111101010001100001011000010110101011100010000111101111111000101000010001100111000110010011011010011100100011010000100110111000100001011010001010111010100001111
000110111101010001100001011000010110101011100010000111101111111000101000010001100111000110010011011010011110100011010000100110111000100001011010001010111010100011110
000110111101010001100001011000010110101011100010000111101111111000101000010001100111000110010011011010011100001110010000100110111000100001011010001010111010100011110
000110111101010001100001011000010110101011100010000111101111111000101000010001100111000110010011011010011100000011010000100110111000100001011010001010111010100011110
000110111101010001100001011000010110101011100010000111101111111000101000010001100111000110010011011010011100100011010000100110111000100001011010001010111010100000111
000110111101010001100001011000010110101011100010000111101111111000101000010001100111000110010011011010011100000101100100110111000100001011010001010111010100000100001
000110111101010001100001011000010110101011100010000111101111111000101000010001100111000110010011011010011100000111010000100110111000100001011010001010111010100011110
000110111101010001100001011000010110101011100010000111101111111000101000010001100111000110010011011010011100100010000100110111000100001011010001010111010100000100111
000110111101010001100001011000010110101011100010000111101111111000101000010001100111000110010011011010011100100010000000100110111000100001011010001010111010100011110
000110111101010001100001011000010110101011100010000111101111111000101000010001100111000110010011011010011100100011010000100110111000100001011010001010111010100010111
000110111101010001100001011000010110101011100010000111101111111000101000010001100111000110010011011010011100100110000100110111000100001011010001010111010100000100001
000110111101010001100001011000010110101011100010000111101111111000101000010001100111000110010011011010011100011011010000100110111000100001011010001010111010100011110
000110111101010001100001011000010110101011100010000111101111111000101000010001100111000110010011011010000100101011010000100110111000100001011010001010111010100011110
000110111101010001100001011000010110101011100010000111101111111000101000010001100111000110010011011010011100100010000100110111000100001011010001010111010100011110111
000110111101010001100001011000010110101011100010000111101111111000101000010001100111000110010011011010011100100011001000100110111000100001011010001010111010100011110
000110111101010001100001011000010110101011100010000111101111111000101000010001100111000110010011011010011100111010000100110111000100001011010001010111010100000100111
000110111101010001100001011000010110101011100010000111101111111000101000010001100111000110010011011010011100011010000100110111000100001011010001010111010100000100001
000110111101010001100001011000010110101011100010000111101111111000101000010001100111000110010011011010011100100010000100110111000100001011010001010111010100000110111
000110111101010001100001011000010110101011100010000111101111111000101000010001100111000110010011011010011100100011010000100110111000100001011010001010111010100011111
000110111101010001100001011000010110101011100010000111101111111000101000010001100111000110010011011010011101011010000100110111000100001011010001010111010100000100001
000110111101010001100001011000010110101011100010000111101111111000101000010001100111000110010011011010011100101011010000100110111000100001011010001010111010100011110
000110111101010001100001011000010110101011100010000111101111111000101000010001100111000110010011011010011100100011000100110111000100001011010001010111010100000100001
000110111101010001100001011000010110101011100010000111101111111000101000010001100111000110010011011101101111101011010000100110111000100001011010001010111010100011110
000110111101010001100001011000010110101011100010000111101111111000101000010001100111000110010011011010011100110110010000100110111000100001011010001010111010100011110
000110111101010001100001011000010110101011100010000111101111111000101000010001100111000110010011011010011100111010000100110111000100001011010001010111010100011110111
000110111101010001100001011000010110101011100010000111101111111000101000010001100111000110010011011010011100111010000100110111000100001011010001010111010100000110111
000110111101010001100001011000010110101011100010000111101111111000101000010001100111011001011010010101111000000011010000100110111000100001011010001010111010100011110
000110111101010001100001011000010110101011100010000111101111111000101000010001100111011001011010010101111001101011010000100110111000100001011010001010111010100011110
000110111101010001100001011000010110101011100010000111101111111000101000010001100111011001011010010101111010101011010000100110111000100001011010001010111010100011110
