000100100010100110011100011111110100110000100110001011100011001000111111100110010111011111011111000011011011001110011010110001000101100110110110010100110100000011010
000100100010100110011100010111110100110000100110001011100011001000111111100110010111011111011111000011011011001110011010110001000101100110110110010100110100000011010
000100100010100110011100011111110100110000100110001011100011001000111111100110010111011111011111000011011011001110011010110000101100110110110110010100110100000011010
000100100010100110011101111110100110000100110001011100011001000111111100110010111011111011111000011011011001110011010110001000101100110110110110010100110100000011010
000100100010100110001001011111110100110000100110001011100011001000111111100110010111011111011111000011011011001110011010110001000101100110110110010100110100000011010
000100100010100110011100011111110100110000100110001011100011001000111111100110010111011111011111000011011011001110011010110000100011001010100101000001110001101111111
000100100010100110011100000111110100110000100110001011100011001000111111100110010111011111011111000011011011001110011010110001000101100110110110010100110100000011010
000100100010100110011110101111110100110000100110001011100011001000111111100110010111011111011111000011011011001110011010110001000101100110110110010100110100000011010
000100100010100110011100001111110100110000100110001011100011001000111111100110010111011111011111000011011011001110011010110001000101100110110110010100110100000011010
000100100010100110011100001011110100110000100110001011100011001000111111100110010111011111011111000011011011001110011010110001000101100110110110010100110100000011010
000100100010100110011111101111110100110000100110001011100011001000111111100110010111011111011111000011011011001110011010110001000101100110110110010100110100000011010
000100100010100110011100011111110100110000100110001011100011001000111111100110010111011111011111000011011011001110011010101000101100110110110110010100110100000011010
000100100010100110011100010110110100110000100110001011100011001000111111100110010111011111011111000011011011001110011010110001000101100110110110010100110100000011010
000100100010100110011100010110100110000100110001011100011001000111111100110010111011111011111000011011011001110011010110001000101100110110110110010100110100000011010
000100100010100110000000101111110100110000100110001011100011001000111111100110010111011111011111000011011011001110011010110001000101100110110110010100110100000011010
000100100010100110011100011111110100110000100110001011100011001000111111100110010111011111011111000011011011001110011110001000101100110110110110010100110100000011010
000100100010100110110011101111110100110000100110001011100011001000111111100110010111011111011111000011011011001110011010110001000101100110110110010100110100000011010
000100100010100110011111011111110100110000100110001011100011001000111111100110010111011111011111000011011011001110011010110001000101100110110110010100110100000011010
000100100010100110000001111110100110000100110001011100011001000111111100110010111011111011111000011011011001110011010110001000101100110110110110010100110100000011010
000100100010100110011100111110100110000100110001011100011001000111111100110010111011111011111000011011011001110011010110001000101100110110110110010100110100000011010
000100100010100110011100011001110100110000100110001011100011001000111111100110010111011111011111000011011011001110011010110001000101100110110110010100110100000011010
000100100010100110011100011111110100110000100110001011100011001000111111100110010111011111011111000011011011001110011010110011000101100110110110010100110100000011010
000100100010100110110011010111110100110000100110001011100011001000111111100110010111011111011111000011011011001110011010110001000101100110110110010100110100000011010
000100100010100110001011101111110100110000100110001011100011001000111111100110010111011111011111000011011011001110011010110001000101100110110110010100110100000011010
000100100010111101110100101111110100110000100110001011100011001000111111100110010111011111011111000011011011001110011010110001000101100110110110010100110100000011010
000100100010100110011100011010100110000100110001011100011001000111111100110010111011111011111000011011011001110011010110001000101100110110110110010100110100000011010
000100100010100110011100011111110100110000100110001011100011001000111111100110010111011111011111000011011011001110011110011000101100110110110110010100110100000011010
000100100010100110011001101111110100110000100110001011100011001000111111100110010111011111011111000011011011001110011010110001000101100110110110010100110100000011010
000100100010100110000011101111110100110000100110001011100011001000111111100110010111011111011111000011011011001110011010110001000101100110110110010100110100000011010
000100100010100110001001010111110100110000100110001011100011001000111111100110010111011111011111000011011011001110011010110001000101100110110110010100110100000011010
000100100010100100011001010111110100110000100110001011100011001000111111100110010111011111011111000011011011001110011010110001000101100110110110010100110100000011010
000100100010100110011100011110100110000100110001011100011001000111111100110010111011111011111000011011011001110011010110001000101100110110110110010100110100000011010
