101001000101100101110111010010011011011000101101011110100000101011101011100010010100001001000010010111011111001011010100010001111100000011111010111001111000111101110
101001000101100101110111010010110101011000101101011110100000101011101011100010010100001001000010010111011111001011010100010001111100000011111010111001111000111101110
101001000101100101110111010010000101111000101101011110100000101011101011100010010100001001000010010111011111001011010100010001111100000011111010111001111000111101110
101001000101100101110111010010000101011000101101011110100000101011101011100010010100001001000010010111011111001011010100010001111100000011111010111001111000111101110
101001000101100101110111010010010011011000101101011110100000101011101011100010010100001001000010010111011111001011010100010001111100000011111010111001111000111101110
101001000101100101110111010010011011000101101011110100000101011101011100010010100001001000010010111011111001011010100010001111100000011111010111001111000111101110111
101001000101100101110111010010011101011000101101011110100000101011101011100010010100001001000010010111011111001011010100010001111100000011111010111001111000111101110
101001000101100101110111010010011011011000101101011110100000101011101011100010010100001001000010010111011111001011010100010001111100000011111010111001111000110011111
101001000101100101110111010010011000010000101101011110100000101011101011100010010100001001000010010111011111001011010100010001111100000011111010111001111000111101110
101001000101100101110111010010001111011000101101011110100000101011101011100010010100001001000010010111011111001011010100010001111100000011111010111001111000111101110
101001000101100101110111010010011000110000101101011110100000101011101011100010010100001001000010010111011111001011010100010001111100000011111010111001111000111101110
101001000101100101110111010010011001011000101101011110100000101011101011100010010100001001000010010111011111001011010100010001111100000011111010111001111000111101110
101001000101100101110111010010110101011000101101011110100000101011101011100010010100001001000010010111011111001011010100010001111100000011111010111001111000110011111
101001000101100101110111010010110110011000101101011110100000101011101011100010010100001001000010010111011111001011010100010001111100000011111010111001111000111101110
101001000101100101110111010010011011110100101101011110100000101011101011100010010100001001000010010111011111001011010100010001111100000011111010111001111000111101110
101001000101100101110111010010000101111000101101011110100000101011101011100010010100001001000010010111011111001011010100010001111100000011111010111001111000110011111
101001000101100101110111010010011111011000101101011110100000101011101011100010010100001001000010010111011111001011010100010001111100000011111010111001111000111101110
101001000101100101110111010010110110010000101101011110100000101011101011100010010100001001000010010111011111001011010100010001111100000011111010111001111000111101110
101001000101100101110111010010011011010000101101011110100000101011101011100010010100001001000010010111011111001011010100010001111100000011111010111001111000111101110
101001000101100101110111010010011100011000101101011110100000101011101011100010010100001001000010010111011111001011010100010001111100000011111010111001111000111101110
101001000101100101110111010010110110110000101101011110100000101011101011100010010100001001000010010111011111001011010100010001111100000011111010111001111000111101110
101001000101100101110111010010011100010000101101011110100000101011101011100010010100001001000010010111011111001011010100010001111100000011111010111001111000111101110
101001000101100101110111010010000101011000101101011110100000101011101011100010010100001001000010010111011111001011010100010001111100000011111010111001111000110011111
101001000101100101110111010010011011101000101101011110100000101011101011100010010100001001000010010111011111001011010100010001111100000011111010111001111000111101110
101001000101100101110111010010011001111000101101011110100000101011101011100010010100001001000010010111011111001011010100010001111100000011111010111001111000111101110
101001000101100101110111010010000101101000101101011110100000101011101011100010010100001001000010010111011111001011010100010001111100000011111010111001111000111101110
101001000101100101110111010010000101101011101101011110100000101011101011100010010100001001000010010111011111001011010100010001111100000011111010111001111000111101110
101001000101100101110111010010110110000000101101011110100000101011101011100010010100001001000010010111011111001011010100010001111100000011111010111001111000111101110
101001000101100101110111010010110101010000101101011110100000101011101011100010010100001001000010010111011111001011010100010001111100000011111010111001111000111101110
101001000101100101101101000110000000010000101101011110100000101011101011100010010100001001000010010111011111001011010100010001111100000011111010111001111000111101110
101001000101100101101101000110000011011000101101011110100000101011101011100010010100001001000010010111011111001011010100010001111100000011111010111001111000111101110
101001000101100101101101000110000011010000101101011110100000101011101011100010010100001001000010010111011111001011010100010001111100000011111010111001111000111101110
