000101000001001111110110110101110100011001010111011011001001101100011100001111100101000101100101101000000101000010001011100001101010011000011101010100110111100011110
000101000001001111110110110111001011011011010111011011001001101100011100001111100101000101100101101000000101000010001011100001101010011000011101010100110111100011110
000101000001001111110110110101110111010010000111011011001001101100011100001111100101000101100101101000000101000010001011100001101010011000011101010100110111100011110
010000001001001101001011011000100100011001010111011011001001101100011100001111100101000101100101101000000101000010001011100001101010011000011101010100110111100011110
000101000001001111110110110101110100011011010111011011001001101100011100001111100101000101100101101000000101000010001011100001101010011000011101010100110111100011110
010000001001111110110110101101110100011001010111011011001001101100011100001111100101000101100101101000000101000010001011100001101010011000011101010100110111100011110
011010100010111110110001001101110100011001010111011011001001101100011100001111100101000101100101101000000101000010001011100001101010011000011101010100110111100011110
000101000001001111110110110101010011011011010111011011001001101100011100001111100101000101100101101000000101000010001011100001101010011000011101010100110111100011110
000110100101101101001011011000100100011001010111011011001001101100011100001111100101000101100101101000000101000010001011100001101010011000011101010100110111100011110
000101000001001111110110110100110111001001110101011011001001101100011100001111100101000101100101101000000101000010001011100001101010011000011101010100110111100011110
000101000001001111110110110101101000110011101111100011001001101100011100001111100101000101100101101000000101000010001011100001101010011000011101010100110111100011110
110101000001001111110110110101110100011001010111011011001001101100011100001111100101000101100101101000000101000010001011100001101010011000011101010100110111100011110
000101000001001111110110110101101000100101010111011011001001101100011100001111100101000101100101101000000101000010001011100001101010011000011101010100110111100011110
000110111100111000100001001101110100011001010111011011001001101100011100001111100101000101100101101000000101000010001011100001101010011000011101010100110111100011110
000101000001001111110110110101101000111100100111011011001001101100011100001111100101000101100101101000000101000010001011100001101010011000011101010100110111100011110
000101000001001111110110110101101000110011010111011011001001101100011100001111100101000101100101101000000101000010001011100001101010011000011101010100110111100011110
000101000001001101001011011000100100011001010111011011001001101100011100001111100101000101100101101000000101000010001011100001101010011000011101010100110111100011110
000101000001001111110110110001010100011001010111011011001001101100011100001111100101000101100101101000000101000010001011100001101010011000011101010100110111100011110
000101000001001111110110110101111110111011101111100011001001101100011100001111100101000101100101101000000101000010001011100001101010011000011101010100110111100011110
000101000001001111110110110101101000110000110111011011001001101100011100001111100101000101100101101000000101000010001011100001101010011000011101010100110111100011110
000101000001001111110110110101001110001010110011011011001001101100011100001111100101000101100101101000000101000010001011100001101010011000011101010100110111100011110
100011110100010010100010011000100100011001010111011011001001101100011100001111100101000101100101101000000101000010001011100001101010011000011101010100110111100011110
000101000001001111110110110101101000110010101111100011001001101100011100001111100101000101100101101000000101000010001011100001101010011000011101010100110111100011110
000101000001001111110110110100110111001001101111011011001001101100011100001111100101000101100101101000000101000010001011100001101010011000011101010100110111100011110
000101000001001111110110110101100010110101010111011011001001101100011100001111100101000101100101101000000101000010001011100001101010011000011101010100110111100011110
000101000001001111110110110101100000110001101111011011001001101100011100001111100101000101100101101000000101000010001011100001101010011000011101010100110111100011110
000101000001001111110110110101011011011011010111011011001001101100011100001111100101000101100101101000000101000010001011100001101010011000011101010100110111100011110
000101000001001111110110110100110100011001010111011011001001101100011100001111100101000101100101101000000101000010001011100001101010011000011101010100110111100011110
100011110100100100001011111101110100011001010111011011001001101100011100001111100101000101100101101000000101000010001011100001101010011000011101010100110111100011110
001010000001001111110110110101110100011001010111011011001001101100011100001111100101000101100101101000000101000010001011100001101010011000011101010100110111100011110
000101000001001111110110110101101000110110000111011011001001101100011100001111100101000101100101101000000101000010001011100001101010011000011101010100110111100011110
000101000001001111110110110101101000110000010111011011001001101100011100001111100101000101100101101000000101000010001011100001101010011000011101010100110111100011110
