000011010111000101000001110001001111111000001010000110110010101110100111011000011000111100110101000001000100110100001011110010001011001110001101100010110111011000110
000011010111000101000001110001001111111000001010000110011010001110100111011000011000111100110101000001000100110100001011110010001011001110001101100010110111011000110
000011010111000101000001110001001111111000001010000110011001100001101010100111010100110110001010000001000100110100001011110010001011001110001101100010110111011000110
000011010111000101000001110001001111111000001010000110011100010001010111011000011000111100110101000001000100110100001011110010001011001110001101100010110111011000110
000011010111000101000001110001001111111000001010000110110010101110100111011000011010011010011010000001000100110100001011110010001011001110001101100010110111011000110
000011010111000101000001110001001111111000001010000110001100000110111101111010100010011001000110101011000100001011110010001011001110001101100010110111011000110100001
000011010111000101000001110001001111111000001010000110101110010001001100011010011010011010000001000100110100001011110010001011001110001101100010110111011000110100001
000011010111000101000001110001001111111000001010000110101110100111011000011000111100110101000001000100110100001011110010001011001110001101100010110111011000110100001
000011010011011100110000110001001111111000001010000110110010101110100111011000011000111100110101000001000100110100001011110010001011001110001101100010110111011000110
000011010111000101000001110001001111111000001010000110001100000110111101111010100110110001010000000111010111011010110011110010001011001110001101100010110111011000110
000011010111000101000001110001001111111000001010000110001010111101011010101000011010011010011010000001000100110100001011110010001011001110001101100010110111011000110
000011010111000101000001110001001111111000001010000110000000010001111111111001111000000000011010000001000100110100001011110010001011001110001101100010110111011000110
000011010011011100110000110001001111111000001010000110011010001110100111011000011000111100110101000001000100110100001011110010001011001110001101100010110111011000110
000011010111000101000001110001001111111000001010000110000000010001101010100111010100110110001010000001000100110100001011110010001011001110001101100010110111011000110
000011010011011100110000110001001111111000001010000110011001100001101010100111010100110110001010000001000100110100001011110010001011001110001101100010110111011000110
000011010111000101000001110001001111111000001010000100111100100111100101101101111010100010011001000110101011000100001011110010001011001110001101100010110111011000110
000011010111000101000001110001001111111000001010000110011010001110100111011000011010011010011010000001000100110100001011110010001011001110001101100010110111011000110
000011010111000101000001110001001111111000001010000110001111011010010010111010011110100011011011100111101011000100001011110010001011001110001101100010110111011000110
000011010011011100110000110001001111111000001010000110011100010001010111011000011000111100110101000001000100110100001011110010001011001110001101100010110111011000110
000011010111000101000001110001001111111000001010000110110010101110100111011000011010011001000110101011000100001011110010001011001110001101100010110111011000110100001
000011010111000101011100000000010110001101000100110100000111010111000001011001011010100010011001000110101011000100001011110010001011001110001101100010110111011000110
000011010111000101000001110001001111111000001010000110101010011001010011011100111101110111001111101001101110110100001011110010001011001110001101100010110111011000110
000011010111000101000001110001001111111000001010000100110101110010001001100011010111100001101001111001101110110100001011110010001011001110001101100010110111011000110
000011010111000101000001110001001111111000001010000110011100010001010111011000011010011010011010000001000100110100001011110010001011001110001101100010110111011000110
000011010011011100110000110001001111111000001010000110110010101110100111011000011010011010011010000001000100110100001011110010001011001110001101100010110111011000110
000011010011011100110000110001001111111000001010000110001100000110111101111010100010011001000110101011000100001011110010001011001110001101100010110111011000110100001
000011010011011100110000110001001111111000001010000110101110010001001100011010011010011010000001000100110100001011110010001011001110001101100010110111011000110100001
000011010011011100110000110001001111111000001010000110101110100111011000011000111100110101000001000100110100001011110010001011001110001101100010110111011000110100001
000011010111000101000011001100111000100110101110110010101110100111011000011000111100110101000001000100110100001011110010001011001110001101100010110111011000110100001
000011010111000101000011001100111000100110101101000111010111000001011001011010100010011001000110101011000100001011110010001011001110001101100010110111011000110100001
000011010011011100110000110001001111111000001010000110001100000110111101111010100110110001010000000111010111011010110011110010001011001110001101100010110111011000110
000011010011011100110000110001001111111000001010000110001010111101011010101000011010011010011010000001000100110100001011110010001011001110001101100010110111011000110
