010100110000100000000011110110000010010100000101111110100111101100101011100001011110000111111100101011110000001010110010000101110111101001010011100011001000011110000
010100110000100000000011110110100000101111110100111101100101011100010001010110100010111001111010110000111000001010110010000101110111101001010011100011001000011110000
010100110000100000000011111011110110100000101111110100111101100101011100010001011110000111111100101011110000001010110010000101110111101001010011100011001000011110000
010100110000100000000011110110100000101111110100111101100101011100010001010110100001011100111010011011110000001010110010000101110111101001010011100011001000011110000
010100110000100000000011110110000010010100000101111110100111101100101011100001001110000111111100101011110000001010110010000101110111101001010011100011001000011110000
010100110000101110011101011000011110110100000101111110100111101100101011100001011110000111111100101011110000001010110010000101110111101001010011100011001000011110000
010100110000100000000011110110000010010100000101111110100111101100101011100010010010000111111100101011110000001010110010000101110111101001010011100011001000011110000
010100110000010011111110000011110110100000101111110100111101100101011100010001011110000111111100101011110000001010110010000101110111101001010011100011001000011110000
010100110000000010011111110000011110110100000101111110100111101100101011100001011110000111111100101011110000001010110010000101110111101001010011100011001000011110000
010100110000100000000011110110000010010100000101111110100111101100101011100001000111000111111100101011110000001010110010000101110111101001010011100011001000011110000
010100110000100000000011110110000010010100000101111110100111101100101011100001110110000111111100101011110000001010110010000101110111101001010011100011001000011110000
010100110000010011111110000001011110110100000101111110100111101100101011100001011110000111111100101011110000001010110010000101110111101001010011100011001000011110000
010100110000100000000011110110000010010100000101111110100111101100101011100010001010100111111100101011110000001010110010000101110111101001010011100011001000011110000
010100110000100000000011111011110110100000101111110100111101100101011100010001110110000111111100101011110000001010110010000101110111101001010011100011001000011110000
010100110000100000000011111000011110110100000101111110100111101100101011100001011110000111111100101011110000001010110010000101110111101001010011100011001000011110000
010100110000100000000011110110000010010100000101111110100111101100101011100010001110000111111100101011110000001010110010000101110111101001010011100011001000011110000
010100110000100000000011110110100000101111110100111101100101011100001111100100011110000111111100101011110000001010110010000101110111101001010011100011001000011110000
010100110000100000000011110110000010010100000101111110100111101100101011100001000110000111111100101011110000001010110010000101110111101001010011100011001000011110000
010100110000100000000011110110100000101111110100111101100101011100010001110111001010000111111100101011110000001010110010000101110111101001010011100011001000011110000
010100110000100000000011111011110110100000101111110100111101100101011100010001010111000111111100101011110000001010110010000101110111101001010011100011001000011110000
010100110000100000000011111011110110100000101111110100111101100101011100001000100111000111111100101011110000001010110010000101110111101001010011100011001000011110000
010100110000100000000011110110000010010100000101111110100111101100101011100010010110000111111100101011110000001010110010000101110111101001010011100011001000011110000
010100110000100000000011110110100000101111110100111101100101011100010001011110110100001011100111010011011110001010110010000101110111101001010011100011001000011110000
010100110000011011111111000011110110100000101111110100111101100101011100010001011110000111111100101011110000001010110010000101110111101001010011100011001000011110000
010100110000100000000011111011110110100000101111110100111101100101011100010010110100001011100111010011011110001010110010000101110111101001010011100011001000011110000
010100110000000010011111110000001011110110100000101111110100111101100101011100010010000111111100101011110000001010110010000101110111101001010011100011001000011110000
010100110000010001001010100000011110110100000101111110100111101100101011100001011110000111111100101011110000001010110010000101110111101001010011100011001000011110000
010100110000010011111110000011110110100000101111110100111101100101011100010001110110000111111100101011110000001010110010000101110111101001010011100011001000011110000
010100110000010011111110000011110110100000101111110100111101100101011100010001010111000111111100101011110000001010110010000101110111101001010011100011001000011110000
010011010111000000100000000011110110100000101111110100111101100101011100010001011110000111111100101011110000001010110010000101110111101001010011100011001000011110000
010011010111001101110011001100111111110110100000101111110100111101100101011100010010000111111100101011110000001010110010000101110111101001010011100011001000011110000
010001101000001000100000000011110110100000101111110100111101100101011100010001011110000111111100101011110000001010110010000101110111101001010011100011001000011110000
