111000000110101100011001110000111111000111010010000111110111001011100000010001011011100000101011000110001110011000110110010001010110100000010010100100110010110010000
111000000110101100011001110000111101000111010010000111110111001011100000010001011011100000101011000110001110011000110110010001010110100000010010100100110010110010000
111000000110101100011001110000111111010100010010000111110111001011100000010001011011100000101011000110001110011000110110010001010110100000010010100100110010110010000
111000000110101100011001110000111111000010010000111110111001011100000010001011011100000101011000110001110011000110110010001010110100000010010100100100110010110010000
111000000110101100011001110000111100100011010010000111110111001011100000010001011011100000101011000110001110011000110110010001010110100000010010100100110010110010000
111000000110101100011001110000111111000010010010000111110111001011100000010001011011100000101011000110001110011000110110010001010110100000010010100100110010110010000
111000000110101100011001110000111111000111010001111111110111001011100000010001011011100000101011000110001110011000110110010001010110100000010010100100110010110010000
111000000110101100011001110000111111000010101010000111110111001011100000010001011011100000101011000110001110011000110110010001010110100000010010100100110010110010000
111000000110101100011001110000111111000111010010000111110111001011100000010001011011100000101011000110001110011000110110010001010110100100111000110100110010110010000
111000000110101100011001110000111111000111010010000111110111001011100000010001011011100000101011000110001110011000110110010001010110100000010100100100110010110010000
111000000110101100011001110000111111000011010010000111110111001011100000010001011011100000101011000110001110011000110110010001010110100000010010100100110010110010000
111000000110101100011001110000111111000011101010000111110111001011100000010001011011100000101011000110001110011000110110010001010110100000010010100100110010110010000
111000000110101100011001110000111111000111010010000111110111001011100000010001011011100000101011000110001110011000110110010001010110100100100100100100110010110010000
111000000110101100011001110000111111000001001110010000111110111001011100000010001011011100000101011000110001110011000110110010001010110100000010100100110010110010000
111000000110101100011001110000111111000001110010000111110111001011100000010001011011100000101011000110001110011000110110010001010110100000010010100100110010110010000
111000000110101100011001110000111111000111010010000111110111001011100000010001011011100000101011000110001110011000110110010001010110001010011110000100110010110010000
111000000110101100011001110000111111000111010010000111110111001011100000010001011011100000101011000110001110011000110110010001010110100000010010001011100111101010000
111000000110101100011001110000111111000001001110100111110111001011100000010001011011100000101011000110001110011000110110010001010110100000010010100100110010110010000
111000000110101100011001101001001000001001110010000111110111001011100000010001011011100000101011000110001110011000110110010001010110100000010010100100110010110010000
111000000110101100011001110000111111000111010010000111110111001011100000010001011011100000101011000110001110011000110110010001010110110100100100100100110010110010000
111000000110101100011001110000111101101011010010000111110111001011100000010001011011100000101011000110001110011000110110010001010110100000010010100100110010110010000
111000000110101100011001110000111111000111010010000111110111001011100000010001011011100000101011000110001110011000110110010001010110100000010010111000010010110010000
111000000110101100011001110000111111000010011010000111110111001011100000010001011011100000101011000110001110011000110110010001010110100000010010100100110010110010000
111000000110101100011001110000111001000111010010000111110111001011100000010001011011100000101011000110001110011000110110010001010110100000010010100100110010110010000
111000011110101100011001110000111111000111010010000111110111001011100000010001011011100000101011000110001110011000110110010001010110100000010010100100110010110010000
111000000110101100011001110000111001000001110010000111110111001011100000010001011011100000101011000110001110011000110110010001010110100000010010100100110010110010000
111000000110101100011001110000111111000111010010000111110111001011100000010001011011100000101011000110001110011000110110010001010110010111000101000000110010110010000
111000000110101100011001110000111111000111010010000111110111001011100000010001011011100000101011000110001110011000110110010001010110100000010010111000011010110010000
111000000110101100011001110000111111000000000110000111110111001011100000010001011011100000101011000110001110011000110110010001010110100000010010100100110010110010000
111000000110110101100011001110000111111000010010000111110111001011100000010001011011100000101011000110001110011000110110010001010110100000010010100100110010110010000
111000000110101100011001110000111111000011110010000111110111001011100000010001011011100000101011000110001110011000110110010001010110100000010010100100110010110010000
111000000110101100011001110000111111000001011110110111110111001011100000010001011011100000101011000110001110011000110110010001010110100000010010100100110010110010000
