010111110010111110101011111011001011010000110001100111100011111111110100011000010101010110111101001001111111010000111010001011110010100111001100101011111101111101010
010111110010111110101011111011001011010000110001100111100011111111110100011000010101000011101100101101111111010000111010001011110010100111001100101011111101111101010
010111010001001100000001101111001011010000110001100111100011111111110100011000010101010110111101001001111111010000111010001011110010100111001100101011111101111101010
010111110010111110101011111011001011010000110001100111100011111111110100011000010101000000011011111001111111010000111010001011110010100111001100101011111101111101010
010111110010111110101011111011001011010000110001100111100011111111110100011000010101000001101010101101111111010000111010001011110010100111001100101011111101111101010
010111110010111110101011111011001011010000110001100111100011111111110100011000010101100000011011111001111111010000111010001011110010100111001100101011111101111101010
010111110010111110101011111011001011010000110001100111100011111111110100011000010101010110011011111001111111010000111010001011110010100111001100101011111101111101010
010111010001001100000001101111001011010000110001100111100011111111110100011000010101000011101100101101111111010000111010001011110010100111001100101011111101111101010
010111110010111110101011111011001011010000110001100111100011111111110100011000010101000001101010110001111111010000111010001011110010100111001100101011111101111101010
010111110010111110101011111011001011010000110001100111100011111111110100011000010101100110111101001001111111010000111010001011110010100111001100101011111101111101010
010111110010111110101011111011001011010000110001100111100011111111110100011000010100010000001011001001111111010000111010001011110010100111001100101011111101111101010
010111110010111110101011111011001011010000110001100111100011111111110100011000010101011110011011111001111111010000111010001011110010100111001100101011111101111101010
010111110010111110101011111011001011010000110001100111100011111111110100011000010101011000011011111001111111010000111010001011110010100111001100101011111101111101010
010111010001001100000001101111001011010000110001100111100011111111110100011000010101000000011011111001111111010000111010001011110010100111001100101011111101111101010
010111110010111110101011111011001011010000110001100111100011111111110100011000010101011010101101111001111111010000111010001011110010100111001100101011111101111101010
010111010001001100000001101111001011010000110001100111100011111111110100011000010101000001101010101101111111010000111010001011110010100111001100101011111101111101010
010111010001001100000001101111001011010000110001100111100011111111110100011000010101100000011011111001111111010000111010001011110010100111001100101011111101111101010
010111010001001100000001101111001011010000110001100111100011111111110100011000010101010110011011111001111111010000111010001011110010100111001100101011111101111101010
010111110010111110101011111011001011010000110001100111100011111111110100011000010101011010011101111001111111010000111010001011110010100111001100101011111101111101010
010111010001001100000001101111001011010000110001100111100011111111110100011000010101000001101010110001111111010000111010001011110010100111001100101011111101111101010
010111110010111110101011111011001011010000110001100111100011111111110100011000010101010000001011001001111111010000111010001011110010100111001100101011111101111101010
010111010001001100000001101111001011010000110001100111100011111111110100011000010101100110111101001001111111010000111010001011110010100111001100101011111101111101010
010111110010111110101011111011001011010000110001100111100011111111110100011010110101110010001011001001111111010000111010001011110010100111001100101011111101111101010
010111110010111110101011111011001011010000110001100111100011111111110100011010110101010000001011001001111111010000111010001011110010100111001100101011111101111101010
010111010001001100000001101111001011010000110001100111100011111111110100011000010100010000001011001001111111010000111010001011110010100111001100101011111101111101010
010111110010111110101011111011001011010000110001100111100011111111110100011000010100011110101011111001111111010000111010001011110010100111001100101011111101111101010
010111010001001100000001101111001011010000110001100111100011111111110100011000010101011110011011111001111111010000111010001011110010100111001100101011111101111101010
010111110010111110101011111011001011010000110001100111100011111111110100011000010101100100111011001001111111010000111010001011110010100111001100101011111101111101010
010111110010111110101011111011001011010000110001100111100011111111110100011000010111101000011011111001111111010000111010001011110010100111001100101011111101111101010
010111110000011011111010011100101111011010000110001100111100011111111110100011000010101011101100101101111111010000111010001011110010100111001100101011111101111101010
101101110001101010110001101111001011010000110001100111100011111111110100011000010101010110111101001001111111010000111010001011110010100111001100101011111101111101010
010111010001001100000001101111011010000110001100111100011111111110100011000010101000001110101011111001111111010000111010001011110010100111001100101011111101111101010
