011011001000010011011000011101000111011011000001000011011100010101001101011010000100100101011100100010111100000101101001011100100111000100111010110010011010111100000
011011001000010011011000011101000111011011000001000011011100010101001101011010000100100101011100100010111100000101101001011100100111000100111010110010011010111100011
011011001000010011011000011101011011011011000001000011011100010101001101011010000100100101011100100010111100000101101001011100100111000100111010110010011010111100000
011011001000010011011000011010111111011011000001000011011100010101001101011010000100100101011100100010111100000101101001011100100111000100111010110010011010111100000
011011001000010011011000011101110111011011000001000011011100010101001101011010000100100101011100100010111100000101101001011100100111000100111010110010011010111100000
011011001000010011011000011100001111011011000001000011011100010101001101011010000100100101011100100010111100000101101001011100100111000100111010110010011010111100000
011011001000010011011000011101000111011011000001000011011100010101001101011010000100100101011100100010111100000101101001011100110010001100011010110010011010111100000
011011001000010011011000011101000111011011000001000011011100010110101100011010000100100101011100100010111100000101101001011100100111000100111010110010011010111100000
011011001000010011011000001101000111011011000001000011011100010101001101011010000100100101011100100010111100000101101001011100100111000100111010110010011010111100000
011011001000010011011000011101000111011011000001000011011100010101001101011010000100100101011100100010111100000101101001011100100111000100111010100110010101000111000
011011001000010011011000011101000111011011000001000011011100010101001101011010000100100100011100100010111100000101101001011100100111000100111010110010011010111100000
011011001000010011011000011101000111011011000001000011011100010101001101011010000100100101011100100010111100000101101001011100100111000100111010110010010101000111000
011011001000010011011000011101000111011011000001000011011100010101001101011010000100100101011100100010111100000101101001011100100111000100111010110010101000111000100
011011001000010011011000011101000111011011000001000011011100010101001101011010000100011101011100100010111100000101101001011100100111000100111010110010011010111100000
011011001000010011011000011101000111011011000001000011011100010101001101011010000100100101011100100010111110111001101001011100100111000100111010110010011010111100000
011011001000010011011000011101000111011011000001000011011100010101001101011010000100100101011100100010110100000101101001011100100111000100111010110010011010111100000
011011001000010011011000011101000111011011000001000011011100010101001101011010000100100100101011100100010111100000101101001011100100111000100111010110010101000111000
011011001000010011011011001101000111011011000001000011011100010101001101011010000100100101011100100010111100000101101001011100100111000100111010110010011010111100000
011011001000010011011000011101000111011011000001000011011100010101001101011010000100100101011100100010111100000101101001011100100111000100110010110010011010111100000
011011001000010011011000011101000111011011000001000011011100010101001101011010000100101101011100100010111100000101101001011100100111000100111010110010011010111100000
011011001000010011011000011101000111011011011000001000011011100010101001101011010000100100101011100100010111100000101101001011100100111000100111010110010101000111000
011011001000010011011000011101000111011011000001000011011100010110101101011010000100100101011100100010111100000101101001011100100111000100111010110010011010111100000
011011001000010011011000011101000111011011000001000011011100010101001101011010000100100101011100100010111100000101101001011100100111000100111010110010011010111011100
011011001000010011011000011101000111011011000001000011011100010101001101011010000100100101011100100010111100000101101001011100100111000100111010110010011011001101001
011011001000010011011000011101000111011011000001000011011100010101001101011010000100100101011100100010111100000101101001011100100111000100111010110010000110001001001
011011001000010011011000011101000111011011000001000011011100010101001101011010000100100101011100100010111100000101101001011100100111000100111010110001101110101100011
011011001000010011011000011101000111011011000001000011011100010101001101011010000100100101011100100010111100000101101001011100100111000100111010110010011011000101001
011011001000010011011000011101000111011011000001000011011100010110101001101011010000100100101011100100010111100000101101001011100100111000100111010110010101000111000
011011001000010011011000011101000111011011000001000011011100010101001101011010000100100101011100100010111100000101101001011100100111000100111010110010011011001110000
011011001000010011011000011101000111011011000001000011011100010101001101011010000100100101011100100010111100000101101001011111111100000100111010110010011010111100000
011011001000010011011000011101000111011011000001000011011100010101001001011010000100100101011100100010111100000101101001011100100111000100111010110010011010111100000
011011001000010011011000000101000111011011000001000011011100010101001101011010000100100101011100100010111100000101101001011100100111000100111010110010011010111100000
