011010111000011110111000011011111001010011111010000011001000101011011110001101100100111110000001101101101100110110111101011010100101110010010100010010001101100011000
011010111000011110111000011011111001010011111010000011001000101011011110001101100100111110000001101111001001010101101100110110111101011010100101110010001101100011000
011010111000011110111000011011111001010011111010000011001000101011011110001101100100111110000001101011100110101101100110110111101011010100101110010001101001100011000
011010111000011110111000011011111001010011111010000011001000101011011110001101100100111110000001101111001001101101101100110110111101011010100101110010001101100011000
011010111000011110111000011011111001010011111010000011001000101011011110001101100100111110000001111100110101101100110110111101011010100101110010001101111010110100111
011010111000011110111000011011111001010011111010000011001000101011011110001101100100111110000001111100110100101101100110110111101011010100101110010001101001100011000
011010111000011110111000011011111001010011111010000011001000101011011110001101100100111110000001101111000110101101100110110111101011010100101110010001101001100011000
011010111000011110111000011011111001010011111010000011001000101011011110001101100100111110000001101011101101101101100110110111101011010100101110010001101001100011000
011010111000011110111000011011111001010011111010000011001000101011011110001101100100111110000001101010011001011000000100110110111101011010100101110010001101100011000
011010111000011110111000011011111001010011111010000011001000101011011110001101100100111110000001101011100001101101101100110110111101011010100101110010001101100011000
011010111000011110101010101110011011001010011111010000011001000101011011110001101100100111110000001111100110101101100110110111101011010100101110010001101001100011000
011010111000011110111000011011111001010011111010000011001000101011011110001101100100111110000001101111000110001101101100110110111101011010100101110010001101100011000
011010111000011110111000011011111001010011111010000011001000101011011110001101100100111110000001101111001001101101100110110111101011010100101110010001101001100011000
011010111000011110111000011011111001010011111010000011001000101011011110001101100100111110000001111100001101101101100110110111101011010100101110010001101001100011000
011010111000011110111000011011111001010011111010000011001000101011011110001101100100111110000001101011100110100101101100110110111101011010100101110010001101100011000
011010111000011110111000011011111001010011111010000011001000101011011110001101100100111110000001101111101101101100110110111101011010100101110010001101111010110100111
011010111000011110111000011011111001010011111010000011001000101011011110001101100100111110000001101010001010101101100110110111101011010100101110010001101001100011000
011010111000011110111000011011111001010011111010000011001000101011011110001101100100111110000001111100110101101100110110111101011010100101110010001101101001100011000
011010111000011110111000011011111001010011111010000011001000101011011110001101100100111110000001101111001001011000000100110110111101011010100101110010001101100011000
011010111000011110111000011011111001010011111010000011001000101011011110001101100100111110000001101101110101101100110110111101011010100101110010001101111010110100111
011010111000011110111000011011111001010011111010000011001000101011011110001101100100111110000001101011100001101101100110110111101011010100101110010001101001100011000
011010111000011110101000011011111001010011111010000011001000101011011110001101100100111110000001101101101100110110111101011010100101110010010100010010001101100011000
011010111000011110101010101110011011001010011111010000011001000101011011110001101100100111110000001101011100110101101100110110111101011010100101110010001101100011000
011010111000011110111000011011111001010011111010000011001000101011011110001101100100111110000001101011101101110101101100110110111101011010100101110010001101100011000
011010111000011110111000011011111001010011111010000011001000101011011110001101100100111110000001101110101101100110110111101011010100101110010001101100011000101001000
011010111000011110111000011011111001010011111010000011001000101011011110001101100100111110000001101111110101101100110110111101011010100101110010001101111010110100111
011010111000011110111000011011111001010011111010000011001000101011011110001101100100111110000001101101101100110110111101011010100101110010001101100110010100111101000
011010111000011110111000011011111001010011111010000011001000101011011110001101100100111110000001111100110101101100110110111101011010100101110010001000011010110100111
011010111000011110111000011011111001010011111010000011001000101011011110001101100100111110000001111100110101101100110110110111101011010100101110010001101001100011000
011010111000011110111000011011111001010011111010000011001000101011011110001101100100111110000001111100110101101101100110110111101011010100101110010001101001100011000
011010111001110111000011011111001010011111010000011001000101011011110001101100100111110000001101111001001010101101100110110111101011010100101110010001101001100011000
011010111000011110101010101110011011001010011111010000011001000101011011110001101100100111110000001101110101101100110110111101011010100101110010001101111010110100111
