100110100101111000101001101010111011101110100000011010100000111110010010010101001110010011101001011010001100000010101110101011111000101010010001011100101010110101000
100110100101111000101001101010111011101110100000011010100000111110010010010101001110010011101001011010001100000010101110101011111000101010010001010100101010110101000
011011110100011000101001101010111011101110100000011010100000111110010010010101001110010011101001011010001100000010101110101011111000101010010001011100101010110101000
010101011000011000101001101010111011101110100000011010100000111110010010010101001110010011101001011010001100000010101110101011111000101010010001011100101010110101000
000111001101100011000101001101010111011101110100011010100000111110010010010101001110010011101001011010001100000010101110101011111000101010010001011100101010110101000
010101011010011000101001101010111011101110100000011010100000111110010010010101001110010011101001011010001100000010101110101011111000101010010001011100101010110101000
011011110100011000101001101010111011101110100000011010100000111110010010010101001110010011101001011010001100000010101110101011111000101010010001010100101010110101000
000000010000011000101001101010111011101110100000011010100000111110010010010101001110010011101001011010001100000010101110101011111000101010010001011100101010110101000
010101011000011000101001101010111011101110100000011010100000111110010010010101001110010011101001011010001100000010101110101011111000101010010001010100101010110101000
101000001011111100101001101010111011101110100000011010100000111110010010010101001110010011101001011010001100000010101110101011111000101010010001011100101010110101000
000111001101100011000101001101010111011101110100011010100000111110010010010101001110010011101001011010001100000010101110101011111000101010010001010100101010110101000
000010011100011100111000010111000011001111011100011010100000111110010010010101001110010011101001011010001100000010101110101011111000101010010001011100101010110101000
000010000011000101001101010111011101110100000000011010100000111110010010010101001110010011101001011010001100000010101110101011111000101010010001011100101010110101000
010101011010011000101001101010111011101110100000011010100000111110010010010101001110010011101001011010001100000010101110101011111000101010010001010100101010110101000
000010011100011100111000010111000011001100111000011010100000111110010010010101001110010011101001011010001100000010101110101011111000101010010001011100101010110101000
000011110100011000101001101010111011101110100000011010100000111110010010010101001110010011101001011010001100000010101110101011111000101010010001011100101010110101000
100110100101111000101001101010111011101110100000011010100000111110010010010101001110010011101001011010001100000010101110101011111000101010010010101100101010110101000
100110100101111000101001101010111011101110100000011010100000111110010010010101001110010011101001011010001100000010101110101011111000101010010010111100101010110101000
000000010000011000101001101010111011101110100000011010100000111110010010010101001110010011101001011010001100000010101110101011111000101010010001010100101010110101000
000010000011000101001101010111011101110100000011010100000111110010010010101001110010011101001011010001100000010101110101011111000101010010010111111100101010110101000
100110100101111000101001101010111011101110100000011010100000111110010010010101001110010011101001011010001100000010101110101011111000101010010011101100101010110101000
011011110100011100111000010111000011001111011100011010100000111110010010010101001110010011101001011010001100000010101110101011111000101010010001011100101010110101000
101000001000011000101001101010111011101110100000011010100000111110010010010101001110010011101001011010001100000010101110101011111000101010010001011100101010110101000
000010000011000101001101010111011101110100000011010100000111110010010010101001110010011101001011010001100000010101110101011111000101010010001011011100101010110101000
101000001011111100101001101010111011101110100000011010100000111110010010010101001110010011101001011010001100000010101110101011111000101010010001010100101010110101000
000010000011000101001101010111011101110100000011010100000111110010010010101001110010011101001011010001100000010101110101011111000101010010110111101100101010110101000
100110100101111000101001101010111011101110100000011010100000111110010010010101001110010011101001011010001100000010101110101011111000101010010111011100101010110101000
000010011100011100111000010111000011001111011100011010100000111110010010010101001110010011101001011010001100000010101110101011111000101010010001010100101010110101000
000110010110000101001101010111011101110100000000011010100000111110010010010101001110010011101001011010001100000010101110101011111000101010010001011100101010110101000
100110100101111000101110101010111011101110100000011010100000111110010010010101001110010011101001011010001100000010101110101011111000101010010001011100101010110101000
100110100101111000101001101010111011101110100000011010100000111110010010010101001110010011101001011010001100000010101110101011111000101010111000011100101010110101000
000010000011000101001101010111011101110100000000011010100000111110010010010101001110010011101001011010001100000010101110101011111000101010010001010100101010110101000
