111101000110000011111111000111001111110001111101110111001010000100111001101111010010100100010100100111110110111011000111010111000010100100010111010000110110001011110
111101000110000011111111000111001111110001111101110111001010000100111001101111010010100100010100100111110110111011000111001111000010100100010111010000110110001011110
111101000110000011111111000111001111110001111101110111001010000100111001101111010010100100010100100111110110111011000111010111000010100100010111001010001001011011110
111101000110000011111111000111001111000011101000111010110010000100111001101111010010100100010100100111110110111011000111010111000010100100010111010000110110001011110
111101000110000011111111000111001111110001111011101000111010000100111001101111010010100100010100100111110110111011000111010111000010100100010111010000110110001011110
111101000110000011111111000111001111110001111101110111001010000100111001101111010010100100010010111000011000000101000111010111000010100100010111010000110110001011110
111101000110000011111111000111001111110001111101110111001010000100111001101111010010100100000010111000011000000101000111010111000010100100010111010000110110001011110
111101000110000011111111000111001111110001101101000111001010000100111001101111010010100100010100100111110110111011000111010111000010100100010111010000110110001011110
111101000110000011111111000111001111110001111101110111010000000100111001101111010010100100010100100111110110111011000111010111000010100100010111010000110110001011110
111101000110000011111111000111001111110001100100000110000010000100111001101111010010100100010100100111110110111011000111010111000010100100010111010000110110001011110
111101000110000011111111000111001111110001111101110111010000100111001101111010010100100010100100100111110110111011000111010111000010100100010111010000110110001011110
111101000110000011111111000111001111110001111101110111001010000100111001101111010010100100010100100111110110111011000111001100100011001010001011001111001001011011110
111101000110000011111111000111001111110001111101110111010000100111001101111010010100100000010100100111110110111011000111010111000010100100010111010000110110001011110
111101000110000011111111000111001111000011101011011000111010000100111001101111010010100100010100100111110110111011000111010111000010100100010111010000110110001011110
111101000110000011111111000111001111110001111101110111001010000100111001101111010010100100010100100111110110111011000111011111000010100100010111010000110110001011110
111101000110000011111111000111001111110001111101110111001010000100111001101111010010100100010100100111110110111011000001010111000010100100010111010000110110001011110
111101000110000011111111000111001111110001111101110111010000100111001101111010010100100010100100111110110111011011000111010111000010100100010111010000110110001011110
111101000110000011111111000111001111110001111101110111001010000100111001101111010010100100100100100111110110111011000111010111000010100100010111010000110110001011110
111101000110000011111111000111001111110001111101110111001010000100111001101111010010100100000100100111110110111011000111010111000010100100010111010000110110001011110
111101000110000011111111000111001111000011111101110111001010000100111001101111010010100100010100100111110110111011000111010111000010100100010111010000110110001011110
111101000110000011111111000111001111110001111101110111010110010000100111001101111010010100100010111000011000000101000111010111000010100100010111010000110110001011110
111101000110000011111111000111001111110001111101110111001010000100111001101111010010100100010100100110010001001100111111011111000010100100010111010000110110001011110
111101000110000011111111000111001111110001111101110010110010000100111001101111010010100100010100100111110110111011000111010111000010100100010111010000110110001011110
111101000110000011111111000111001111000011001110010110010000100111001101111010010100100010100100100111110110111011000111010111000010100100010111010000110110001011110
111101000110000011111111000111001111110001111101110111001010000100111001101111010010100100010100010100001011001100111111011111000010100100010111010000110110001011110
111101000110000011111111000111001111110001111101110111001010000100111001101111010010100110000100100111110110111011000111010111000010100100010111010000110110001011110
111101000110000011111111000111001111110001111101110111001010000100111001101111010010100100000100010101101100111011110111010111000010100100010111010000110110001011110
111101000110000011111111000111001111110001111101110111001010000100111001101111010010100100011100100111110110111011000111010111000010100100010111010000110110001011110
111101000110000011111111000111001111110001111101110111001010000100111001101111010010100100010100100111110110111011000111111111000010100100010111010000110110001011110
111101000110000011111111000111001111000011001110010110010000100111001101111010010100100000010100100111110110111011000111010111000010100100010111010000110110001011110
111101000110000011111111000111001111110001111101110111001010000100111001101111010010100100010100100111110110111011000111010111000001010010111101010100100010010001110
111101000110000011111111000111001111110001111101110111001010000100111001101111010010100100010100100111110110111011000111010111000001010010111101010100100010000011110
