101100000101011001011001101000111011101001010010111110111110000010010000111000100100011010010000111000010001100111100101110001011101001000011101010010000010000001100
101100000101011001011001101000111011101001010010111110111110000010010000111000100100011010010000111000111011011000100101110001011101001000011101010010000010000001100
101100000101011001011001101000111011101001010010111110111110000010010000111000100100011010010000111000111001100111100101110001011101001000011101010010000010000001100
101100000101011001011001011101000111011101001010010111110111110000010010000111000100100011010010000111000111011000100101110001011101001000011101010010000010000001100
101100000101011001011001101000111011101001010010111110111110000010010000111000100100011010010000111010001011011000100101110001011101001000011101010010000010000001100
101100000101011001011001101000111011101001010010111110111110000010010000111000100100011010001111010110101011011000100101110001011101001000011101010010000010000001100
101100000101011001011001011101000111011101001010010111110111110000010010000111000100100011010010000111000011011000100101110001011101001000011101010010000010000001100
101100000101011001011001101000111011101001010010111110111110000010010000111000100100011010010000111000000011011000100101110001011101001000011101010010000010000001100
101100000101011001011001101000111011101001010010111110111110000010010000111000100100011010010000111000111011101000100101110001011101001000011101010010000010000001100
101100000101011001011001101000111011101001010010111110111110000010010000111000100100011010010000111000111111111000100101110001011101001000011101010010000010000001100
101100000101011001011001101000111011101001010010111110111110000010010000111000100100011010001111010110100110001010100101110001011101001000011101010010000010000001100
101100000101011001011001101000111011101001010010111110111110000010010000111000100100011010001111010110110011011000100101110001011101001000011101010010000010000001100
101100000101011001011001101000111011101001010010111110111110000010010000111000100100011010010000111000000111011000100101110001011101001000011101010010000010000001100
101100000101011001011001011101000111011101001010010111110111110000010010000111000100100011010001111010110011011000100101110001011101001000011101010010000010000001100
101100000101011001011001101000111011101001010010111110111110000010010000111000100100011010010000111000111011000100101110001011101001000011101010010000010000001111100
101100000101011001011001101000111011101001010010111110111110000010010000111000100100011010001111010110011011101000100101110001011101001000011101010010000010000001100
101100000101011001011001101000111011101001010010111110111110000010010000111000100100011010001111010110110111010111100101110001011101001000011101010010000010000001100
101100000101011001011001101000111011101001010010111110111110000010010000111000100100011010001111010100011011101000100101110001011101001000011101010010000010000001100
101100000101011001011001101000111011101001010010111110111110000010010000111000100100011010001111010110100110001001000001110001011101001000011101010010000010000001100
101100000101011001011001101000111011101001010010111110111110000010010000111000100100011010010000111000111111011000100101110001011101001000011101010010000010000001100
101100000101011001011001101000111011101001010010111110111110000010010000111000100100011010001111000111000011011000100101110001011101001000011101010010000010000001100
101100000101011001011001101101000111011101001010010111110111110000010010000111000100100011010010000111000111011000100101110001011101001000011101010010000010000001100
101100000101011001011001101000111011101001010010111110111110000010010000111000100100100011010010000111000111011000100101110001011101001000011101010010000010000001100
101100000101011001011001101000111011101001010010111110111110000010010000111000100100011010001111010110111001100111100101110001011101001000011101010010000010000001100
101100000101011001011001101000111011101001010010111110111110000010010000111000100100011010010000111000011011000100101110001011101001000011101010010000010000001111100
101100000101011001011001101000111011101001010010111110111110000010010000111000100100011010001111010110010111010111100101110001011101001000011101010010000010000001100
101100000101011001011001101000111011101001010010111110111110000010010000111000100100011010001111010110100011011000100101110001011101001000011101010010000010000001100
101100000101011001011001101000111011101001010010111110111110000010010000111000100100011010001111010001110111010111100101110001011101001000011101010010000010000001100
101100000101011001011001101000111011101001010010111110111110000010010000111000100100011010010000101001110011011000100101110001011101001000011101010010000010000001100
101100000101011001011001000111011101001010010111110111110000010010000111000100100011010010000111000000110001100111100101110001011101001000011101010010000010000001100
101100000101011001011001011101000111011101001010010111110111110000010010000111000100100011010001111010110011101110100101110001011101001000011101010010000010000001100
101100000101011001011001101000111011101001010010111110111110000010010000111000100100011010001111010110011011000100101110001011101001000011101010010000010000001111100
