011101001001001110011110001110010111111100010110001100000000111010111000011101100001001110011100010001100110000011101100000011001100001111000100000111001010010010000
011101001001001110011110001110010111111100010110001100000000111010111000011101100001001110011100010001100110000011101100000011001100001111000100000111001000100001100
011101001001001110011110001110010111111100110111101100000000111010111000011101100001001110011100010001100110000011101100000011001100001111000100000111001010010010000
011101001001001110011110001110010111111100010110001100000000111010111000011101100001001110011100010001100110000011101100000011001100001111000100000111001001010010000
011101001001001110011110001110010111111100010110001100000000111010111000011101100001001110011100010001100110000011101100000011001100001111000100000111001010110111100
011101001001001001110011110001110010111111100010110001100000111010111000011101100001001110011100010001100110000011101100000011001100001111000100000111001010010010000
011101001001001110011110001110010111111100010110001100000000111010111000011101100001001110011100010001100110000011101100000011001100001111000100000111001010011101000
011101001001001110011110001110010111111100010110001100000111010111000011101100001001110011100010001100110000011101100000011001100001111000100000111001010010010010000
011101001001110011110001110010111111100010110001100000000111010111000011101100001001110011100010001100110000011101100000011001100001111000100000111001010010010010000
011101001001001110011110001110010111111100010101000000010011100010001010010111010110100110011100010001100110000011101100000011001100001111000100000111001010010010000
011101001001001110011110001110010111111100010110001100000111010111000011101100001001110011100010001100110000011101100000011001100001111000100000111001010000100111100
011101001001001110011110001110010111111100010110001100000000111010111000011101100001001110011100010001100110000011101100000011001100001111000100000111001000100111100
011101001001001110011110001110010111111100010110001100000000111010111000011101100001001110011100010001100110000011101100000011001100001111000100000111001010111101000
011101001001001110011110001110010111111100011011101100000000111010111000011101100001001110011100010001100110000011101100000011001100001111000100000111001010010010000
011101001001001110011110001110010111111100010110001100000111010111000011101100001001110011100010001100110000011101100000011001100001111000100000111001010000100001100
011101001001001110011110001110010111111100010110001100000000111010111000011101100001001110011100010001100110000011101100000011001100001111000100000111001001111001100
011101001001001110011110001110010111111100010110011001100000111010111000011101100001001110011100010001100110000011101100000011001100001111000100000111001010010010000
011101001001001110011110001110010111111100010110001100000000111010111000011101100001001110011100010001100110000011101100000011001100001111000100000111001111101001100
011101001001001110011110001110010111111100010110001100000000111010111000011101100001001110011100010001100110000011101100000011001100001111000100000111001010000001100
011101001001110011110001110010111111100010110001100000000111010111000011101100001001110011100010001100110000011101100000011001100001111000100000111001010000100111100
011101001001001110011110001110010111111100010110001100000000111010111000011101100001001110011100010001100110000011101100000011001100001111000100000110101100100111100
011101001001001110011110001110010111111100010110001100000000111010111000011101100001001110011100010001100110000011101100000011001100001111000100000111001010100001100
011101001001001110011110001110010111111100010110001100000000111010111000011101100001001110011100010001100110000011101100000011001100001111000100010001100110000001100
011101001001110011110001110010111111100010110001100000000111010111000011101100001001110011100010001100110000011101100000011001100001111000100000111001010000100001100
011101001001001110011110001110010111111100010110001100000000111010111000011101100001001110011100010001100110000011101100000011001100001111000100000111001010011001100
011101001001001110011110001110010111111100010110001100000000111010111000011101100001001110011100010001100110000011101100000011001100001111000100000100101101010111100
011101001001001110011110001110010111111100010110011101100000111010111000011101100001001110011100010001100110000011101100000011001100001111000100000111001010010010000
011101001001001110011110001110010111111100010110011101110011100010001010010111010110100110011100010001100110000011101100000011001100001111000100000111001010010010000
011101001001001110011110001110010111111100110000100000010011100010001010010111010110100110011100010001100110000011101100000011001100001111000100000111001010010010000
011101001001001110011110001110010111111100011001011001100000111010111000011101100001001110011100010001100110000011101100000011001100001111000100000111001010010010000
011101001001001110011110001110010111111100010110001100000000111010111000011101100001001110011100010001100110000011101100000011001100001111000100000111001010001011110
011101001001001110011110001110010111111100110111101100000000111010111000011101100001001110011100010001100110000011101100000011001100001111000100000111001001010010000
