001011001111101011100111100000001101011110011110110000011101011010001110011110000110001111001001110100001101111010001000100101101111100001000111100100010001010101000
110011010110111011010001101010101101011110011110110000011101011010001110011110000110001111001001110100001101111010001000100101101111100001000111100100010001010101000
001010110000111011100111100000001101011110011110110000011101011010001110011110000110001111001001110100001101111010001000100101101111100001000111100100010001010101000
011011001111101011100111100000001101011110011110110000011101011010001110011110000110001111001001110100001101111010001000100101101111100001000111100100010001010101000
011001011010011000011111100000001101011110011110110000011101011010001110011110000110001111001001110100001101111010001000100101101111100001000111100100010001010101000
001001000111101011100111100000001101011110011110110000011101011010001110011110000110001111001001110100001101111010001000100101101111100001000111100100010001010101000
010101100111011000011111100000001101011110011110110000011101011010001110011110000110001111001001110100001101111010001000100101101111100001000111100100010001010101000
100101111010101000011111100000001101011110011110110000011101011010001110011110000110001111001001110100001101111010001000100101101111100001000111100100010001010101000
010001001111001010010000010000001101011110011110110000011101011010001110011110000110001111001001110100001101111010001000100101101111100001000111100100010001010101000
001111001111101011100111100000001101011110011110110000011101011010001110011110000110001111001001110100001101111010001000100101101111100001000111100100010001010101000
011111011111000101110101010000001101011110011110110000011101011010001110011110000110001111001001110100001101111010001000100101101111100001000111100100010001010101000
010110000111011000011111100000001101011110011110110000011101011010001110011110000110001111001001110100001101111010001000100101101111100001000111100100010001010101000
100001000011011000011111100000001101011110011110110000011101011010001110011110000110001111001001110100001101111010001000100101101111100001000111100100010001010101000
000111100011011000011111100000001101011110011110110000011101011010001110011110000110001111001001110100001101111010001000100101101111100001000111100100010001010101000
011101100111011000011111100000001101011110011110110000011101011010001110011110000110001111001001110100001101111010001000100101101111100001000111100100010001010101000
101011001111101011100111100000001101011110011110110000011101011010001110011110000110001111001001110100001101111010001000100101101111100001000111100100010001010101000
011111001111101011100111100000001101011110011110110000011101011010001110011110000110001111001001110100001101111010001000100101101111100001000111100100010001010101000
011001011111011000011111100000001101011110011110110000011101011010001110011110000110001111001001110100001101111010001000100101101111100001000111100100010001010101000
000000101011001100001111111100000001011110011110110000011101011010001110011110000110001111001001110100001101111010001000100101101111100001000111100100010001010101000
001011011111000101110101010000001101011110011110110000011101011010001110011110000110001111001001110100001101111010001000100101101111100001000111100100010001010101000
110111101111011000011111100000001101011110011110110000011101011010001110011110000110001111001001110100001101111010001000100101101111100001000111100100010001010101000
110011001111101011100111100000001101011110011110110000011101011010001110011110000110001111001001110100001101111010001000100101101111100001000111100100010001010101000
011001011010011011010001101010101101011110011110110000011101011010001110011110000110001111001001110100001101111010001000100101101111100001000111100100010001010101000
001011001111101011100010010110001101011110011110110000011101011010001110011110000110001111001001110100001101111010001000100101101111100001000111100100010001010101000
111011001111101011100111100000001101011110011110110000011101011010001110011110000110001111001001110100001101111010001000100101101111100001000111100100010001010101000
001010101000001111100111100000001101011110011110110000011101011010001110011110000110001111001001110100001101111010001000100101101111100001000111100100010001010101000
011011111100000100011001010000001101011110011110110000011101011010001110011110000110001111001001110100001101111010001000100101101111100001000111100100010001010101000
010001011111011000011111100000001101011110011110110000011101011010001110011110000110001111001001110100001101111010001000100101101111100001000111100100010001010101000
011010101000001111100111100000001101011110011110110000011101011010001110011110000110001111001001110100001101111010001000100101101111100001000111100100010001010101000
110011010110111011011001010000001101011110011110110000011101011010001110011110000110001111001001110100001101111010001000100101101111100001000111100100010001010101000
000111011111000101110101010000001101011110011110110000011101011010001110011110000110001111001001110100001101111010001000100101101111100001000111100100010001010101000
011011111100001111100111100000001101011110011110110000011101011010001110011110000110001111001001110100001101111010001000100101101111100001000111100100010001010101000
