111010110110000111001010110110010011110011011010000000011011110100001101100011100100101000011010111011001010010101111111101011111101000111101000000101010000101011110
111010110110000111001010110110010011110011011010000011100000010100001101100011100100101000011010111011001010010101111111101011111101000111101000000101010000101011110
111010110110000111001010110110010011110011011010000000011011111100001101100011100100101000011010111011001010010101111111101011111101000111101000000101010000101011110
111010110110000111001010110110010011110011011010000000011000110100001101100011100100101000011010111011001010010101111111101011111101000111101000000101010000101011110
111010110110000111001010110110010011110011011010000000011001000100001101100011100100101000011010111011001010010101111111101011111101000111101000000101010000101011110
111010110110000111001010110110010011110011011010000000011011101100001101100011100100101000011010111011001010010101111111101011111101000111101000000101010000101011110
111010110110000111001010110110010011110011011010000011100000000100001101100011100100101000011010111011001010010101111111101011111101000111101000000101010000101011110
111010110110000111001010110110010011110011011010000000011010000100001101100011100100101000011010111011001010010101111111101011111101000111101000000101010000101011110
111010110110000111001010110110010011110011011010000000011011000100001101100011100100101000011010111011001010010101111111101011111101000111101000000101010000101011110
111010110110000111001010110110010011110011011010000000011011010100001101100011100100101000011010111011001010010101111111101011111101000111101000000101010000101011110
111010110110000111001010110110010011110011011010000000011101110100001101100011100100101000011010111011001010010101111111101011111101000111101000000101010000101011110
111010110110000111001010110110010011110011011010000011100000110100001101100011100100101000011010111011001010010101111111101011111101000111101000000101010000101011110
111010110110000111001010110110010011110011011010000000011011101000001101100011100100101000011010111011001010010101111111101011111101000111101000000101010000101011110
111010110110000111001010110110010011110011011010000000011011011100001101100011100100101000011010111011001010010101111111101011111101000111101000000101010000101011110
111010110110000111001010110110010011110011011010000011100001000100001101100011100100101000011010111011001010010101111111101011111101000111101000000101010000101011110
111010110110000111001010110110010011110011011010000000011101100100001101100011100100101000011010111011001010010101111111101011111101000111101000000101010000101011110
111010110110000111001010110110010011110011011010000000011010010100001101100011100100101000011010111011001010010101111111101011111101000111101000000101010000101011110
111010110110000111001010110110010011110011011010000000101110010100001101100011100100101000011010111011001010010101111111101011111101000111101000000101010000101011110
111010110110000111001010110110010011110011011010000000011011110000001101100011100100101000011010111011001010010101111111101011111101000111101000000101010000101011110
111010110110000111001010110110010011110011011010000000011011101011101101100011100100101000011010111011001010010101111111101011111101000111101000000101010000101011110
111010110110000111001010110110010011110011011010000011100000011100001101100011100100101000011010111011001010010101111111101011111101000111101000000101010000101011110
111010110110000111001010110110010011110011011010000000011011101111001101100011100100101000011010111011001010010101111111101011111101000111101000000101010000101011110
111010110110000111001010110110010011110011011010000000011011110111001101100011100100101000011010111011001010010101111111101011111101000111101000000101010000101011110
111010110110000111001010110110010011110011011010000000011001001100001101100011100100101000011010111011001010010101111111101011111101000111101000000101010000101011110
111010110110000111001010110110010011110011011010000000011001110100001101100011100100101000011010111011001010010101111111101011111101000111101000000101010000101011110
111010110110000111001010110110010011110011011010000000011101111100001101100011100100101000011010111011001010010101111111101011111101000111101000000101010000101011110
111010110110000111001010110110010011110011011010000000011101101000001101100011100100101000011010111011001010010101111111101011111101000111101000000101010000101011110
111010110110000111001010110110010011110011011010000111010000110100001101100011100100101000011010111011001010010101111111101011111101000111101000000101010000101011110
111010110110000111001010110110010011110011011010000000011011110011101101100011100100101000011010111011001010010101111111101011111101000111101000000101010000101011110
111010110110000111001010110110010011110011011010000000011011010111001101100011100100101000011010111011001010010101111111101011111101000111101000000101010000101011110
111010110110000111001010110110010011110011011010000000011011011011101101100011100100101000011010111011001010010101111111101011111101000111101000000101010000101011110
111010110110000111001010110110010011110011011010000000011011110100001101100011100100101000011010111011001010010101111111101011111101000111101000000101000111100101110
