100000010010010110011110100110111001010000111111110110000000110001110000100001001101110000100011011110001100100101111100101111101110110011000010110100001101110101110
100000001000011100111010100110111001010000111111110110000000110001110000100001001101110000100011011110001100100101111100101111101110110011000010110100001101110101110
100000001000011100111110001001101101111000111111110110000000110001110000100001001101110000100011011110001100100101111100101111101110110011000010110100001101110101110
100000001000111111011110100110111001010000111111110110000000110001110000100001001101110000100011011110001100100101111100101111101110110011000010110100001101110101110
100000001100010110011110100110111001010000111111110110000000110001110000100001001101110000100011011110001100100101111100101111101110110011000010110100001101110101110
100000001000011100111110100110111001010000111111110110000000110001110000100001001101110000100011011110001100100101111100101111101110110011000010110100001101110101110
100000001000011100111100100110111001010000111111110110000000110001110000100001001101110000100011011110001100100101111100101111101110110011000010110100001101110101110
100000001000011101011110100110111001010000111111110110000000110001110000100001001101110000100011011110001100100101111100101111101110110011000010110100001101110101110
100000001000111111001000100110111001010000111111110110000000110001110000100001001101110000100011011110001100100101111100101111101110110011000010110100001101110101110
100000001000111111001101110100011001010000111111110110000000110001110000100001001101110000100011011110001100100101111100101111101110110011000010110100001101110101110
100000001000011100111111000111001010000111111110110000000110001110000100001001101110000100011011110001100100101111100101111101110110011000010110100001101110110101110
100000001000011100111111000100110111110000111111110110000000110001110000100001001101110000100011011110001100100101111100101111101110110011000010110100001101110101110
100000010010111110011110100110111001010000111111110110000000110001110000100001001101110000100011011110001100100101111100101111101110110011000010110100001101110101110
100000001000011100111111000001111001010000111111110110000000110001110000100001001101110000100011011110001100100101111100101111101110110011000010110100001101110101110
100000111100010110011110100110111001010000111111110110000000110001110000100001001101110000100011011110001100100101111100101111101110110011000010110100001101110101110
100000010010010100011110100110111001010000111111110110000000110001110000100001001101110000100011011110001100100101111100101111101110110011000010110100001101110101110
100000001000011100111100100001100110010100111111110110000000110001110000100001001101110000100011011110001100100101111100101111101110110011000010110100001101110101110
100000001010010110011110100110111001010000111111110110000000110001110000100001001101110000100011011110001100100101111100101111101110110011000010110100001101110101110
100000001000011111100111111000111001010000111111110110000000110001110000100001001101110000100011011110001100100101111100101111101110110011000010110100001101110101110
100000001000011100111100110111001010000111111110110000000110001110000100001001101110000100011011110001100100101111100101111101110110011000010110100001101110110101110
100000001000011101010010011010111001010000111111110110000000110001110000100001001101110000100011011110001100100101111100101111101110110011000010110100001101110101110
100000001000011100111111000111001010000111111110110000000110001110000100001001101110000010100011011110001100100101111100101111101110110011000010110100001101110101110
100000001000011111100111100110111001010000111111110110000000110001110000100001001101110000100011011110001100100101111100101111101110110011000010110100001101110101110
100000010010010011011110100110111001010000111111110110000000110001110000100001001101110000100011011110001100100101111100101111101110110011000010110100001101110101110
100000001000011100111100110110111001010000111111110110000000110001110000100001001101110000100011011110001100100101111100101111101110110011000010110100001101110101110
100000001000011100111111000111001010000111111110110000000110001110000100001001101110000100011011110001100100101111100101111101110110011000010110100001101111110101110
100000001000000001011110100110111001010000111111110110000000110001110000100001001101110000100011011110001100100101111100101111101110110011000010110100001101110101110
011001001110100000100110100110111001010000111111110110000000110001110000100001001101110000100011011110001100100101111100101111101110110011000010110100001101110101110
100000001000011100111111000111001010000111111110110000000110001110000100001001101110000100011011110001100100101111100101111101110110011000010110100010101111110101110
100000001000011100111111000111001010000111111110110000000110001110000100001001101110000110100011011110001100100101111100101111101110110011000010110100001101110101110
100000001000111110011110100110111001010000111111110110000000110001110000100001001101110000100011011110001100100101111100101111101110110011000010110100001101110101110
100000011110010011011110100110111001010000111111110110000000110001110000100001001101110000100011011110001100100101111100101111101110110011000010110100001101110101110
