110100110011000010000011011001110000101011111010011101111010001110111001111001000001011000111111011100100111000101000000111100100101110110011110101101010101111010110
110100110011000010000011011001110000101011111010011101111010001110111001111001000001011000111111011100100111000101000000111100100001110110011110101101010101111010110
110100110011000010000011011001110000101011111010011101111010001110111001111001000001011000111111011100100111000101000000111111011111110110011110101101010101111010110
110100110011000010000011011001110000101011111010011101111010001110111001111001000001011000111111011100100111000101000000111111000101110110011110101101010101111010110
110100110011000010000011011001110000101011111010011101111010001110111001111001000001011000111111011100100111000101000000100110100101110110011110101101010101111010110
110100110011000010000011011001110000101011111010011101111010001110111001111001000001011000111111011100100111000101000000100110100111110110011110101101010101111010110
110100110011000010000011011001110000101011111010011101111010001110111001111001000001011000111111011100100111000101000000100110100001110110011110101101010101111010110
110100110011000010000011011001110000101011111010011101111010001110111001111001000001011000111111011100100111000100010100111100100101110110011110101101010101111010110
110100110011000010000011011001110000101011111010011101111010001110111001111001000001011000111111011100100111000101000000111101000101110110011110101101010101111010110
110100110011000010000011011001110000101011111010011101111010001110111001111001000001011000111111011100100111000101000000100110101101110110011110101101010101111010110
110100110011000010000011011001110000101011111010011101111010001110111001111001000001011000111111011100100111000101000000100101010111110110011110101101010101111010110
110100110011000010000011011001110000101011111010011101111010001110111001111001000001011000111111011100100111000101000000101011110111110110011110101101010101111010110
110100110011000010000011011001110000101011111010011101111010001110111001111001000001011000111111011100100111000101000000111111000001110110011110101101010101111010110
110100110011000010000011011001110000101011111010011101111010001110111001111001000001011000111111011100100111000101000000100101010100101110110011110101101010101111010
110100110011000010000011011001110000101011111010011101111010001110111001111001000001011000111111011100100111000101000000111100001111110110011110101101010101111010110
110100110011000010000011011001110000101011111010011101111010001110111001111001000001011000111111011100100111000101000000111101101111110110011110101101010101111010110
110100110011000010000011011001110000101011111010011101111010001110111001111001000001011000111111011100100111000101000000111101000111110110011110101101010101111010110
110100110011000010000011011001110000101011111010011101111010001110111001111001000001011000111111011100100111000101000000100110100011110110011110101101010101111010110
110100110011000010000011011001110000101011111010011101111010001110111001111001000001011000111111011100100111000101000000111101110000111110011110101101010101111010110
110100110011000010000011011001110000101011111010011101111010001110111001111001000001011000111111011100100111000101000000100110111111110110011110101101010101111010110
110100110011000010000011011001110000101011111010011101111010001110111001111001000001011000111111011100100111000101000000111111000111110110011110101101010101111010110
110100110011000010000011011001110000101011111010011101111010001110111001111001000001011000111111011100100111000101000000100110110000111110011110101101010101111010110
110100110011000010000011011001110000101011111010011101111010001110111001111001000001011000111111011100100111000101000000111100110111110110011110101101010101111010110
110100110011000010000011011001110000101011111010011101111010001110111001111001000001011000111111011100100111000100010100111100100001110110011110101101010101111010110
110100110011000010000011011001110000101011111010011101111010001110111001111001000001011000111111011100100111000101000000100100000001110110011110101101010101111010110
110100110011000010000011011001110000101011111010011101111010001110111001111001000001011000111111011100100111000101000000111101110111110110011110101101010101111010110
110100110011000010000011011001110000101011111010011101111010001110111001111001000001011000111111011100100111000101000000100101010000111110011110101101010101111010110
110100110011000010000011011001110000101011111010011101111010001110111001111001000001011000111111011100100111000101000000111111010111110110011110101101010101111010110
110100110011000010000011011001110000101011111010011101111010001110111001111001000001011000111111011100100111000101000000111111010000111110011110101101010101111010110
110100110011000010000011011001110000101011111010011101111010001110111001111001000001011000111111011100100111000101000000111100100111110110011110101101010101111010110
110100110011000010000011011001110000101011111010011101111010001110111001111001000001011000111111011100100111000101000000111100100100001110110011110101101010101111010
110100110011000010000011011001110000101011111010011101111010001110111001111001000001011000111111011100100111000101000000111100100001001100001111101011110101000011010
