001010001011011000101000100000000110111111000110011101000101001011100001001000011010101100101111001000110001100100001000010111000011000111011111101001010111100010100
001010001011011000101000100000000110111111000110011101000101001011100001001000011010101100101111001000110001100100001000010111000011000111011111101001010111100000100
001010001011011000101000100000000110111111000110011101000101001011100001001000011010101100101111001000110001100100001000010111000011000111011111101001010111110100100
001010001011011000101000100000000110111111000110011101000101001011100001001000011010101100101111001000110001100100001000010111000011000111011111101001010111100011100
001010001011011000101000100000000110111111000110011101000101001011100001001000011010101100101111001000110001100100001000010111000011000111011111101001010111100100100
001010001011011000101000100000000110111111000110011101000101001011100001001000011010101100101111001000110001100100001000010111000011000111011111101001010111100011011
001010001011011000101000100000000110111111000110011101000101001011100001001000011010101100101111001000110001100100001000010111000011000111011111101001010111100010010
001010001011011000101000100000000110111111000110011101000101001011100001001000011010101100101111001000110001100100001000010111000011000111011111101001010111110010100
010001011011000101000100000000110111111000110011101000101001011100001001000011010101100101111001000110001100100001000010111000011000111011111101001010111100010010100
001010001011011000101000100000000110111111000110011101000101001011100001001000011010101100101111001000110001100100001000010111000011000111011111101001010111100011101
001010001011011000101000100000000110111111000110011101000101001011100001001000011010101100101111001000110001100100001000010111000011000111011111101001010111100000000
001010001011011000101000100000000110111111000110011101000101001011100001001000011010101100101111001000110001100100001000010111000011000111011111101001010111110000100
010001011011000101000100000000110111111000110011101000101001011100001001000011010101100101111001000110001100100001000010111000011000111011111101001010111100011010100
001010001011011000101000100000000110111111000110011101000101001011100001001000011010101100101111001000110001100100001000010111000011000111011111101001010111100010101
010001011011000101000100000000110111111000110011101000101001011100001001000011010101100101111001000110001100100001000010111000011000111011111101001010111100011100100
001010001011011000101000100000000110111111000110011101000101001011100001001000011010101100101111001000110001100100001000010111000011000111011111101001010111110101101
010001011011000101000100000000110111111000110011101000101001011100001001000011010101100101111001000110001100100001000010111000011000111011111101001010111100011011100
010001011011000101000100000000110111111000110011101000101001011100001001000011010101100101111001000110001100100001000010111000011000111011111101001010111100011000000
010001011011000101000100000000110111111000110011101000101001011100001001000011010101100101111001000110001100100001000010111000011000111011111101001010111100010100100
001010001011011000101000100000000110111111000110011101000101001011100001001000011010101100101111001000110001100100001000010111000011000111011111101001010100010010100
010001011011000101000100000000110111111000110011101000101001011100001001000011010101100101111001000110001100100001000010111000011000111011111101001010111100000010100
001010001011011000101000100000000110111111000110011101000101001011100001001000011010101100101111001000110001100100001000010111000011000111011111101010100011000100100
001010001011011000101000100000000110111111000110011101000101001011100001001000011010101100101111001000110001100100001000010111000011000111011111101001010100011000100
010001011011000101000100000000110111111000110011101000101001011100001001000011010101100101111001000110001100100001000010111000011000111011111101001010111100000100100
010001011011000101000100000000110111111000110011101000101001011100001001000011010101100101111001000110001100100001000010111000011000111011111101001010111100000000100
010001011011000101000100000000110111111000110011101000101001011100001001000011010101100101111001000110001100100001000010111000011000111011111101001010111100010101101
001010001011011000101000100000000110111111000110011101000101001011100001001000011010101100101111001000110001100100001000010111000011000111011111101010100011000010100
001010001011011000101000100000000110111111001110011101000101001011100001001000011010101100101111001000110001100100001000010111000011000111011111101001010111100010100
010001011011000101000100000000110111111000110011101000101001011100001001000011010101100101111001000110001100100001000010111000011000111011111101001010111100101010100
010001011011000101000100000000110111111000110011101000101001011100001001000011010101100101111001000110001100100001000010111000011000111011111101001010111100011110000
001010001011011000101000100000000110111111000110011101000101001011100001001000011010101100101111001000110001100100001000010111000011000111011111101001010111010110100
001010001011011000101000100000000110111111000110011101000101001011100001001000011010101100101111001000110001100100001000010111000011000111011111101001010010110010100
