100000001001110000110001100111110001000100101000010110001000110011100100000010111001000011000001010110001111000100000110001011011011010100101001110010000110101111010
100000001001110000110001100111110001000100101000010110001111100010011011110101001001000011000001010110001111000100000110001011011011010100101001110010000110101111010
100000001001110000110001100111110001000100101000010110001000110011100100000010111001000011000001010110001111000100000110001011011011111100101001110010000110101111010
100000001001110000110001100111110001000100101000010110001111100010011011110101001001000011000001010110001111000100000110001011011011111100101001110010000110101111010
100000001001110000110001100111110001000100101000010110001000110011100101010011100101010000010101010101111110011101011011101111110001011111110100101010000110101111010
100000001001110000110001100111110001000100101000010110001000110011100111111111110110000011000001010110001111000100000110001011011011010100101001110010000110101111010
100000001001110000110001100111110001000100101000010110001000110011110100100100001001000011000001010110001111000100000110001011011011010100101001110010000110101111010
100000001001110000110001100111110001000100101000010110001000110011100110101011110000011000001010110001111000100000110001011011011110010100101001110010000110101111010
100000001001110000110001100111110001000100101000010110001000110011110010101110110000011000001010110001111000100000110001011011011110010100101001110010000110101111010
100000001001110000110001100111110001000100101000010110001000111001011000110110111001000011000001010110001111000100000110001011011011010100101001110010000110101111010
100000001001110000110001100111110001000100101000010110001000110011100110101011110000011000001010110001111000100000110001011011011111110100101001110010000110101111010
100000001001110000110001100111110001000100101000010110001000110011100111111111110110000011000001010110001111000100000110001011011011111100101001110010000110101111010
100000001001110000110001100111110001000100101000010110001000110011110100100100001001000011000001010110001111000100000110001011011011111100101001110010000110101111010
100000001001110000110001100111110001000100101000010110001000110011110010101110110000011000001010110001111000100000110001011011011111110100101001110010000110101111010
100000001001110000110001100111110001000100101000010110001000110011100100010110001001000011000001010110001111000100000110001011011011010100101001110010000110101111010
100000001001110000110001100111110001000100101000010110001000111001011001110011010101010000010101010101111110011101011011101111110001011111110100101010000110101111010
100000001001110000110001100111110001000100101000010110001000111001011000110110111001000011000001010110001111000100000110001011011011111100101001110010000110101111010
100000001001110000110001100111110001000100101000010110001000111001011000100010010101010000010101010101111110011101011011101111110001011111110100101010000110101111010
100000001001110000110001100111110001000100101000010110001011011000011111010110000011000001010110001111000100000110001011011011011110010100101001110010000110101111010
100000001001110000110001100111110001000100101000010110001000110011100100010110001001000011000001010110001111000100000110001011011011111100101001110010000110101111010
100000001001110000110001100111110001000100110101110001001100110010101001001000101001001000011000001010110001111000100000110001011011011111110100101010000110101111010
100000001001110000110001100111110001000100101000010110001000110011100100000010111001000011000001010110001111000100000110001011010010011111110100101010000110101111010
100000001001110000110001100111110001000100101000010110001000110011100110101011110000011000001010110001111000100000110001011001101110010000111010100011000110101111010
100000001001110000110001100111110001000100101000010110001000110011100100000010111001000011000001010110001111000100000110001011000100111100101001110010000110101111010
100000001001110000110001100111110001000100101000010110001111100010011011110101001001000011000001010110001111000100000110001011010010011111110100101010000110101111010
100000001001110000110001100111110001000100101000010110001000110011110010101110110000011000001010110001111000100000110001011001101110010000111010100011000110101111010
100000001001110000110001100111110001000100101000010110001000110011100110101011110000011000001010110001111000100000110001011011011111100111010100000101010010010000111
100000001001110000110001100111110001000100101000010110001000110011110010101110110000011000001010110001111000100000110001011011011111100111010100000101010010010000111
100000001001110000110001100111110001000100101000010110001001111101110101010011100101010000010101010101111110011101011011101111110001011111110100101010000110101111010
100000001001110000110001100111110001000100101000010110001011011000011111010110000011000001010110001111000100000110001011011011111100111010100000110010000110101111010
100000001001110000110001100111110001000100101000010110001000110011110001010011100101010000010101010101111110011101011011101111110001011111110100101010000110101111010
100000001001110000110001100111110001000100101000010110001000110011100100000010111001000011000001010110001111000100000110001011010001011111110100101010000110101111010
