011101010011001101101110010110110101001011011000101111100010011011100110001010101000100001110010011011101011010111100100010100011001111100010100001010101011101011110
011101010011001101110110010110110101001011011000101111100010011011100110001010101000100001110010011011101011010111100100010100011001111100010100001010101011101011110
011101010011001101101110010110100100001110001001101111100010011011100110001010101000100001110010011011101011010111100100010100011001111100010100001010101011101011110
011101010011001101101110010110111000000000011011011011100010011011100110001010101000100001110010011011101011010111100100010100011001111100010100001010101011101011110
011101010011001101101110010100010001101100010000101111100010011011100110001010101000100001110010011011101011010111100100010100011001111100010100001010101011101011110
011101010011001101101110010110100100001011011000101111100010011011100110001010101000100001110010011011101011010111100100010100011001111100010100001010101011101011110
011101010011001101101110010110101110101100001010111111100010011011100110001010101000100001110010011011101011010111100100010100011001111100010100001010101011101011110
011101010011001101101110010100010001101000110000101111100010011011100110001010101000100001110010011011101011010111100100010100011001111100010100001010101011101011110
011101010011001101101110010110100100001110001010101111100010011011100110001010101000100001110010011011101011010111100100010100011001111100010100001010101011101011110
011101010011001101101110010110100100001110001010111111100010011011100110001010101000100001110010011011101011010111100100010100011001111100010100001010101011101011110
011101010011001101101110010110100001110000110000101111100010011011100110001010101000100001110010011011101011010111100100010100011001111100010100001010101011101011110
011101010011001101101110010100010001101000111000010101100010011011100110001010101000100001110010011011101011010111100100010100011001111100010100001010101011101011110
011101010011001101101110010110100100001010100010101111100010011011100110001010101000100001110010011011101011010111100100010100011001111100010100001010101011101011110
011101010011001101101110010110100100001110011100111111100010011011100110001010101000100001110010011011101011010111100100010100011001111100010100001010101011101011110
011101010011001101101110010110101001011011000101111111100010011011100110001010101000100001110010011011101011010111100100010100011001111100010100001010101011101011110
011101010011001101101110010110111011100000110000101111100010011011100110001010101000100001110010011011101011010111100100010100011001111100010100001010101011101011110
011101010011001101101110010110100100001110001011011011100010011011100110001010101000100001110010011011101011010111100100010100011001111100010100001010101011101011110
011101010011001101101110010100010001101100010000011111100010011011100110001010101000100001110010011011101011010111100100010100011001111100010100001010101011101011110
011101010011001101101110010110101001011011011000101111100010011011100110001010101000100001110010011011101011010111100100010100011001111100010100001010101011101011110
011101010011001101101110010110101001011011000101111110000110011011100110001010101000100001110010011011101011010111100100010100011001111100010100001010101011101011110
011101010011001101101110010110001011111101101101011011100010011011100110001010101000100001110010011011101011010111100100010100011001111100010100001010101011101011110
011101010011001101101110010110100100001110001000101111100010011011100110001010101000100001110010011011101011010111100100010100011001111100010100001010101011101011110
011101010011001101101110010110101110101100001010111011100010011011100110001010101000100001110010011011101011010111100100010100011001111100010100001010101011101011110
011101010011001101101110010110101001011011000101111100010011011100110001010101000100001110010011011101011010111100100010100011001111100010100001010101011110111011110
011101010100011010010110010110110101001011011000101111100010011011100110001010101000100001110010011011101011010111100100010100011001111100010100001010101011101011110
011101010011001101101110010110111000000000011010001111100010011011100110001010101000100001110010011011101011010111100100010100011001111100010100001010101011101011110
011101010011001101101110010110101001000110011100111111100010011011100110001010101000100001110010011011101011010111100100010100011001111100010100001010101011101011110
011101010011001101101110010100010001101100010000001010000110011011100110001010101000100001110010011011101011010111100100010100011001111100010100001010101011101011110
011101010011001101101110010110100100001110001001001011100010011011100110001010101000100001110010011011101011010111100100010100011001111100010100001010101011101011110
011101010011001101101110010110100100001010100000101111100010011011100110001010101000100001110010011011101011010111100100010100011001111100010100001010101011101011110
011101010011001101101110010110100100001010100010101010101010011011100110001010101000100001110010011011101011010111100100010100011001111100010100001010101011101011110
011101010011001101101110010110111000000000011010010010101010011011100110001010101000100001110010011011101011010111100100010100011001111100010100001010101011101011110
