100101110111110101110100110000100011000110101011011000010010000011101010110001011110010000000110101001001000001101011111001001010110000001010010010000110010000101001
100101110111110101110100110000100011000110101011011001000101111000100010100111110010000000110101001001000001101011111001001010110000001010010010000110010000101110100
100101110111110101110100110000100011000110101011011001000101111000100010100111110010000000110101001001000001101011111001001010110000001010010010000110010000111000001
100101110111110101110100110000100011000110101011011001000101111000100010100111110010000000110101001001000001101011111001001010110000001010010010000110010000101001111
100101110111110101110100110000100011000110101011011000011110001000100100010100111110010000000110101001001000001101011111001001010110000001010010010000110010000101001
100101110111110101110100110000100011000110101011011000010010000000100100010100111110010000000110101001001000001101011111001001010110000001010010010000110010000101001
100101110111110101110100110000100011000110101011011000010010000000101000011001011110010000000110101001001000001101011111001001010110000001010010010000110010000101001
100101110111110101110100110000100011000110101011011000010001100001010011110001011110010000000110101001001000001101011111001001010110000001010010010000110010000101001
100101110111110101110100110000100011000110101011011000010010000011101010110001011110010000000110101001001000001101011111001001010110000001010010010000110010000111001
100101110111110101110100110000100011000110101011011000001000100100100010100111110010000000110101001001000001101011111001001010110000001010010010000110010000101110100
100101110111110101110100110000100011000110101011011001000101111000100010100111110010000000110101001001000001101011111001001010110000001010010010000110010000101110111
100101110111110101110100110000100011000110101011011001000101111000100010100111110010000000110101001001000001101011111001001010110000001010010010000110010000110111001
100101110111110101110100110000100011000110101011011000010001101100010100111110010000000110101001001000001101011111001001010110000001010010010000110010000101010100001
100101110111110101110100110000100011000110101011011001000101111000100010110001011110010000000110101001001000001101011111001001010110000001010010010000110010000101001
100101110111110101110100110000100011000110101011011000010001101100010100111110010000000110101001001000001101011111001001010110000001010010010000110010000101110111001
100101110111110101110100110000100011000110101011011011001000101111000100010100111110010000000110101001001000001101011111001001010110000001010010010000110010000101001
100101110111110101110100110000100011000110101011011000010010000000101010110001011110010000000110101001001000001101011111001001010110000001010010010000110010000101001
100101110111110101110100110000100011000110101011011000010001000011101010110001011110010000000110101001001000001101011111001001010110000001010010010000110010000101001
100101110111110101110100110000100011000110101011011000010001101100010100111110010000000110101001001000001101011111001001010110000001010010010000110010000101010111001
100101110111110101110100110000100011000110101011011000001000100100100010100111110010000000110101001001000001101011111001001010110000001010010010000110010000111000001
100101110111110101110100110000100011000110101011011000010001101100010100111110010000000110101001001000001101011111001001010110000001010010010000110010000101001111001
100101110111110101110100110000100011000110101011011000011110110000101010110001011110010000000110101001001000001101011111001001010110000001010010010000110010000101001
100101110111110101110100110000100011000110101011011000011000101111000100010100111110010000000110101001001000001101011111001001010110000001010010010000110010000101001
100101110111110101110100110000100011000110101011011000001110110000101010110001011110010000000110101001001000001101011111001001010110000001010010010000110010000101001
100101110111110101110100110000100011000110101011011001000101111000100010100111110010000000110101001001000001101011111001001010110000001010010010000110010000101010011
100101110111110101110100110000100011000110101011011001000100100100010100111110010000000110101001001000001101011111001001010110000001010010010000110010000101010100001
100101110111110101110100110000100011000110101011011000010010000001010011110001011110010000000110101001001000001101011111001001010110000001010010010000110010000101001
100101110111110101110100110000100011000110101011011001000100100100010100111110010000000110101001001000001101011111001001010110000001010010010000110010000101110111001
100101110111110101110100110000100011000110101011011001000101111000100010100111110010000000110101001001000001101011111001001010110000001010010010000110010000101000001
100101110111110101110100110000100011000110101011011001000100100100010100111110010000000110101001001000001101011111001001010110000001010010010000110010000101010111001
100101110111110101110100110000100011000110101011011001000101111000100010100111110010000000110101001001000001101011111001001010110000001010010010000110010000110000001
100101110111110101110100110000100011000110101011011001000100100100010100111110010000000110101001001000001101011111001001010110000001010010010000110010000101001111001
