110110010011011100110001110001110101110111110101001101010101010011000011100001000100001000001011000111001100010111011101100100101111100000000100001111100000010001110
110110010001100110010010010101110101110111110101001101010101010011000011100001000100001000001011000111001100010111011101100100101111100000000100001111100000010001110
110110010000011011100110010101110101110111110101001101010101010011000011100001000100001000001011000111001100010111011101100100101111100000000100001111100000010001110
110110010011011100110001110101110101110111110101001101010101010011000011100001000100001000001011000111001100010111011101100100101111100000000100001111100000010001110
110110010001111100000010010101110101110111110101001101010101010011000011100001000100001000001011000111001100010111011101100100101111100000000100001111100000010001110
110110010000011011111010010101110101110111110101001101010101010011000011100001000100001000001011000111001100010111011101100100101111100000000100001111100000010001110
110110010011011100110010010101110101110111110101001101010101010011000011100001000100001000001011000111001100010111011101100100101111100000000100001111100000010001110
110110010001001111111111111101011101110111110101001101010101010011000011100001000100001000001011000111001100010111011101100100101111100000000100001111100000010001110
110110010011011100110001110101011101110111110101001101010101010011000011100001000100001000001011000111001100010111011101100100101111100000000100001111100000010001110
110110010000011011111111111101011101110111110101001101010101010011000011100001000100001000001011000111001100010111011101100100101111100000000100001111100000010001110
110110010010101000011011111101011101110111110101001101010101010011000011100001000100001000001011000111001100010111011101100100101111100000000100001111100000010001110
110110010001100110001110110101011101110111110101001101010101010011000011100001000100001000001011000111001100010111011101100100101111100000000100001111100000010001110
110110010000011011010101110001110101110111110101001101010101010011000011100001000100001000001011000111001100010111011101100100101111100000000100001111100000010001110
110110011011000011001010010101110101110111110101001101010101010011000011100001000100001000001011000111001100010111011101100100101111100000000100001111100000010001110
110110010011011100110001110111101011101110111110101001101010101010011000011100001000100001000001011000111001100111011101100100101111100000000100001111100000010001110
110110010001001111111010010101110101110111110101001101010101010011000011100001000100001000001011000111001100010111011101100100101111100000000100001111100000010001110
110110010011011100110111111101011101110111110101001101010101010011000011100001000100001000001011000111001100010111011101100100101111100000000100001111100000010001110
110110010011010101110011010101110101110111110101001101010101010011000011100001000100001000001011000111001100010111011101100100101111100000000100001111100000010001110
110110011011000011011101110001110101110111110101001101010101010011000011100001000100001000001011000111001100010111011101100100101111100000000100001111100000010001110
110110011011000011011111001110110101110111110101001101010101010011000011100001000100001000001011000111001100010111011101100100101111100000000100001111100000010001110
110110010000011011001010010101110101110111110101001101010101010011000011100001000100001000001011000111001100010111011101100100101111100000000100001111100000010001110
110110010011011100110001110001110101110111110101001101010101010011000011100001000100001000001011000111001100101111011101100100101111100000000100001111100000010001110
110110010011010101100110010101110101110111110101001101010101010011000011100001000100001000001011000111001100010111011101100100101111100000000100001111100000010001110
110110010001100110010101110001110101110111110101001101010101010011000011100001000100001000001011000111001100010111011101100100101111100000000100001111100000010001110
110110010001100110000100010101110101110111110101001101010101010011000011100001000100001000001011000111001100010111011101100100101111100000000100001111100000010001110
110110010001100110010010010101110101110111110101001101010101010011000011100001000100001000001011000111001100101111011101100100101111100000000100001111100000010001110
110110010000011011100110010101110101110111110101001101010101010011000011100001000100001000001011000111001100101111011101100100101111100000000100001111100000010001110
110110010011011100110001110111101011101110111110101001101010101010011000011100001000100001000001011000111011010111011101100100101111100000000100001111100000010001110
110110010001001111111111110111101011101110111110101001101010101010011000011100001000100001000001011000111001100111011101100100101111100000000100001111100000010001110
110110010011011100110001110101110101110111110101001101010101010011000011100001000100001000001011000111001100101111011101100100101111100000000100001111100000010001110
110110010011011100110111110111101011101110111110101001101010101010011000011100001000100001000001011000111001100111011101100100101111100000000100001111100000010001110
110110010000011011111111110111101011101110111110101001101010101010011000011100001000100001000001011000111001100111011101100100101111100000000100001111100000010001110
