100011001101010100001100101100000000101111011101011101010001110110001000000110110001001011011010101010001000011001011001111001001101001110010000001010000101111000110
100011001101010100001100101100000000101100011001110000011001110110001000000110110001001011011010101010001000011001011001111001001101001110010000001010000101111000110
100011001101010100001100101100000111001000011001110000011001110110001000000110110001001011011010101010001000011001011001111001001101001110010000001010000101111000110
100011001101010100001100101100000100110111011101011101010001110110001000000110110001001011011010101010001000011001011001111001001101001110010000001010000101111000110
100011001101010100001100101100000000101111011101011101010010010110001000000110110001001011011010101010001000011001011001111001001101001110010000001010000101111000110
100011001101010100001100101100000000101111011101011101010001110110001000000110110001001011011010101010001000011001011010111001001101001110010000001010000101111000110
100011001101010100001100101100000000100110111011101011101001110110001000000110110001001011011010101010001000011001011001111001001101001110010000001010000101111000110
100011001101010100001100101100000000110000011001110000011001110110001000000110110001001011011010101010001000011001011001111001001101001110010000001010000101111000110
100011001101010100001100101100000000101111011101011101001110110001000000110110001001011011010101010001000011001011001111001110101101001110010000001010000101111000110
100011001101010100001100101100000000101111011101011101010001110110001000000110110001001011011010101010001000011001011011111001001101001110010000001010000101111000110
100011001101010100001100101100000000101111110111010110101001110110001000000110110001001011011010101010001000011001011001111001001101001110010000001010000101111000110
100011001101010100001100101100000000100110110101100011011001110110001000000110110001001011011010101010001000011001011001111001001101001110010000001010000101111000110
100011001101010100001100101100000000110010011001110000011001110110001000000110110001001011011010101010001000011001011001111001001101001110010000001010000101111000110
100011001101010100001100101100000000101111011101011101010001110110001000000110110001001011011010101010001000011001011010011001001101001110010000001010000101111000110
100011001101010100001100101100000000101100011101011101010001110110001000000110110001001011011010101010001000011001011001111001001101001110010000001010000101111000110
100011001101010100001100101100000000101111011101011110010101110110001000000110110001001011011010101010001000011001011001111001001101001110010000001010000101111000110
100011001101010100001100101100000000101111010111111001011001110110001000000110110001001011011010101010001000011001011001111001001101001110010000001010000101111000110
100011001101010100001100101100000001011011011001110000011001110110001000000110110001001011011010101010001000011001011001111001001101001110010000001010000101111000110
100011001101010100001100101100000011001000011001110000011001110110001000000110110001001011011010101010001000011001011001111001001101001110010000001010000101111000110
100011001101010100001100101100000011011011011001110000011001110110001000000110110001001011011010101010001000011001011001111001001101001110010000001010000101111000110
100011001101010100001100101100000000101111011001110000011001110110001000000110110001001011011010101010001000011001011001111001001101001110010000001010000101111000110
100011001101010100001100101100000110110000011001110000011001110110001000000110110001001011011010101010001000011001011001111001001101001110010000001010000101111000110
100011001101010100001100101100110111001000011001110000011001110110001000000110110001001011011010101010001000011001011001111001001101001110010000001010000101111000110
100011001101010100001100101100000000101111011101011101010001110110001000000110110001001011001110101010001000011001011001111001001101001110010000001010000101111000110
100011001101010100001100101100000000101111011101011101010000110110001000000110110001001011011010101010001000011001011001111001001101001110010000001010000101111000110
100011001101010100001100101100111001000011001110000011001110110001000000110110001001011011010101010001000011001011001111001110101101001110010000001010000101111000110
100011001101010100001100101100101111001000011001110000011001110110001000000110110001001011011010101010001000011001011001111001001101001110010000001010000101111000110
100011001101010100001100101100000011011011001110000011001110110001000000110110001001011011010101010001000011001011001111001110101101001110010000001010000101111000110
100011001101010100001100101100000010110000011001110000011001110110001000000110110001001011011010101010001000011001011001111001001101001110010000001010000101111000110
100011001101010100001100101100011111001000011001110000011001110110001000000110110001001011011010101010001000011001011001111001001101001110010000001010000101111000110
100011001101010100001100101100000000101111011101011101010001110110001000000110110001001011011010101010001000011001011000010011110110110000010111001010000101111000110
100011001101010100001100101100000000101111011101011101010001110110001000000110110001001011011010101010001000011001011001111001001101001110010000001010000101100011101
