010101010100011011111110111101010001110111111111111101011000000010010110110010011100111100101001010110010011011111010111000010000100100001100101111100101001110111110
010101010100011011111110111101010001011111111111111101011000000010010110110010011100111100101001010110010011011111010111000010000100100001100101111100101001110111110
010101010100011011111110111101010001110111111111111101011000000010010110110010011100111100101001010110010011011111010111000010000100100001100101111101101001110111110
010100011011011011111110111101010001110111111111111101011000000010010110110010011100111100101001010110010011011111010111000010000100100001100101111100101001110111110
010101010100011011111110111101010001110111111111111101011000000010010110110010011100111100101001010110010011011111010111000010000100100001001000110000101001110111110
010101010100011011111110111101010001110111111111111101011000000010010110110010011100111100101001010110010011011111010111000011111000100001100101111100101001110111110
010101010100011011111110111101010001110111111111111101011000000010010110110010011100001100101001010110010011011111010111000010000100100001100101111100101001110111110
010101010100011011111110111101010001110111111111111101011000000010010110110010011100111100101001010110010011011111010111000011111000100011001010111100101001110111110
010101010100011011111110111101010001110111111111111101011000000010010110110010011100111100101001010110010011011111010111000010000100100001100010111100101001110111110
010101010100011011111110111101010001110111111111111101011000000010010110110010011100111100101001010110010011011111010111000010000100100001100101100100101001110111110
010101010100011011111110111101010001110111111111101011000000010010110110010011100111100101001010110010011011111010111000010000100100001100101111101000001001110111110
010101010100011011111110111101010001110111111111101011000000010010110110010011100111100101001010110010011011111010111000010000100100001100101111110000101001110111110
010101010100011011111110111101010001011111111111101011000000010010110110010011100111100101001010110010011011111010111000010000100100001100101111101000001001110111110
010101010100011011111110111101010001011111111111101011000000010010110110010011100111100101001010110010011011111010111000010000100100001100101111110000101001110111110
010101010100011011111110111101010001110111111111111101011000000010010110110010011100111100111100101001010110010011011111010111000010000100100001100101101001110111110
010101010100011011111110111101010001110111111111101011000000010010110110010011100111100101001010110010011011111010111000010000100100001100101111110000001001110111110
010101010100011011111110111101010001011111111111101011000000010010110110010011100111100101001010110010011011111010111000010000100100001100101111110000001001110111110
010101010100011011111110111101010001110111111111111101011000000010010110110010011100111100101001010110010011011111010111000011111000100011001010110100101001110111110
010101010100011011111110111101010001110111111111111101011000000010010110110010011100111100101001010110010011011111010111000010000100100001100101111101000001001110110
010101010100011011111110111101010001110111111111111101011000000010010110110010011100111100101001010110010011011111011111000010000100100001100101111100101001110111110
010101011011011011111110111101010001110111111111111101011000000010010110110010011100111100101001010110010011011111010111000010000100100001100101111100101001110111110
010101010100011011111110111101010001110111111111111101011000000010010110110010011100111100101001010110010011011111010111000010000100100001111011001101101001110111110
010101010100011011111110111101010001110111111111101011000000010010110110110010011100111100101001010110010011011111010111000010000100100001100101111100101001110111110
010101010100011011111110111101010001110111111111111101011000000010010110110010111100111100101001010110010011011111010111000010000100100001100101111100101001110111110
010101010100011011111110111101010001110111111111111101011000000010010110110010011100111100101001010110010011011111010111000011111011000001100101111100101001110111110
010101010100011011111110111101010001110111111111101011000000010010110110010011110100111100101001010110010011011111010111000010000100100001100101111100101001110111110
010101010100011011111110111101010001011111111111101011000000010010110110110010011100111100101001010110010011011111010111000010000100100001100101111100101001110111110
010101010100011011111110111101010001011111111111101011000000010010110110010011110100111100101001010110010011011111010111000010000100100001100101111100101001110111110
010101010100011011111110111101010001110111111111111101011000000010010110110010011100111100101001010110010011011111010111000101100111100001001000110000101001110111110
010101010100011011111111110111101010001110111111111101011000000010010110110010011100111100101001010110010011011111010111000010000100100001100101111100101001110111110
010100011011011011111110111101010001011111111111111101011000000010010110110010011100111100101001010110010011011111010111000010000100100001100101111100101001110111110
010101010100011011111110111101010001110111111111101011000000010010110110010011100111100101001010110010011011111010111000010000100100001100101111111100101001110111110
