001110001001110010001110011000010010001000010000110100010010101111001001011100011000100110101011101110010010011011001010000011010001001001001001001111110110000000100
001101101000111111001110011000010010001000010000110100010010101111001001011100011000100110101011101110010010011011001010000011010001001001001001001111110110000000100
001101101000111000001110011000010010001000010000110100010010101111001001011100011000100110101011101110010010011011001010000011010001001001001001001111110110000000100
001110001001101101101110011000010010001000010000110100010010101111001001011100011000100110101011101110010010011011001010000011010001001001001001001111110110000000100
001110001001111101101110011000010010001000010000110100010010101111001001011100011000100110101011101110010010011011001010000011010001001001001001001111110110000000100
001110001001100100001010011000010010001000010000110100010010101111001001011100011000100110101011101110010010011011001010000011010001001001001001001111110110000000100
001101110100111100001010011000010010001000010000110100010010101111001001011100011000100110101011101110010010011011001010000011010001001001001001001111110110000000100
001110001001100111101110011000010010001000010000110100010010101111001001011100011000100110101011101110010010011011001010000011010001001001001001001111110110000000100
001101101000111101101110011000010010001000010000110100010010101111001001011100011000100110101011101110010010011011001010000011010001001001001001001111110110000000100
001101101000111111000110011000010010001000010000110100010010101111001001011100011000100110101011101110010010011011001010000011010001001001001001001111110110000000100
001110001001101110101110011000010010001000010000110100010010101111001001011100011000100110101011101110010010011011001010000011010001001001001001001111110110000000100
001110001000100101101110011000010010001000010000110100010010101111001001011100011000100110101011101110010010011011001010000011010001001001001001001111110110000000100
001101101000110101101110011000010010001000010000110100010010101111001001011100011000100110101011101110010010011011001010000011010001001001001001001111110110000000100
001110001001110010100110011000010010001000010000110100010010101111001001011100011000100110101011101110010010011011001010000011010001001001001001001111110110000000100
001101101000111100001110011000010010001000010000110100010010101111001001011100011000100110101011101110010010011011001010000011010001001001001001001111110110000000100
001110001001101101110011000010010001000010000110100010010101111001001011100011000100110101011101110010010011011001010000011010001001001001001001111110110110000000100
001110001001101101110011000010010001000010000110100010010101111001001011100011000100110101011101110010010011011001010000011010001001001001001001001111110110000000100
001101110100111111001110011000010010001000010000110100010010101111001001011100011000100110101011101110010010011011001010000011010001001001001001001111110110000000100
001110001000011100001110011000010010001000010000110100010010101111001001011100011000100110101011101110010010011011001010000011010001001001001001001111110110000000100
001101101000111111001010011000010010001000010000110100010010101111001001011100011000100110101011101110010010011011001010000011010001001001001001001111110110000000100
001101101000111100100001010011000010010001000010000110100010010101111001001011100011000100110101011101110010010011011001010000011010001001001001001111110110000000100
001110001001110010001010011000010010001000010000110100010010101111001001011100011000100110101011101110010010011011001010000011010001001001001001001111110110000000100
001110001000011100001010011000010010001000010000110100010010101111001001011100011000100110101011101110010010011011001010000011010001001001001001001111110110000000100
001100100000101001101010011000010010001000010000110100010010101111001001011100011000100110101011101110010010011011001010000011010001001001001001001111110110000000100
001101110100111101101110011000010010001000010000110100010010101111001001011100011000100110101011101110010010011011001010000011010001001001001001001111110110000000100
001101101000111100111101110011000010010001000010000110100010010101111001001011100011000100110101011101110010010011011001010000011010001001001001001111110110000000100
001101101000111110010100110011000010010001000010000110100010010101111001001011100011000100110101011101110010010011011001010000011010001001001001001111110110000000100
001110001001101101110011000010010001000010000110100010010101111001001011100011000100110101011101110010010011011001010000011010001001001001001001111100000110000000100
001101101000111110010001110011000010010001000010000110100010010101111001001011100011000100110101011101110010010011011001010000011010001001001001001111110110000000100
001110001001110010001110011000010010001000010000110100010010101111001001011100011000100110101011101110010010011011001010000011010001001001001001111110110110000000100
001110001000100101110011000010010001000010000110100010010101111001001011100011000100110101011101110010010011011001010000011010001001001001001001111110110110000000100
001110001001100001110011000010010001000010000110100010010101111001001011100011000100110101011101110010010011011001010000011010001001001001001001111110110110000000100
