001011001110110110011011111010110111000100000101010001100101011010100110111001011101010001100110111001001111010011110001011001111111000100111010100010000001001011110
001011001110110110011011111010110111000100000101010001100101011010100110111001011101010001100110111001001111010011110011111001111111000100111010100010000001001011110
001011001110110110011011111010110111000100000101010001100101011010100110111001011101010001100110111001001111010011110010101101111111000100111010100010000001001011110
001011001110110110011011111010110111000100000101010001100101011010100110111001011101010001100110111001001111010011110001011001111111000100111010100010000001001101110
001011001110110110011011111010110111000100000101010001100101011010100110111001011101010001100110111001001111010011110111110101111111000100111010100010000001001011110
001011001110110110011011111010110111000100000101010001100101011010100110111001011101010001100110111001001111010000001111011001111111000100111010100010000001001011110
001011001110110110011011111010110111000100000101010001100001011010100110111001011101010001100110111001001111010011110001011001111111000100111010100010000001001011110
001011001110110110011011111010110111000100000101010001100101011010100110111001011101010001100110111001001111100101110000101101111111000100111010100010000001001011110
001011001110110110011011111010110111000100000101010001100001001100110110111001011101010001100110111001001111010011110001011001111111000100111010100010000001001011110
001011001110110110011011111010110111000100000101010001100101011010100110111001011101010001100110111001001111010110010011000001111111000100111010100010000001001011110
001011001110110110011011111010110111000100000101010001100101011010100110111001011101010001100110111001001111010011110110000001111111000100111010100010000001001011110
001011001110110110011011111010110111000100000101010001100101011010100110111001011101010001100110111001001111010011110111011001111111000100111010100010000001001011110
001011001110110110011011111010110111000100000101010001100101011010100110111001011101010001100110111001001111010011110101000001111111000100111010100010000001001011110
001011001110110110011011111010110111000100000101010001100101011010100110111001011101010001100110111001001100001011001111011001111111000100111010100010000001001011110
001011001110110110011011111010110111000100000101010001100101011010100110111001011101010001100110111001001111010011100101010101111111000100111010100010000001001011110
001011001110110110011011111010110111000100000101010001100101011010100110111001011101010001100110111001001111100101110000111001111111000100111010100010000001001011110
001011001110110110011011111010110111000100000101010001100101011010100110111001011101010001100110111001001111010011110111110000111111000100111010100010000001001011110
001011001110110110011011111010110111000100000101010001100101011010100110111001011101010001100110111001001111010011110000101101111111000100111010100010000001001011110
001011001110110110011011111010110111000100000101010001100101011010100110111001011101010001100110111001001111010011110111110001111111000100111010100010000001001011110
001011001110110110011011111010110111000100000101010001100101011010011010111001011101010001100110111001001111010011110001011001111111000100111010100010000001001011110
001011001110110110011011111010110111000100000101010001100101011010100110111001011101010001100110111001001111010011110001010000111111000100111010100010000001001011110
001011001110110110011011111010110111000100000101010001100101011010100110111001011101010001100110111001001111010011110001011011111111000100111010100010000001001011110
001011001110110110011011111010110111000100000101010001100101011010100110111001000001010001100110111001001111010011110001011001111111000100111010100010000001001011110
001011001110110110011011111010110111000100000101010001100101011010100110111001011101010001100110111001001111010000001100101101111111000100111010100010000001001011110
001011001110110110011011111010110111000100000101010001100101011010100110111001011101010001111110111001001111010011110001011001111111000100111010100010000001001011110
001011001110110110011011111010110111000100000101010001100101011010100110111001011101010001100110111001001111010011000010100101111111000100111010100010000001001011110
001011001110110110011011111010110111000100000101010001100101011010100110111001011101010001100110111001001111010011000011111001111111000100111010100010000001001011110
001011001110110110011011111010110111000100000101010001100101011010100110111001011101010001100110111001001111010011110001011001111111000100111010100010000001001010111
001011001110110110011011111010110111000100000101010001100101011010100110111001011101010001100110111001001111010011110001011001111111000100111010100010000010000101110
001011001110110110011011111010110111000100000101010001100101011010100110111001011101010001100110111001001111010011110001011001011011000100111010100010000001001011110
001011001110110110011011111010110111000100000101010001100101011010100110111001011101010001100110111001001111010011110001011001111111000100111010100010000001001011000
001011001110110110011011111010110111000100000101010001100101011010100110111001011101010001100110111001001111010011110001011010010101000100111010100010000001001011110
