101100000101011001011001000111011101001010010111110111110000010010000111000100100011010010000111000011011000100101110001011101001000011101010010000010000001111010000
101100000101011001011001000111011101001010010111110111110000010010000111000100100011010010000111000011011000100101101001011101001000011101010010000010000001111010000
101100000101011001011001000111011101001010010111110111110000010010000111000100100011010010000111000011011000100101110101011101001000011101010010000010000001111010000
101100000101011001011001000111011101001010010111110111110000010010000111000100100011010010000111000011011000100101101101011101001000011101010010000010000001111010000
101100000101011001011001000111011101001010010111110111110000010010000111000100100011010010000000100000110011110011110001011101001000011101010010000010000001111010000
101100000101011001011001000111011101001010010111110111110000010010000111000100100011010010000111000011011000100101111001011101001000011101010010000010000001111010000
101100000101011001011001000111011101010010111110111110000010010000111000100100011010010000111000011011000100101110001001011101001000011101010010000010000001111010000
101100000101011001011001000111011101001010010111110111110000010010000111000100100011010010000111000011011000100101101100011101001000011101010010000010000001111010000
101100000101011001011001000111011101010100010111110111110000010010000111000100100011010010000111000011011000100101110001011101001000011101010010000010000001111010000
101100000101011001011001000111011101001010010111110111110000010010000111000100100011010010000111000011011000100101110001011101001000011101010010000001110101111010000
101100000101011001011001000111011101001010010111110111110000010010000111000100100011010010000111000011011000100101110000011101001000011101010010000010000001111010000
101100000101011001011001000111011101001010010111110111110000010010000111000100100011010010000111000011011000100100100001011101001000011101010010000010000001111010000
101100000101011001011001000111011101010110010111110111110000010010000111000100100011010010000111000011011000100101110001011101001000011101010010000010000001111010000
100000101011001011001000111011101001010010111110111110000010010000111000100100011010010000111000011011000100101110001001011101001000011101010010000010000001111010000
101100000101011001011001000111011101001010001111110111110000010010000111000100100011010010000111000011011000100101110001011101001000011101010010000010000001111010000
101100000101011001011001000111011101001010010111110111110000010010000111000100100011010010000111000011011000100101110010011101001000011101010010000010000001111010000
101100000101011001011001000111011101001010010111110111110000010010000111000100100011010010000111000011011000100101100001011101001000011101010010000010000001111010000
101100000101011001011001000111011101001010010111110111110000010010000111000100100011010010000111000011011000100101110001011110111111000111100001100110000001111010000
101100000101011001011001000111011101001010010111110111110000010010000111000100100011010010000111000011011000100101110110011101001000011101010010000010000001111010000
101100000101011001011001000111011101010010111110111110000010010000111000100100011010010000111000011011000100101101101001011101001000011101010010000010000001111010000
101100000101011001011001000111011101001010111010011000010000010010000111000100100011010010000111000011011000100101110001011101001000011101010010000010000001111010000
101100000101011001011001000111011101010010111110111110000010010000111000100100011010010000111000011011000100101110001101011101001000011101010010000010000001111010000
101100000101011001011001000111011101001010111110111110000010010000111000100100011010010000111000011011000100101110001001011101001000011101010010000010000001111010000
101100000101011001011001000111011101001010010111110111110000010010000111000100100011010010000111000011011000100101101101100001111111000111100001100110000001111010000
101100000101011001011001000111011101001010010111110111110000010010000111101110100011010010000111000011011000100101110001011101001000011101010010000010000001111010000
101100000101011001011001000111011101001010100010110001011000010010000111000100100011010010000111000011011000100101110001011101001000011101010010000010000001111010000
101100000101011001011001000111011101001010010111110111110000010010000111000100100011010010000111000011011000100101110100011101001000011101010010000010000001111010000
101000010101011001011001000111011101001010010111110111110000010010000111000100100011010010000111000011011000100101110001011101001000011101010010000010000001111010000
100000101011001011001000111011101001010010010111110111110000010010000111000100100011010010000111000011011000100101110001011101001000011101010010000010000001111010000
101100000100011101010110111001110001101010010111110111110000010010000111000100100011010010000111000011011000100101110001011101001000011101010010000010000001111010000
101100010010011101010110111001110001101010010111110111110000010010000111000100100011010010000111000011011000100101110001011101001000011101010010000010000001111010000
100000101011001011001000111011101001010010111110111110000010010000111000100100011010010000111000011011000100101101101001011101001000011101010010000010000001111010000
