010001001101001110100011010000111000010011100110000100111111101011110001110010101100001110001101001000101100000100001000100010001100110111100101110100100101111011000
010001001101001110100011010000111000010011100110000100111111101011110001110010101100001110001101001000101100000100001000101110001100110111100101110100100101111011000
010001001101001110100011010000111111110001100001000100111111101011110001110010101100001110001101001000101100000100001000100010001100110111100101110100100101111011000
010001001101001110100011010000111010101011001010000100111111101011110001110010101100001110001101001000101100000100001000100010001100110111100101110100100101111011000
010001001101001110100011010000100001100010101110000100111111101011110001110010101100001110001101001000101100000100001000100010001100110111100101110100100101111011000
010001001101001110100011010000111000011111101000000100111111101011110001110010101100001110001101001000101100000100001000100010001100110111100101110100100101111011000
010001001101001110100011010000111010101011001001000100111111101011110001110010101100001110001101001000101100000100001000100010001100110111100101110100100101111011000
010001001101001110100011010000100111110001100001000100111111101011110001110010101100001110001101001000101100000100001000100010001100110111100101110100100101111011000
010001001101001110100011010000111000010011100110001000111111101011110001110010101100001110001101001000101100000100001000100010001100110111100101110100100101111011000
010001001101001110100011010000101001100010101110000100111111101011110001110010101100001110001101001000101100000100001000100010001100110111100101110100100101111011000
010001001101001110100011010000111010101011001001101100111111101011110001110010101100001110001101001000101100000100001000100010001100110111100101110100100101111011000
010001001101001110100011001000111000010011100110000100111111101011110001110010101100001110001101001000101100000100001000100010001100110111100101110100100101111011000
010001001101001110100011010000111010101011100110000100111111101011110001110010101100001110001101001000101100000100001000100010001100110111100101110100100101111011000
010001001101001110100011010000111000111111101000000100111111101011110001110010101100001110001101001000101100000100001000100010001100110111100101110100100101111011000
010001001101001110100011010011100111110001100001000100111111101011110001110010101100001110001101001000101100000100001000100010001100110111100101110100100101111011000
010001001101001110100011010000111000010011000110100100111111101011110001110010101100001110001101001000101100000100001000100010001100110111100101110100100101111011000
000111100011011001101110010000111000010011100110000100111111101011110001110010101100001110001101001000101100000100001000100010001100110111100101110100100101111011000
010001001100001110100011010000111000010011100110000100111111101011110001110010101100001110001101001000101100000100001000100010001100110111100101110100100101111011000
010001001101001110100011010000111011110001100001000100111111101011110001110010101100001110001101001000101100000100001000100010001100110111100101110100100101111011000
010001001101001110100011010000111010101100100110000100111111101011110001110010101100001110001101001000101100000100001000100010001100110111100101110100100101111011000
010001001101001110100011010000111000010011100110100100111111101011110001110010101100001110001101001000101100000100001000100010001100110111100101110100100101111011000
010001001101001110100011010000111111110011100110000100111111101011110001110010101100001110001101001000101100000100001000100010001100110111100101110100100101111011000
010001001101001110100011010000110000010011100110000100111111101011110001110010101100001110001101001000101100000100001000100010001100110111100101110100100101111011000
010001001101001110100011010000111000010011100110000100111111101011110001110010101100001110001101001000101100000100001000100010001100110111100101110100100110111011000
000111100000011101010010011100111000010011100110000100111111101011110001110010101100001110001101001000101100000100001000100010001100110111100101110100100101111011000
010111010010100101000110000000111000010011100110000100111111101011110001110010101100001110001101001000101100000100001000100010001100110111100101110100100101111011000
010001001101001110100011010001011000010011100110000100111111101011110001110010101100001110001101001000101100000100001000100010001100110111100101110100100101111011000
000100100001001110100011010000111000010011100110000100111111101011110001110010101100001110001101001000101100000100001000100010001100110111100101110100100101111011000
000111100001001110100011010000111000010011100110000100111111101011110001110010101100001110001101001000101100000100001000100010001100110111100101110100100101111011000
010001001101100101000110000000111000010011100110000100111111101011110001110010101100001110001101001000101100000100001000100010001100110111100101110100100101111011000
010001001111101011110100100011111000010011100110000100111111101011110001110010101100001110001101001000101100000100001000100010001100110111100101110100100101111011000
000111100011011001101110010100001100010101100110000100111111101011110001110010101100001110001101001000101100000100001000100010001100110111100101110100100101111011000
