001100010010001101001011011001010011101111011010011001100100100011100101010111010000010000111100001110011111010001000001100011111111101001110101001110011101101011010
001100111010001101001011011001010011101111011010011001100100100011100101010111010000010000111100001110011111010001000001100011111111101001110101001110011101101011010
001100010110001101001011011001010011101111011010011001100100100011100101010111010000010000111100001110011111010001000001100011111111101001110101001110011101101011010
001100010000001101001011011001010011101111011010011001100100100011100101010111010000010000111100001110011111010001000001100011111111101001110101001110011101101011010
010100110010001101001011011001010011101111011010011001100100100011100101010111010000010000111100001110011111010001000001100011111111101001110101001110011101101011010
001100010010101101001011011001010011101111011010011001100100100011100101010111010000010000111100001110011111010001000001100011111111101001110101001110011101101011010
010100101110001101001011011001010011101111011010011001100100100011100101010111010000010000111100001110011111010001000001100011111111101001110101001110011101101011010
001111001011001101001011011001010011101111011010011001100100100011100101010111010000010000111100001110011111010001000001100011111111101001110101001110011101101011010
010100010010001101001011011001010011101111011010011001100100100011100101010111010000010000111100001110011111010001000001100011111111101001110101001110011101101011010
001111011110001101001011011001010011101111011010011001100100100011100101010111010000010000111100001110011111010001000001100011111111101001110101001110011101101011010
011010101001001101001011011001010011101111011010011001100100100011100101010111010000010000111100001110011111010001000001100011111111101001110101001110011101101011010
001111110010001101001011011001010011101111011010011001100100100011100101010111010000010000111100001110011111010001000001100011111111101001110101001110011101101011010
001100111000001101001011011001010011101111011010011001100100100011100101010111010000010000111100001110011111010001000001100011111111101001110101001110011101101011010
001111011100001101001011011001010011101111011010011001100100100011100101010111010000010000111100001110011111010001000001100011111111101001110101001110011101101011010
001111011000001101001011011001010011101111011010011001100100100011100101010111010000010000111100001110011111010001000001100011111111101001110101001110011101101011010
001110111010001101001011011001010011101111011010011001100100100011100101010111010000010000111100001110011111010001000001100011111111101001110101001110011101101011010
001100000101001101001011011001010011101111011010011001100100100011100101010111010000010000111100001110011111010001000001100011111111101001110101001110011101101011010
010100101101001101001011011001010011101111011010011001100100100011100101010111010000010000111100001110011111010001000001100011111111101001110101001110011101101011010
010100100001001101001011011001010011101111011010011001100100100011100101010111010000010000111100001110011111010001000001100011111111101001110101001110011101101011010
001100010010001101001011011001010011101111011010011001100100100011100101010111010000010000111100001110011111010001000001100011111111101001101111001110011101101011010
001100010010001001101001011011001010011101111011010011001100100100011100101010111010000010000111100001110011111010001000001100011111111101001110100110011101101011010
001100010010001101001011011001010011101111011010011001100100100011100101010111010000010000111100001110011111010001000001100011111111101001110111101011011101101011010
001100010010001101001011011001010011101111011010011001100100100011100101010111010000010000111100001110011111010001000001100011111111101001110110100110011101101011010
001100010010110001101001011011001010011101111011010011001100100100011100101010111010000010000111100001110011111010001000001100011111111101001110100110011101101011010
001100010010010001101001011011001010011101111011010011001100100100011100101010111010000010000111100001110011111010001000001100011111111101001110100110011101101011010
001100010110010001101001011011001010011101111011010011001100100100011100101010111010000010000111100001110011111010001000001100011111111101001110100110011101101011010
001100010010001001101001011011001010011101111011010011001100100100011100101010111010000010000111100001110011111010001000001100011111111101001110101011011101101011010
001100010010110001101001011011001010011101111011010011001100100100011100101010111010000010000111100001110011111010001000001100011111111101001110101011011101101011010
001100010010010001101001011011001010011101111011010011001100100100011100101010111010000010000111100001110011111010001000001100011111111101001110101011011101101011010
001100010010001101001011011001010011101111011010011001100100100011100101010111010000010000111100001110011111010001000001100011111111101001110101001110111101101011010
001100010010001101001011011001010011101111011010011001100100100011100101010111010000010000111100001110011111010001000001100011111111101001110101011110111111100111111
001100010110010001101001011011001010011101111011010011001100100100011100101010111010000010000111100001110011111010001000001100011111111101001110101011011101101011010
