111001101000100110000111111101011101100010101001000101101000111011110101010100001011011000101011011001101101101110000101111110100111000111111111100001110001111101010
111001101000100110000111111101011101100010101001000101101000111011110101010100001011011000101111110100101101101110000101111110100111000111111111100001110001111101010
111001101000100110000111111101011101100010101001000101101000111011110101010100001011011000101100010010011101101110000101111110100111000111111111100001110001111101010
111101001100111100110000111111101011101100010101001000101101000111011110101010100001011011000101010000101101101110000101111110100111000111111111100001110001111101010
111001101000100110000111111101011101100010101001000101101000111011110101010100001011011000101001101100001101101110000101111110100111000111111111100001110001111101010
111001101000111100110000111111101011101100010101001000101101000111011110101010100001011011000101010000101101101110000101111110100111000111111111100001110001111101010
111001101000100110000111111101011101100010101001000101101000111011110101010100001011011000101110100000101101101110000101111110100111000111111111100001110001111101010
111001101000100110000111111101011101100010101001000101101000111011110101010100001011011000101100011010011101101110000101111110100111000111111111100001110001111101010
111001101000100110000111111101011101100010101001000101101000111011110101010100001011011000101111110100100101101110000101111110100111000111111111100001110001111101010
111001101000100110000111111101011101100010101001000101101000111011110101010100001011011000101010000101101101101110000101111110100111000111111111100001110001111101010
111001101000100110000111111101011101100010101001000101101000111011110101010100001011011000101111110110011101101110000101111110100111000111111111100001110001111101010
111001101000100110000111111101011101100010101001000101101000111011110101010100001011011000100110110110011101101110000101111110100111000111111111100001110001111101010
111101001100111100110000111111101011101100010101001000101101000111011110101010100001011011000101011011001101101110000101111110100111000111111111100001110001111101010
111001101000111100110000111111101011101100010101001000101101000111011110101010100001011011000101011011001101101110000101111110100111000111111111100001110001111101010
111001101000100110000111111101011101100010101001000101101000111011110101010100001011011000101111110111010101101110000101111110100111000111111111100001110001111101010
111001101000100110000111111101011101100010101001000101101000111011110101010100001011011000101101000110011101101110000101111110100111000111111111100001110001111101010
111001101000100110000111111101011101100010101001000101101000111011110101010100001011011000101001110000011101101110000101111110100111000111111111100001110001111101010
111001101000100110000111111101011101100010101001000101101000111011110101010100001011011000101010000101101101110000101111110100111000111111111111100001110001111101010
111001101000100110000111111101011101100010101001000101101000111011110101010100001011011000101001101000100010111110000101111110100111000111111111100001110001111101010
111001101000100110000111111101011101100010101001000101101000111011110101010100001011011000101011011001110010111110000101111110100111000111111111100001110001111101010
111001101000100110000111111101011101100010101001000101101000111011110101010100001011011000101111000010001000011110011100001111100111000111111111100001110001111101010
111001101000100110000111111101011101100010101001000101101000111011110101010100001011011000101100010010000100010010010100000110010110000111111111100001110001111101010
111001101000100110000111111101011101100010101001000101101000111011110101010100001011011000101011011001101101110000101111110100111000111111111111100001110001111101010
111001101000100110000111111101011101100010101001000101101000111011110101010100001011011000101111000010001000011110000101111110100111000111111111100001110001111101010
111001101000100110000111111101011101100010101001000101101000111011110101010100001011011000111001010100001000011110011100001111100111000111111111100001110001111101010
111001101000100110000111111101011101100010101001000101101000111011110101010100001011011000101011101010010010111110000101111110100111000111111111100001110001111101010
111001101000100110000111111101011101100010101001000101101000111011110101010100001011011000101001101000111011000010100111111011100111000111111111100001110001111101010
111001101000100110000111111101011101100010101001000101101000111011110101010100001011011000101010000101101101110000101111110100111000111111111100001001110001111101010
111001101000100110000111111101011101100010101001000101101000111011110101010100001011011000101111110100101000001100011100001111100111000111111111100001110001111101010
111001101000100110000111111101011101100010101001000101101000111011110101010100001011011000101100011010010010111110000101111110100111000111111111100001110001111101010
111001101000100110000111111101011101100010101001000101101000111011110101010100001011011000101010000101101101110000101111110100111000111111111100001110100100001101010
111001101000100110000111111101011101100010101001000101101000111011110101010100001011011000101010000101101101110000101111110100111000111111111100001110001111101011111
