110001101001000011001011111111011000001110001010011110100111111001000000101010010101001111001011011001011000100100011011001001011010110011001000100011100110010001110
110001101001000011001011111111011000001110001010011110100111111001000000101010010101001111001011011001011000100100011011001001011010110011001000100001100110010001110
110001101001000011001011111111011000001110001010011110100111111001000000101010010101001111001011011001011000100100011011001001011010110011001000100001110110010001110
110001101001000011001011111111011000001110001010011110100111111001000000101010010101001111001011011001011000100100011011001001011010110011001011100011100110010001110
110001101001000011001011111111011000001110001010011110100111111001000000101010010101001111001011011001011000100100011011001001011010110011001000100011000110010001110
101110001101001000011001011111111011000001110001010011110100111111001000000101010010101001111001011011001011000100100011011001001011010110011001000100011110010001110
110001101001000011001011111111011000001110001010011110100111111001000000101010010101001111001011011001011000100100011011001001011010110011001000100001110010010001110
110001101001000011001011111111011000001110001010011110100111111001000000101010010101001111001011011001011000100100011011001001011010110011001000100011110110010001110
110001101001000011001011111111011000001110001010011110100111111001000000101010010101001111001011011001011000100100011011001001011010110011001000100001000110010001110
110001101001000011001011111111011000001110001010011110100111111001000000101010010101001111001011011001011000100100011011001001011010110011001000100011000101110000110
110001101001000011001011111111011000001110001010011110100111111001000000101010010101001111001011011001011000100100011011001001011010110011001000100011010101110000110
110001101001000011001011111111011000001110001010011110100111111001000000101010010101001111001011011001011000100100011011001001011010110011001000100110010110010001110
110001101001000011001011111111011000001110001010011110100111111001000000101010010101001111001011011001011000100100011011001001011010110011001000100011111010010101110
110001101001000011001011111111011000001110001010011110100111111001000000101010010101001111001011011001011000100100011011001001011010110011001000100001001111010001110
110001101001000011001011111111011000001110001010011110100111111001000000101010010101001111001011011001011000100100011011001001011010110011001000110101000110010001110
101110001101001000011001011111111011000001110001010011110100111111001000000101010010101001111001011011001011000100100011011001001011010110011001000100001110010001110
110001101001000011001011111111011000001110001010011110100111111001000000101010010101001111001011011001011000100100011011001001011010110011001011100011000101110000110
101110001101001000011001011111111011000001110001010011110100111111001000000101010010101001111001011011001011000100100011011001001011010110011001000100011100110000110
110001101001000011001011111111011000001110001010011110100111111001000000101010010101001111001011011001011000100100011011001001011010110011001000100001101010110000110
110001101001000011001011111111011000001110001010011110100111111001000000101010010101001111001011011001011000100100011011001001011010110011001011100011010101110000110
110001101001000011001011111111011000001110001010011110100111111001000000101010010101001111001011011001011000100100011011001001011010110011001000100011100000010001110
110001101001000011001011111111011000001110001010011110100111111001000000101010010101001111001011011001011000100100011011001001011010110011001000100011101010110000110
110001101001000011001011111111011000001110001010011110100111111001000000101010010101001110111111001011001011000100100011011001001011010110011001000100011110010001110
110001101001000011001011111111011000001110001010011110100111111001000000101010010101001111001011011001011000100100011011001001011010110011001000100000100010010101110
110001101001000011001011111111011000001110001001010011110100111111001000000101010010101001111001011011001011000100100011011001001011010110011001000100011110010001110
110001101001000011001011111111011000001110001010011110100111111001000000101010010101001111001011011001011000100100011011001001011010110011001000110101010101110000110
110001101001000011001011111111011000001110001010011110100111111001000000101010010101001111001011011001011000100100011011001001011010110011001000100001110101110000110
110001101001000011001011111111011000001110001010011110100111111001000000101010010101001111001011011001011000100100011011001001011010110011010000100011100110010001110
110001101001000011001011111111011000001110001010011110100111111001000000101010010101001111001011011001011000100100011011001001011010110011001000100011100110010000110
110001101001000011001011111111011000001110001010011110100111111001000000101010010101001111001011011001011000100100011011001001011010110011001000100001110010010101110
110001101001000011001011111111011000001110001010011110100111111001000000101010010101001111001011011001011000100100011011001001011010110011001011100011110110010001110
110001101001000011001011111111011000001110001010011110100111111001000000101010010101001111001011011001011000100100011011001001011010110011001000100001001110010001110
