011010101110010111100010101110011110101001000011101110001000001111000011101110100111101010111111011110110100111001110100101001001001111110100101011010111010001001110
011010101110010111100010101110010011101001000011101110001000001111000011101110100111101010111111011110110100111001110100101001001001111110100101011010111010001001110
011010101110010111100010101110011110101001000011101110001000001111000011101110100111101010111111011110110100111001110100101001001001111110100101011010111101101010000
011010101110010111100010101110011110101010101001011001100111001111000011101110100111101010111111011110110100111001110100101001001001111110100101011010111010001001110
011010101110010111100010101110011110101001000011101110001000001111000011101110100111101010111111011110110100111001110100101001001001111110100101011010111010001010000
011010101110010111100010101110011110101010000011101110001000001111000011101110100111101010111111011110110100111001110100101001001001111110100101011010111010001001110
011010101110010111100010101110011110101001000011101110001000001111000011101110100111101010111111011110110100111001110100101001001001111110100101011010111011111000111
011010101110010111100010101110010011101010101001011001100111001111000011101110100111101010111111011110110100111001110100101001001001111110100101011010111010001001110
011010101110010111100010101110010011101001000011101110001000001111000011101110100111101010111111011110110100111001110100101001001001111110100101011010111101101010000
011010101110010111100010101110011110101010101100001000000011001111000011101110100111101010111111011110110100111001110100101001001001111110100101011010111010001001110
011010101110010111100010101110011110101001000011101110001000001111000011101110100111101010111111011110110100111001110100101001001001111110100101011010111010001001100
011010101110010111100010101110011110101001000011101110001000001111000011101110100111101010111001011110110100111001110100101001001001111110100101011010111010001001110
011010101110010111100010101110011110101001000011101110001000001111000011101110100111101010111111011110110100111001110100101001001001111110100101111010111010001001110
011010101110010111100010101110011110101001000011101110001000001111000011101110100111101010111111011110110100111001110100101001001001111110100101011010111011111100110
011010101110010111100010101110011110101001000011101110001000001111000011101110100111101010111111011110110100111001110100101001001001111110100101011010111010010010000
011010101110010111100010101110011110101001000011101110001000001111000011101110100111101010111111011110110100111001110100101001001001111110100101011000000010111101111
011010101110010111100010101110011110101001000011101110001000001111000011101110100111101010111111011110110100111001110100101001001001111110100101011010111101110010000
011010101110010111100010101110010011101001000011101110001000001111000011101110100111101010111111011110110100111001110100101001001001111110100101011010111010001010000
011010101110010111100010101110011110101001000011101110001000001111000011101110100111101010111111011110110100111001110100101001001001111110100101011010111001101010000
011010101110010111100010101110011110101001000011101110001000001111000011101110100111101010111111011110110100111001110100101001001001111110100101011010101101101010000
011010101110010111100010101110011110101001000011101110001000001111000011101110100111101010111111011110110100111001110100101001001001111110100101011111111010001001110
011010101110010111100010101110010011101010000011101110001000001111000011101110100111101010111111011110110100111001110100101001001001111110100101011010111010001001110
011010101110010111100010101110011110101001000011101110001000001111000011101110100111101010111111011110110100111001110100101001001001111100001001011010111010001001110
011010101110010111100010101110011110101001000011101110001000001111000011101110100111101010111111000010110100111001110100101001001001111110100101011010111010001001110
011010101110010111100010101110011110101001000011101110001000001111000011101110100111101010111111011110110100111001110100101001001001111110100101011010010101101010000
011010101110010111100010101110011110101001001000011101110001000001111000011101110100111101010111111011110110100111001110100101001001001111110100101011010101101010000
011010101110010111100010101110011110101001000011101110001000001111000011101110100111101010111111011110110100111001110100101001001001111110100101011010101000101110111
011010101110010111100010101110011110101001000011101110001000001111000011101110100111101010111111011110110100111001110100101001001001111110100101011010111010001110000
011010101110010111100010101110011110101001000011101110001000001111000011101110100111101010111111011110110100111001110100101001001001111110100101101100010101101010000
011010101110010111100010101110010011101010101100001000000011001111000011101110100111101010111111011110110100111001110100101001001001111110100101011010111010001001110
011010101110010111100010101110011110101001000011101110001000001111000011101110100111101010111111011110110100111001110100101001001001111110100101011010111101111100110
011010101110010111100010101110011110101001000011101110001000001111000011101110100111101010111111011110110100111001110100101001001001111100001001011000000010111101111
