110000000010010110000000001011011000001010100001101111010000101100101110011001101100110111011100111111001111100110110001110011110101100110010100000101000010100100110
110000000010010110000000001011011000001010100001101111010000011111010011101101011100110111011100111111001111100110110001110011110101100110010100000101000010100100110
110000000010010110000000001011011000001010100001101111010000101100101110011001101100110111011100111111001111100110011100110011110101100110010100000101000010100100110
110000000010010110000000001011011000001010100001101111010000101100101110011001101100110100011100111111001111100110110001110011110101100110010100000101000010100100110
110000000010010110000000001011011000001010111001101111010000101100101110011001101100110111011100111111001111100110110001110011110101100110010100000101000010100100110
110000000010010110000000001110001000001010100001101111010000101100101110011001101100110111011100111111001111100110110001110011110101100110010100000101000010100100110
110000000010010110000000001011011000001010100001101111010000101100101101100101001100110111011100111111001111100110110001110011110101100110010100000101000010100100110
110000000010010110000000001011011000001010100001101111010000101100101110011010001000110111011100111111001111100110110001110011110101100110010100000101000010100100110
110000000010010110000000001011011000001010100001101111010000111010101101100101001100110111011100111111001111100110110001110011110101100110010100000101000010100100110
110000000010010110000000001011011000001010100001101111010000101100101110011001101100110111011100111111010011100110110001110011110101100110010100000101000010100100110
110000000010010110000000001011011000001010100001101111010000101100101110011001101100110111011100111111001111100110110001110011110101100110010100000101000010100100111
110000000010010110000000001011011000001010100001101111010000101100101110011000101100110111011100111111001111100110110001110011110101100110010100000101000010100100110
110000000010010110000000001011011000001010100001101001010000101100101110011001101100110111011100111111001111100110110001110011110101100110010100000101000010100100110
110000000010010110011100001011011000001010100001101111010000101100101110011001101100110111011100111111001111100110110001110011110101100110010100000101000010100100110
110000000010010110000000001011011000001010100001101111010000110000000111101001101100110111011100111111001111100110110001110011110101100110010100000101000010100100110
110000000010010110000000001011011000001010100001101111010000101100101101111001101100110111011100111111001111100110110001110011110101100110010100000101000010100100110
110000000010010110000000001011011000001010100010101111010000101100101110011001101100110111011100111111001111100110110001110011110101100110010100000101000010100100110
110000000010010110000000001011011000001010100001101111010000101100101110011100010100110111011100111111001111100110110001110011110101100110010100000101000010100100110
110000000010010110000000001011011000001010100001100011110000011111010011101101011100110111011100111111001111100110110001110011110101100110010100000101000010100100110
110000000010010110000000001011011000001010100001101111010000111010101101111001101100110111011100111111001111100110110001110011110101100110010100000101000010100100110
110000000010010110000000001011011000001010100001101111010000101100101100101001101100110111011100111111001111100110110001110011110101100110010100000101000010100100110
110000000010010110000000001011011000001010100001101111010000101100101110011001101100101111011100111111001111100110110001110011110101100110010100000101000010100100110
110000000010010110000000001011011000001010100001101111010000101100101110011001101100110111011100111111001111100110110001110011110101100110010100000101000010100001000
110000000010010110000000001011011000001010100001101111010000000011111010011101101011110010000011000111001111100110110001110011110101100110010100000101000010100100110
110000000010010110000000001011011000001010100001101111010000101100101110011010001011010111011100111111001111100110110001110011110101100110010100000101000010100100110
110000000010010110000000001011011000001010100001101111010000101100101110011000111110110111011100111111001111100110110001110011110101100110010100000101000010100100110
110000000010010110000000001011011000001010100001100011101101011001010011101101011100110111011100111111001111100110110001110011110101100110010100000101000010100100110
110000000010010110000000001011011000001010100001100011110000101100101110011001101100110111011100111111001111100110110001110011110101100110010100000101000010100100110
110000000010010110000000001011011000001010100001101111010000101100101110011000111000110111011100111111001111100110110001110011110101100110010100000101000010100100110
110000000010010110000000001011011000001010100001101111010000101100101110011001101100110111011100111111001111100110110001110011110111000110010100000101000010100100110
110000000010010110000000001011011000001010100001101111010000101111100000010000101100110111011100111111001111100110110001110011110101100110010100000101000010100100110
110000000010010110000000001011011000001010100001101111010000101100101110001111000110110111011100111111001111100110110001110011110101100110010100000101000010100100110
