101000101100100000101110100100111000111111001100011111000001101100010001101111011010101011000111100100110010100010000100110110010100000100001010101001110000111101110
101000101111100100000100101000011000111111001100011111000001101100010001101111011010101011000111100100110010100010000100110110010100000100001010101001110000111101110
001101000101100100000100101000011000111111001100011111000001101100010001101111011010101011000111100100110010100010000100110110010100000100001010101001110000111101110
101000101100100000100101000000011000111111001100011111000001101100010001101111011010101011000111100100110010100010000100110110010100000100001010101001110000111101110
101000101100100000100110101000011000111111001100011111000001101100010001101111011010101011000111100100110010100010000100110110010100000100001010101001110000111101110
101000101100100000101110100100111000111111001100011111000001101100010001101111011010101011000111100100110010100010000100110110010100111111001111110011111011100101110
101000101100100000101010011000011000111111001100011111000001101100010001101111011010101011000111100100110010100010000100110110010100000100001010101001110000111101110
101000101100100000100101000011000111111001100011111000001101100010001101111011010101011000111100100110010100010000100110101011010100000100001010101001110000111101110
011011010000110011100100010100111000111111001100011111000001101100010001101111011010101011000111100100110010100010000100110110010100000100001010101001110000111101110
011111101000001010100110101000011000111111001100011111000001101100010001101111011010101011000111100100110010100010000100110110010100000100001010101001110000111101110
011011010001100111101110011000011000111111001100011111000001101100010001101111011010101011000111100100110010100010000100110110010100000100001010101001110000111101110
011011010001010111100001100000011000111111001100011111000001101100010001101111011010101011000111100100110010100010000100110110010100000100001010101001110000111101110
101000101100100000101010011101111000111111001100011111000001101100010001101111011010101011000111100100110010100010000100110110010100000100001010101001110000111101110
011011010000110011110111001100011000111111001100011111000001101100010001101111011010101011000111100100110010100010000100110110010100000100001010101001110000111101110
001011011010001010100110101000011000111111001100011111000001101100010001101111011010101011000111100100110010100010000100110110010100000100001010101001110000111101110
011011010001010100000100101000011000111111001100011111000001101100010001101111011010101011000111100100110010100010000100110110010100000100001010101001110000111101110
101000101100100000100110011000011000111111001100011111000001101100010001101111011010101011000111100100110010100010000100110110010100000100001010101001110000111101110
011111101000100000101110100100111000111111001100011111000001101100010001101111011010101011000111100100110010100010000100110110010100000100001010101001110000111101110
011011010001010100010000100001011000101111001100011111000001101100010001101111011010101011000111100100110010100010000100110110010100000100001010101001110000111101110
011011010000110011100100101000011000111111001100011111000001101100010001101111011010101011000111100100110010100010000100110110010100000100001010101001110000111101110
101000101100100000101110111000011000111111001100011111000001101100010001101111011010101011000111100100110010100010000100110110010100000100001010101001110000111101110
101000101100100000110111001100011000111111001100011111000001101100010001101111011010101011000111100100110010100010000100110110010100000100001010101001110000111101110
011111101000101111110111001100011000111111001100011111000001101100010001101111011010101011000111100100110010100010000100110110010100000100001010101001110000111101110
101000101100100000101110100100111000111111001100011111000001101100010001101111011010101011000111100100110010100010000100101011010100000100001010101001110000111101110
101000101100100000101111101000011000111111001100011111000001101100010001101111011010101011000111100100110010100010000100110110010100000100001010101001110000111101110
101000101100100000101110100100111000111111001100011111000001101100010001101111011010101011000111100100110010100010111100110110010100000100001010101001110000111101110
011011010001010111110111001100011000111111001100011111000001101100010001101111011010101011000111100100110010100010000100110110010100000100001010101001110000111101110
101000101100100000110110011000011000111111001100011111000001101100010001101111011010101011000111100100110010100010000100110110010100000100001010101001110000111101110
101000101100100000101010111000011000111111001100011111000001101100010001101111011010101011000111100100110010100010000100110110010100000100001010101001110000111101110
101000101100100000101110100100111000011000111111001100011111000001101100010001101111011010101011000111100100110010100010000100110110010100000100001010101010100111000
101000101100100000101110111001100011000111111001100011111000001101100010001101111011010101011000111100100110010100010000100110110010100000100001010101001110000111000
101000101100100000101110100100111000111111001100011111000001101100010001101111011010101011000111100100110010100010000100110110010100111111001111110011100001011010111
