011100010110110101110111011111000101000011111100011011100001110011111000111010101000101100001001100111110100010011001101101000010111101001011110010100011001000100000
011100010110110101110111011111000101000011111100011011100001110011111000111001101000101100001001100111110100010011001101101000010111101001011110010100011001000100000
011100010110110101110111011111000101000011111100011011100001110011111000100101010101000101100001001100111110100010011001101101000010111101001011110010100011001001010
011100010110110101110111011111000101000011111100011011100001110011111000100110101000101100001001100111110100010011001101101000010111101001011110010100011001000100000
011100010110110101110111011111000101000011111100011011100001110011111000111010011011010001001001100111110100010011001101101000010111101001011110010100011001000100000
011100010110110101110111011111000101000011111100011011100001110011111000111011100111001101101001100111110100010011001101101000010111101001011110010100011001000100000
011100010110110101110111011111000101000011111100011011100001010001110000011100101000101100001001100111110100010011001101101000010111101001011110010100011001000100000
011100010110110101110111011111000101000011111100011011100001110011111000101111101000101100001001100111110100010011001101101000010111101001011110010100011001000100000
011100010110110101110111011111000101000011111100011011100001110011111000111010010101111110000001100111110100010011001101101000010111101001011110010100011001000100000
011100010110110101110111011111000101000011111100011011100001111110101100111010101000101100001001100111110100010011001101101000010111101001011110010100011001000100000
011100010110110101110111011111000101000011111100011011100001110011111000111010011011010010001001100111110100010011001101101000010111101001011110010100011001000100000
011100010110110101110111011111000101000011111100011011100001110011111000111001010101000101100001001100111110100010011001101101000010111101001011110010100011001001010
011100010110110101110111011111000101000011111100011011100001110011111000111001111111010100001001100111110100010011001101101000010111101001011110010100011001000100000
011100010110110101110111011111000101000011111100011111010001111110101100111010101000101100001001100111110100010011001101101000010111101001011110010100011001000100000
011100010110110101110111011111000101000011111100011011100001110011111000111010000111001101101001100111110100010011001101101000010111101001011110010100011001000100000
011100010110110101110111011111000101000011111100011011100001110011111000111000101000101100001001100111110100010011001101101000010111101001011110010100011001000100000
011100010110110101110111011111000101000011111100011011100001010001110000011100111001101100001001100111110100010011001101101000010111101001011110010100011001000100000
011100010110110101110111011111000101000011111100011011100001110011111000111010101000101100001001100111110100010011001101101010010111101001011110010100011001000100000
011100010110110101110111011111000101000011111100011011100001110011111000111010011011010100001001100111110100010011001101101000010111101001011110010100011001000100000
011100010110110101110111011111000101000011111100011011100001010001110000011111001010110110001001100111110100010011001101101000010111101001011110010100011001000100000
011100010110110101110111011111000101000011111100011011100001110011111000111010011011010001101001100111110100010011001101101000010111101001011110010100011001000100000
011100010110110101110111011111000101000011111100011011100001110011111000111010100111001101101001100111110100010011001101101000010111101001011110010100011001000100000
011100010110110101110111011111000101000011111100011011100001110011111000111010010101111101101101001100111110100010011001101101000010111101001011110010100011001001010
011100010110110101110111011111000101000011111100011011100001110011111011100010101000101100001001100111110100010011001101101000010111101001011110010100011001000100000
011100010110110101110111011111000101000011111100011011100001110011111000111100101000101100001001100111110100010011001101101000010111101001011110010100011001000100000
011100010110110101110111011111000101000011111100011011100001110011111000111010010101111101101001100111110100010011001101101000010111101001011110010100011001000100000
011100010110110101110111011111000101000011111100011011100001110011111011100001101000101100001001100111110100010011001101101000010111101001011110010100011001000100000
011100010110110101110111011111000101000011111100011011100001110011111000101100111001101100001001100111110100010011001101101000010111101001011110010100011001000100000
011100010110110101110111011111000101000011111100011011100001110011111000111010011011010001001001001100111110100010011001101101000010111101001011110010100011001001010
011100010110110101110111011111000101000011111100011011100001110011111000111001001101000101100001001100111110100010011001101101000010111101001011110010100011001001010
011100010110110101110111011111000101000011111100011011100001110011111000111010101000101100001001100111110100010011010010011001011111101001011110010100011001000100000
011100010110110101110111011111000101000011111100011011100001110011111000111010010101111100001001100111110100010011001101101000010111101001011110010100011001000100000
