111010010010101000101001100010011000110111110011100010001010110100110110010011011011010111111001101011001110101110011011111010110000000000110101111010101000011101010
111010010010101000101001100010011000110111110011100010001010110100110110010011011011010111111001101011001110101110011011111010110011111011000101111010101000011101010
111010010010101000101001100010011000110111110011100010001010110100110110010011011011010111111001101011001110101110011011111010110011111011110101111010101000011101010
111010010010101000101001100010011000110111110011100010001010110100110110010011011011010111111001101011001110101110011011111010110000011001000101111010101000011101010
111010010010101000101001100010011000110111110011100010001010110100110110010011011011010111111001101011001110101110011011111010110010101011001101111010101000011101010
111010010010101000101001100010011000110111110011100010001010110100110110010011011011010111111001101011001110101110011011111010110000000000110101111010101000011101011
111010010010101000101001100010011000110111110011100010001010110100110110010011011011010111111001101011001110101110011000011011110000000000110101111010101000011101010
111010010010101000101001100010011000110111110011100010001010110100110110010011011011010111111001101011001110101110011011111010110101100100110101111010101000011101010
111010010010101000101001100010011000110111110011100010001010110100110110010011011011010111111001101011001110101110011011111010110011111010110101111010101000011101010
111010010010101000101001100010011000110111110011100010001010110100110110010011011011010111111001101011001110101110011011111010110011111011011001111010101000011101010
111010010010101000101001100010011000110111110011100010001010110100110110010011011011010111111001101011001110101110011011111010110011111011011000101010101000011101010
111010010010101000101001100010011000110111110011100010001010110100110110010011011011010111111001101011001110101110011011111010110000000010100001111010101000011101010
111010010010101000101001100010011000110111110011100010001010110100110110010011011011010111111001101011001110101110011011111010100111111000110101111010101000011101010
111010010010101000101001100010011000110111110011100010001010110100110110010011011011010111111001101011001110101110011011111010110011111011010001111010101000011101010
111010010010101000101001100010011000110111110011100010001010110100110110010011011011010111111001101011001110101110011011111010110011001110111100111010101000011101010
111010010010101000101001100010011001001111110011100010001010110100110110010011011011010111111001101011001110101110011011111010110000000000110101111010101000011101010
111010010010101000101001100010011000110111110011100010001010110100110110010011011011010111111001101011001110101110011011111010100101010011110101111010101000011101010
111010010010101000101001100010011000110111110011100010001010110100110110010011011011010111111001101011001110101110011011111010110011001110111101111010101000011101010
111010010010101000101001100010011000110111110011100010001010110100110110010011011011010111111001101011001110101110011011111001101001110001100001111010101000011101010
111010010010101000101001100010011000110111110011100010001010110100110110010011011011010111111001101011001110101110011011111010100101010011000101111010101000011101010
111010010010101000101001100010011000110111110011100010001010110100110110010011011011010111111001101011001110101110011011111010000111100100010101111010101000011101010
111010010010101000101001100010011000110111110011100010001010110100110110010011011011010111111001101011001110101110011011111010110011111011011101111010101000011101010
111010010010101000101001100010011000110111110011100010001010110100110110010011011011010111111001101011001110101110011011111010110010101010110101111010101000011101010
111010010010101000101001100010011000110111110011100010001010110100110110010011011011010111111001101011001110101110011011111010110100101010110101111010101000011101010
111010010010101000101001100010011000110111110011100010001010110100110110010011011011010111111001101011001110101110011011111010110100011001000101111010101000011101010
111010010010101000101001100010011000110111110011100010001010110100110110010011011011010111111001101011001110101110011011111010110000000000110101111010111010000001111
111010010010101000101001100010011000110111110011100010001010110100110110010011011011010111111001101011001110101110011011111010110010101011000101111010101000011101010
111010010010101000101001100010011000110111110011100010001010110100110110010011011011010111111001101011001110101110011011111010110000000000110101111010101000011101111
111010010010101000101001100010011000110111110011100010001010110100110110010011011011010111111001101011001110101110011011111010110000000000110101001001110100001001111
111010010010101000101001100010011000110111110011100010001010110100110110010011011011010111111001101011001110101110011011111010110000000000110101101110001011000001111
111010010010101000101001100010011000110111110011100010001010110100110110010011011011010111111001101011001110101110011011111010100101010111001001001110100001001101010
111010010010101000101001100010011000110111110011100010001010110100110110010011011011010111111001101011001110101110011011111010110011111010001001001110100001001101010
