001100110001001101111011101000110110110111111010100110100111101011010011100110111010000101101100100000011100111010001001111000001110100101111111011110001101111000010
001100110001001101111011101000110110110111111010100110100111110011010011100110111010000101101100100000011100111010001001111000001110100101111111011110001101111000010
001100110001001101111011101000110110110111111010100110100000011011010011100110111010000101101100100000011100111010001001111000001110100101111111011110001101111000010
001100110001001101111011101000110110110111111010100110100111010011010011100110111010000101101100100000011100111010001001111000001110100101111111011110001101111000010
001100110001001101111011101000110110110111111010100110100101111011010011100110111010000101101100100000011100111010001001111000001110100101111111011110001101111000010
001100110001001101111011101000110110110111111010100110100111101111110011100110111010000101101100100000011100111010001001111000001110100101111111011110001101111000010
001100110001001101111011101000110110110111111010100010011000101110001111100110111010000101101100100000011100111010001001111000001110100101111111011110001101111000010
001100110001001101111011101000110110110111111010100110100111101011010011100110111010000101101100100000011100111010001001111000001110100101110111011110001101111000010
001100110001001101111011101000110110110111111010100110100101011110001111100110111010000101101100100000011100111010001001111000001110100101111111011110001101111000010
001100110001001101111011101000110110110111111010100010011100111011010011100110111010000101101100100000011100111010001001111000001110100101111111011110001101111000010
001100110001001101111011101000110110110111111010100110100111101110010011100110111010000101101100100000011100111010001001111000001110100101111111011110001101111000010
001100110001001101111011101000110110110111111010100110000101000101101011100110111010000101101100100000011100111010001001111000001110100101111111011110001101111000010
001100110001001101111011101000110110110111111010100110100111001101101011100110111010000101101100100000011100111010001001111000001110100101111111011110001101111000010
001100110001001101111011101000110110110111111010100110100101110110001111100110111010000101101100100000011100111010001001111000001110100101111111011110001101111000010
001100110001001101111011101000110110110111111010100110100100101011010011100110111010000101101100100000011100111010001001111000001110100101111111011110001101111000010
001100110001001101111011101000110110110111111010100110100101110110010011100110111010000101101100100000011100111010001001111000001110100101111111011110001101111000010
001100110001001101111011101000110110110111111010100110100111101011010011100110111010000101101100100000011100111010001001111000001110010001111111011110001101111000010
001100110001001101111011101000110110110111111010100110100111101011010011100110111010000101101100100000011100111010001001111000001110010101111111011110001101111000010
001100110001001101111011101000110110110111111010100110100101100011010011100110111010000101101100100000011100111010001001111000001110100101111111011110001101111000010
001100110001001101111011101000110110110111111010100110100101110111110011100110111010000101101100100000011100111010001001111000001110100101111111011110001101111000010
001100110001001101111011101000110110110111111010100110100111110101101011100110111010000101101100100000011100111010001001111000001110100101111111011110001101111000010
001100110001001101111011101000110110110111111010100110100111101011000011100110111010000101101100100000011100111010001001111000001110100101111111011110001101111000010
001100110001001101111011101000110110110111111010100110100111100011010011100110111010000101101100100000011100111010001001111000001110100101111111011110001101111000010
001100110001001101111011101000110110110111111010100110100111011011010011100110111010000101101100100000011100111010001001111000001110100101111111011110001101111000010
001100110001001101111011101000110110110111111010100110100111101011001101100110111010000101101100100000011100111010001001111000001110100101111111011110001101111000010
001100110001001101111011101000110110110111111010100110100111101011010011100110111010000101101100100000011100111010001001111000010111011000111111011110001101111000010
001100110001001101111011101000110110110111111010100110100111101011010011100110111010000101101100100000011100111010001001111000001101000101111111011110001101111000010
001100110001001101111011101000110110110111111010100110100111101101101011100110111010000101101100100000011100111010001001111000001110100101111111011110001101111000010
100110001001101111011101000110110110111111010100110100111101011010001111100110111010000101101100100000011100111010001001111000001110100101111111011110001101111000010
100110001001101111011101000110110110111111010100110100111101011010010011100110111010000101101100100000011100111010001001111000001110100101111111011110001101111000010
100110001001101111011101000110110110111111010100110100101110110011010011100110111010000101101100100000011100111010001001111000001110100101111111011110001101111000010
100110001001101111011101000110110110111111010100100000011010101011010011100110111010000101101100100000011100111010001001111000001110100101111111011110001101111000010
