110110101110001001101001011001100000111101001011110111111100001101100000110010110011011110101001110000000001011001110011100101100001110010010101110001111000101111100
110110101110001001101001011001100000111110111110001010111101111001011100000110010110011011110101001110000000001011001110011100101100001110010010101110010110001111100
110110101110001001101001011001100000111101001011110110000011000001011100000110010110011011110101001110000000001011001110011100101100001110010010101110010110001111100
110110101110001001101001011001100000111101001001011110111111100001101100000110010110011011110101001110000000001011001110011100101100001110010010101110010110001111100
110110101110001001101001011001100000111101001011110111111100001101100000110010110011011110101001110000000001011001110011100101100001101100111101010011101101011111100
110110101110001001101001011001100000111101001011110111111100001101100000110010110011011110101001110000000001011001110011100101100001110010010101110010110001101111100
110110101110001001101001011001100000110110111110001010111101111001011100000110010110011011110101001110000000001011001110011100101100001110010010101110010110001111100
110110101110001001101001011001100000111110101000011100001111011001011100000110010110011011110101001110000000001011001110011100101100001110010010101110010110001111100
110110101110001001101001011001100000111110101001011110111111100001101100000110010110011011110101001110000000001011001110011100101100001110010010101110010110001111100
110110101110001001101001011001100000111101001011110111111100001101100000110010110011011110101001110000000001011001110011100101100001110010010101110010110010011111100
110110101110001001101001011001100000110111110001010111101111001011100000110010110011011110101001110000000001011001110011100101100001110010010101110001111000101111100
110110101110001001101001011001100000111101010101111110000011000001011100000110010110011011110101001110000000001011001110011100101100001110010010101110010110001111100
110110101110001001101001011001100000111101001011110111111100001101100000110010110011011110101001110000000001011001110011100101100001110010010101110010110011000111100
110110101110001001101001011001100000111101001011110111111100001101110010000110010110011011110101001110000000001011001110011100101100001110010010101110010110001111100
110110101110001001101001011001100000111101001011110111111100001101100000110010110011011110101001110000000001011001110011100101100001110010010101110000001011101111100
110110101110001001101001011001100000111101001011101000100100001011100000110010110011011110101001110000000001011001110011100101100001110010010101110001111000101111100
110110101110001001101001011001100000111110100001011101000100100001011100000110010110011011110101001110000000001011001110011100101100001110010010101110010110001111100
110110101110001001101001011001100000111110111110001010111101111001011100000110010110011011110101001110000000001011001110011100101100001110010010101110010110010011100
110110101110001001101001011001100000110111101001011110111111100001101100000110010110011011110101001110000000001011001110011100101100001110010010101110010110001111100
110101011100100000010111110110001100000000100001100100110111011001011100000110010110011011110101001110000000001011001110011100101100001110010010101110010110001111100
110110101110001001101001011001100000111110101000001010111101111001011100000110010110011011110101001110000000001011001110011100101100001110010010101110010110001111100
110110101110001001101001011001100000111101001001011110111111100001101100000110010110011011110101001110000000001011001110011100101100001110010010101110010110010011100
110110101110001001101001011001100000111110110000011110111111100001101100000110010110011011110101001110000000001011001110011100101100001110010010101110010110001111100
110110101110001001101001011001100000110111110001010111101111001011100000110010110011011110101001110000000001011001110011100101100001101100111101010011101101011111100
110110101110001001101001011001100000111110101011100010000011000001011100000110010110011011110101001110000000001011001110011100101100001110010010101110010110001111100
110110101110001001101001011001100000111101001011101000100100001011100000110010110011011110101001110000000001011001110011100101100001101100111101010011101101011111100
110110101110001001101001011001100000111101001011110111111100001101100000110010110011011110101001110000000001011001110011100101100001110010010101110000000011101111100
110110101110001001101001011001100000110101000011010010000011000001011100000110010110011011110101001110000000001011001110011100101100001110010010101110010110001111100
110101011100100000010111110110001100000000100001100100010010100001101100000110010110011011110101001110000000001011001110011100101100001110010010101110010110001111100
110110110101110001001101001011001100000111101001011110111111100001101100000110010110011011110101001110000000001011001110011100101100001110010010101110010110001111100
110110001001010001001101001011001100000111101001011110111111100001101100000110010110011011110101001110000000001011001110011100101100001110010010101110010110001111100
110101011100100000010111110110001100000000100001011101000100100001011100000110010110011011110101001110000000001011001110011100101100001110010010101110010110001111100
