01101100011000110000111000010101000011100100111000111110101111000100100111000011000011100001100111001001110110010100111001110011110110101000001110011010111001110011
01101100011000110000111000010101000011100100111000111110101111000100100111000011000011100001100111001001110110010100111001100011001110101000001110011010111001110011
01101100011000110000111000010101000011100100111000111110101111000100100111000011000011100001100111001001110110010100111001100010010010101000001110011010111001110011
01101100011000110000111000010101000011100100111000111110101111000100100111000011000011100001100111001001110110010100111001110100100110101000001110011010111001110011
01101100011000110000111000010101000011100100111000111110101111000100100111000011000011100001100111001001110110010100111001101111010101100000001110011010111001110011
01101100011000110000111000010101000011100100111000111110101111000100100111000011000011100001100111001001110110010100111001100010011100101000001110011010111001110011
01101100011000110000111000010101000011100100111000111110101111000100100111000011000011100001100111001001110110010100111001110011110110010000101011101110111001110011
01101100011000110000111000010101000011100100111000111110101111000100100111000011000011100001100111001001110110010100111001100010011010001000001110011010111001110011
01101100011000111000100001011101000011100100111000111110101111000100100111000011000011100001100111001001110110010100111001110011110110101000001110011010111001110011
01101100011000111000100001011101000011100100111000111110101111000100100111000011000011100001100111001001110110010100111001100011001110101000001110011010111001110011
01101100011000110000111000010101000011100100111000111110101111000100100111000011000011100001100111001001110110010100111001101100010110101000001110011010111001110011
01101100011000110000111000010101000011100100111000111110101111000100100111000011000011100001100111001001110110010100111001100011110101000000101011101110111001110011
01101100011000110000111000010101000011100100111000111110101111000100100111000011000011100001100111001001110110010100111001100010000010010000101011101110111001110011
01101100011000110000111000010101000011100100111000111110101111000100100111000011000011100001100111001001110110010101000010100001110110101000001110011010111001110011
01101100011000110000111000010101000011100100111000111110101111000100100111000011000011100001100111001001110110010100111001101111110110101000001110011010111001110011
01101100011000110000111000010101000011100100111000111110101111000100100111000011000011100001100111001001110110010100111001110010010110101000001110011010111001110011
01101100011000110000111000010101000011100100111000111110101111000100100111000011000011100001100111001001110110010100111001101100101100101000001110011010111001110011
