00010110001100100111111000110100000000000100111111001100000100110101111100101100111010111010111010000111101001111111110100100000000010000111101101010010100001000011
00010110001100100111111000110100000000000100111111001100000100110101111100101100111010111010111000101111000010101111111101101001001010010011111101010010100001000011
00010110001100100111111000110100000000000100111111001100000100110101111100101100111010111010111000101111000010101111111101101001001010010011101101010010100001000011
00010110001100100111111000110100000000000100111111001100110011100101111100101100111010111010111010000111101001111111110100100000000010000111101101010010100001000011
00010110001100100111111000110100000000000100111111001100011000110101111100101100111010111010111010000111101001111111110100100000000010000111101101010010100001000011
00010110001100100111111000110100000000000100111111001100000100110101111100101100111010111010111000101111000010101111111101101001001010010011111000101011101001000110
00010110001100100111111000110100000000000100111111001100001101110101111100101100111010111010111010000111101001111111110100100000000010000111101101010010100001000011
00010110001100100111111000110100000000000100111111001100000100110101111100101100111010111010111000101111000010101111111101101001001010010010001101010010100001000011
00010110001100100111111000110100000000000100111111001100110011101010100000101100111010111010111010000111101001111111110100100000000010000111101101010010100001000011
00010110001100100111111000110100000000000100111111001100001101000101111100101100111010111010111010000111101001111111110100100000000010000111101101010010100001000011
00010110001100100111111000110100000000000100100001110110000100110101111100101100111010111010111010000111101001111111110100100000000010000111101101010010100001000011
00010110001100100111111000110100000000000100111111001100111000110101111100101100111010111010111010000111101001111111110100100000000010000111101101010010100001000011
00010110001100100111111000110100000000000100111111001100100001010101111100101100111010111010111010000111101001111111110100100000000010000111101101010010100001000011
00010110001100100111111000110100000000000100111111001100000100110101111100101100111010111010111000101111000010101111111101101001001010010011111010000010100001000011
00010110001100100111111000110100000000000100111111001100000100110101111100101100111010111010111000101111000010101111111101101001001010010011100101001011000101000011
00010110001100100111111000110100000000000100111111001100000100110101111100101100111010111010111010000111101001111111110100100000000010000111100101001011000101000011
00010110001100100111111000110100000000000100111111001100000100110101111100101100111010111010111010000111101001111111110100100000000010000111101101010010100001000011
