11001001100100111100101000011010100010000011001010110011001111000100000100110110110011010000000010100100110110110100001000001101001010010100101000101101101101111010
11001001100100111100101000011010100010000011001010110011001111000100000100110110110011010000000010100100110110110100001000001101001011011100010101000011001100101010
11001001100100111100101000011010100010000011001010110011001111000100000100110110110011010000000010100100110110110100001000001100000001110111110011110100000001111010
11001001100100111100101000011010100010000011001010110011001111000100000100110110110011010000000010100100110110110100001000001101001010011110100111010100101011001010
11001001100100111100101000011010100010000011001010110011001111000100000100110110110011010000000010100100110110110100001000001110101110000011000110001100110011001010
11001001100100111100101000011010100010000011001010110011001111000100000100110110110011010000000010100100110110110100001000001101001010010111111000100110100000000010
11001001100100111100101000011010100010000011001010110011001111000100000100110110110011010000000010100100110110110100001000001101001010011110100111010100101010100010
11001001100100111100101000011010100010000011001010110011001111000100000100110110110011010000000010100100110110110100001000001110101110001111000000010101000011001010
11001001100100111100101000011010100010000011001010110011001111000100000100110110110011010000000010100100110110110100001000001101001010010110110001000110010111001010
11001001100100111100101000011010100010000011001010110011001111000100000100110110110011010000000010100100110110110100001000001111101100111101010111110001011011001010
11001001100100111100101000011010100010000011001010110011001111000100000100110110110011010000000010100100110110110100001000001110101110000011000110001100110011100010
11001001100100111100101000011010100010000011001010110011001111000100000100110110110011010000000010100100110110110100001000001101001011011110001100101000110111000010
11001001100100111100101000011010100010000011001010110011001111000100000100110110110011010000000010100100110110110100001000001100000001110111110011110100000000001010
11001001100100111100101000011010100010000011001010110011001111000100000100110110110011010000000010100100110110110100001000001101001011010001011000010010110111100010
11001001100100111100101000011010100010000011001010110011001111000100000100110110110011010000000010100100110110110100001000001101001010011100111110111111010001010010
11001001100100111100101000011010100010000011001010110011001111000100000100110110110011010000000010100100110110110100001000001100001000110100001000000011010001111010
11001001100100111100101000011010100010000011001010110011001111000100000100110110110011010000000010100100110110110100001000001101001010010100101000101101101101110011
