10100000101101010000111011000001101110001101111011111111110101001001100101100110110100111001000100111011011001101101001011010010000101000110011010110100011110101101
10100000101101010000111011000001101111011001000110101010101110111011000101011111101110111001000100111011011001101101001011010010000101000110011010110100011110101101
10100000101101010000111011000000000110111101111011111111110101001001100101100110110100111001000100111011011001101101001011010010000101000110011010110100011110101101
10000001111010010001100001000001101111111110111010111100101111100111101010100111010010001100100100111011011001101101001011010010000101000110011010110100011110101101
10100000101101010000111011000001101110001101111011111111110101001001100101100110110100111000001011101110000111101101001011010010000101000110011010110100011110101101
11110111101001110010100000010000001001001111111011111111110101001001100101100110110100111001000100111011011001101101001011010010000101000110011010110100011110101101
10100000101101010000111011000001101110001100110001000100001111110111110011010010100110111001000100111011011001101101001011010010000101000110011010110100011110101101
11110111101001110010100000010000000001000110100011111111110101001001100101100110110100111001000100111011011001101101001011010010000101000110011010110100011110101101
10100000101101010000111011000001101110001101111011111111110101001001100101100111100010000001001011100101001010101101001011010010000101000110011010110100011110101101
11110111101001110010100000010000101011001001111011111111110101001001100101100110110100111001000100111011011001101101001011010010000101000110011010110100011110101101
10000001111010010001100001000001101111110110100011111111110101001001100101100110110100111001000100111011011001101101001011010010000101000110011010110100011110101101
10100000101101010000111011000001101110001101111011111111110101001001100100001101101110111001000100111011011001101101001011010010000101000110011010110100011110101101
10100000101101010000111011000001101110001101111011111111110101001001100100001101101100100000001010111011011001101101001011010010000101000110011010110100011110101101
10100000101101010000111011000001101110001101001010011110111010100010001000111110011101110011100010100111111000111011011101010010000101000110011010110100011110101101
10100000101101010000111011000001101110001111101010111001100111001001100101100110110100111001000100111011011001101101001011010010000101000110011010110100011110101101
10000001111010010001100001000001101111110110000000010111101000000011000001100010111110110111101010111011011001101101001011010010000101000110011010110100011110101101
11110111101001110010100000010000000001101101111011111111110101001001100101100110110100111001000100111011011001101101001011010010000101000110011010110100011110101101
