10011010001001011110110000001000001001111111111011000000111000000101010001110100100100100101111100101001100011100101010011001111000110110000011110110001111101010101
10011010001001011110110000001000001001111111111011000000111000000101010001110111011011101111110110110111010111011100001110111011001101011111110111001111001001010101
10011010001001011110110000001000001001111111111011000000111000000101010001110100100100100101111100101001100000101001111011110011000110110000011110110001111101010101
10011010001001011110110000001000001001111111111011000000111000000101010001110100100100100101111100101001110100101100110000010011000110110000011110110001111101010101
10011010001001011110110000001000001001111111111011000000111000000101010001110111011100011010001000100111100000000111100110101101011111100011011100111000011001010101
10011010001001011110110000001000001001111111111011000000111000000101010001110111011011101110101101011001000011110111000010011111111111100011011100111000011001010101
10011010001001011110110000001000001001111111111011000000111000000101010001110111011111011000001000100010010010010110001000101111000110110000011110110001111101010101
10011010001001011110110000001000001001111111111011000000111000000101010001110100100100100101111100101001100000101001111010110001111100110000011110110001111101010101
10011010001001011110110000001000001001111111111011000000111000000101010001110111011100011010001000100111100000000111100110101101011111100010000011000001011010110011
10011010001001011110110000001000001001111111111011000000111000000101010001110111010101011010001000100111100000000111100110101101011111100011011100111000011001010101
10011010001001011110110000001000001001111111111011000000111000000101010001110100100100100101111100101001011110000111111010110001111100110000011110110001111101010101
10011010001001011110110000001000001001111111111011000000111000000100010011000101001001001010101000000010000000110000000110101101011111100011011100111000011001010101
10011010001001011110110000001000001001111111111011000000111000000101010001110111011110110010011011100011000111100000000110101101011111100011011100111000011001010101
10011010001001011110110000001000001001111111111011000000111000000100010011000101001001001010101000000010000101000101001000101111000110110000011110110001111101010101
10011010001001011110110000001000001001111111111011000000110111100000001010110100011110001100111110101001100011100101010011001111000110110000011110110001111101010101
10011010001001011110110000001000001001111111111011000000111000000101010001110111010101011010001000100111100000000111100110101101011111100010000011000001011010110011
10011010001001011110110000001000001001111111111011000000111000000101010001110111011011101111110110110111010111011100000110101101011111100010000011000001011010000011
