10011110000001011001110110101011000101001010110100101010011111101000100010011011100111000010011000001110101111100100100010000011101010110110111011010100010001011001
10011110000001011001110110101011000101001010110100101010011111101000100010010010100100001011101101101110110101000100100101001110010110111010010010001101101001010001
10011110000001011001110110101011000101001010110100101010011111101000100010011011101110011100000000010111010000010100100010000011101010110110111011010100010001011001
10011110000001011001110110101011000101001010110100101010011111101000100010010010100101110000001111101000010110001011110010000011101010110110111011010100010001011001
10011110000001011001110110101011000101001010110100101010011111101000100010010010100100001011101101101110110101000100100101001110010110111010010010001101011001011101
10011110000001011001110110101011000101001010110100101010011111101000100010010010100100001011101101101110110101000100100101001110010110111010010000110000011101011001
10011110000001011001110110101011000101001010110100101010011111101000100010010010100101011100101010111011010001010001011100011010100100000010111000001011111011100001
10011110000001011001110110101011000101001010110100101010011111101000100010011011101110011100000000001011111001100011110010000011101010110110111011010100010001011001
10011110000001011001110110101011000101001010110100101010011111101000100010010010100100001011101101101110110101000100100101001110010110111010010010001101011000110111
10011110000001011001110110101011000101001010110100101010011111101001100100001110101110001100100100011010001110001011110010000011101010110110111011010100010001011001
10011110000001011001110110101011000101001010110100101010011111101000100010010010100101001111101011110001100111011111110010000011101010110110111011010100010001011001
10011110000001011001110110101011000101001010110100101010011111101000100010011011100101011100101010111011010001010001011100011010100100000010111000001011111011100001
10011110000001011001110110101011000101001010110100101010011111101000100010011011101110011100000000010111010001010001011100011010100100000010111000001011111011100001
10011110000001011001110110101011000101001010110100101010011111101000100010011011101110011100000000011111010101111110100000000000000000111111101100111010100001011001
10011110000001011001110110101011000101001010110100101010011111101000100010010010100100001011101101101110110101000100100101001110010110111010010010001101011001010111
10011110000001011001110110101011000101001010110100101010011111101000100010010010011110110101111110011010001110001011110010000011101010110110111011010100010001011001
10011110000001011001110110101011000101001010110100101010011111101000100010010010100100001011101101101110110101000100100101001110010110111010010010001101011000101110
