00000110110011110001100010001010011101010111011000101001100011011100101010110000010100111110111010111111101001101011001011111100110110010011101000111010010001010100
00000110110011110001100010001010011101010111011000101001100011011100101010110000010100111110111010111111101001101011000010011011001000001101101000111010010001010100
00000110110011110001100010001010011101010111011000101001100011011100101010110000010100111110111010111111101001101011000001011000111000101001101000111010010001010100
00000110110011110001100010001010011101010111011000101001100011011100101010110000010100111110111010111111101001101011000001011000110011001000001110000100001101010100
00000110110011110001100010001010011101010111011000101001100011011100101010110000010100111110111010111111101001101011001011111100111000101001101000111010010001010100
00000110110011110001100010001010011101010111011000101001100011011100101010110000010100111110111010111111101001101011000011101010100100101101101000111010010001010100
00000110110011110001100010001010011101010111011000101001100011011100101010110000010100111110111010111111101001101011000001011000110011001001011000111010010001010100
00000110110011110001100010001010011101010111011000101001100011011100101010110000010100111110111010111111101001101011000010001111001000001101101000111010010001010100
00000110110011110001100010001010011101010111011000101001100011011100101010110000010100111110111010111111101001101011011010011011001000001101101000111010010001010100
00000110110011110001100010001010011101010111011000101001100011011100101010110000010100111110111010111111101001101011001010001101011010110001001110101100111101000111
00000110110011110001100010001010011101010111011000101001100011011100101010110000010100111110111010111111101001101011000001011000110011001011101000111010010001010100
00000110110011110001100010001010011101010111011000101001100011011100101010110000010100111110111010111111101001101011001011111100110110010011101000000100111101000111
00000110110011110001100010001010011101010111011000101001100011011100101010110000010100111110111010111111101001101011001011111100000010101001101000111010010001010100
00000110110011110001100010001010011101010111011000101001100011011100101010110000010100111110111010111111101001101011000001011000110011001000001110100111100110100111
00000110110011110001100010001010011101010111011000101001100011011100101010110000010100111110111010111111101001101011000001010101111101010111101000111010010001010100
00000110110011110001100010001010011101010111011000101001100011011100101010110000010100111110111010111111101001101011001011111100001000111101101000111010010001010100
00000110110011110001100010001010011101010111011000101001100011011100101010110000010100111110111010111111101001101011000010011011001000001101101000111010010001010100
