10110111001010101110001010001011111101101000001010110110010100011011101101111100010010110000101111011101100011000111011110001101001000101000000101000101010001000100
10100010111111011000011100101011111101101000001010110110010100011011101101111100010010110000101111011101100011000111011110001101001000101000000101000101010001000100
10110111001010101110001010001011111101101000001010110110010100011011101101111100010010110000101111011101100011000111011110001101001001001000001000010000010100101000
01011110111001001110000101001011111101101000001010110110010100011011101101111100010010110000101111011101100011000111011110001101001000101000000101000101010001000100
10100010111110111011111000001011111101101000001010110110010100011011101101111100010010110000101111011101100011000111011110001101001000101000000101000101010001000100
10100010111111000100111110010100011101101000001010110110010100011011101101111100010010110000101111011101100011000111011110001101001000101000000101000101010001000100
10100010111100111101101100110011111101101000001010110110010100011011101101111100010010110000101111011101100011000111011110001101001000101000000101000101010001000100
10100010110001110000111100011000000011010010001010110110010100011011101101111100010010110000101111011101100011000111011110001101001000101000000101000101010001000100
10110111001010101110001010001011111101101000001010110110010100011011101101111100010010110000101111011101100011000111011110001101001001001001000111110111000110100001
10100010111111000101000011111000000011010010001010110110010100011011101101111100010010110000101111011101100011000111011110001101001000101000000101000101010001000100
01111101100001111111000100101011111101101000001010110110010100011011101101111100010010110000101111011101100011000111011110001101001000101000000101000101010001000100
10110111001010101110001010001011111101101000001010110110010100011011101101111100010010110000101111011101100011000111011110001101001000101000000101000101010001100100
01000100001000001000010010001011111101101000001010110110010100011011101101111100010010110000101111011101100011000111011110001101001000101000000101000101010001000100
10100010111111001101010100011011111101101000001010110110010100011011101101111100010010110000101111011101100011000111011110001101001000101000000101000101010001000100
10100010001100111010011010110101111101101000001010110110010100011011101101111100010010110000101111011101100011000111011110001101001000101000000101000101010001000100
10110111001010101110001010001011111101101000001010110110010100011011101101111100010010110000101111011101100011000111011110001101001001001000011011110001001000011001
10110111001010101110001010001011111101101000001010110110010100011011101101111100010010110000101111011101100011000111011110001101001000101000000101000101010001000100
