11010100101001101101000000101101000000001111110000001011100001011100110000001011111101111011110100001010110111101010011001111010101111111100000111110111000001100110
11010100101001101101000000101101000000001111110000001011100001011100110000001011111101111011110100001010110111101010011001111010101111111110011110001111000001100110
11010100101001101101000000101101000000001111110000001011100001011100110000001011111101111011110100001010110111101010011001111010101111101011010111110111000001100110
11010100101001101101000000101101000000001111110000001011100001011100110000001011111101111011110100001010110111101010011001111010101111111101000100001111000001100110
11010100101001101101000000101101000000001111110000001011100001011100110000001011111101111011110100001010110111101010011001111010101111101000111011110111000001100110
11010100101001101101000000101101000000001111110000001011100001011100110000001011111101111011110100001010110111101010011001111010101111111101011001101111000001100110
11010100101001101101000000101101000000001111110000001011100001011100110000001011111101111011110100001010110111101010011001110111001001000011111110001111000001100110
11010100101001101101000000101101000000001111110000001011100001011100110000001011111101111011110100001010110111101010011001111010101111100011111110001111000001100110
11010100101001101101000000101101000000001111110000001011100001011100110000001011111101111011110100001010110111101010011001111010101111101011111110001111000001100110
11010100101001101101000000101101000000001111110000001011100001011100110000001011111101111011110100001010110111101010011001111010101111101010110111001111000001100110
11010100101001101101000000101101000000001111110000001011100001011100110000001011111101111011110100001010110111101010011001111010101111101011001100100111000001100110
11010100101001101101000000101101000000001111110000001011100001011100110000001011111101111011110100001011010010110000110101000000010110101111110000100111000001100110
11010100101001101101000000101101000000001111110000001011100001011100110000001011111101111011110100001010110111101010011001111010101111000011111110001111000001100110
11010100101001101101000000101101000000001111110000001011100001011100110000001011111101111011110100001010110111101010010010001011000110100000011110001111000001100110
11010100101001101101000000101101000000001111110000001011100001011100110000001011111101111011110100001010110110101010011001111010101111111100000111110111000001100110
11010100101001101101000000101101000000001111110000001011100001011100110000001011111101111011110100001010110111101010011001111010101111111101000101000101011000100110
11010100101001101101000000101101000000001111110000001011100001011100110000001011111101111011110100001010110111101010011001111010101111111110011110001111000001100110
