01111010100001100001000000101111111000101010011111100111101111110111011010010111010110100110000001100011110000111100010100101000001101010101110011011101100011001011
01111010100001100001000000101111111000101010011111100111101111110111011010010111010110100111110001100011110000111100010100101000001101010101110011011101100011001011
01111010100001100001000000101111111000101010011111100111101111110111011010010111010110011010010010000011110000111100010100101000001101010101110011011101100011001011
01111010100001100001000000101111111000101010011111100111101100000111111111101111111110100111110001100011110000111100010100101000001101010101110011011101100011001011
01111010100001100001000000101111111000101010011111100111101111110111111010010111010110100110000001100011110000111100010100101000001101010101110011011101100011001011
01111010100001100001000000101111111000101010011111100111101111110111011010010111010110100110000000001010010011110100010100101000001101010101110011011101100011001011
01111010100001100001000000101111111000101011010100001111111001100101000101001100001110000010000001100011110000111100010100101000001101010101110011011101100011001011
01111010100001100001000000101111111000101010011111100111101111110111111001001100001110000010000001100011110000111100010100101000001101010101110011011101100011001011
01111010100001100001000000101111111000101010011111100111101100000111111111101111111110100110000001100011110000111100010100101000001101010101110011011101100011001011
01111010100001100001000000101111111000101010011111100111101100010100001111111111010110100110000001100011110000111100010100101000001101010101110011011101100011001011
01111010100001100001000000101111111000101010011111100111101111110111011010010111010110011010000001100011110000111100010100101000001101010101110011011101100011001011
01111010100001100001000000101111111000101010011111100111100111100001000000010111010110100110000001100011110000111100010100101000001101010101110011011101100011001011
01111010100001100001000000101111111000101010011111100111101111110111011010010111010110100110001001011110110010111100110010110100001101010101110011011101100011001011
01111010100001100001000000101111111000101010011111100111101111011110010101010100110110111110100001100011110000111100010100101000001101010101110011011101100011001011
01111010100001100000100001000010100000011110001000111001000110111111111011010100110110111110100001100011110000111100010100101000001101010101110011011101100011001011
01111010100001100001000000101111111000101010011111100111101111110111011010010111010110100110000001100011110000111100010100101000001100010110010011011101100011001011
01111010100001100001000000101111111000101010011111100111101111110111011010010111010110100110000001100011110000111100010100101000001101010101110011011101100011001011
