10100000011101001011011101111010100010111101101100100111000011111001011100000101001100001001011000010101110011010000111111100011010101101100000001001010011001001101
10100000011101001011011101110101111111101000101100011001101110001001011100000101001100001001011000010101110011010000111111100011010101101100000001001010011001001101
10100000011100010110101001010011110001010011000010110000111111100110001001001011001101011100101110001101110000101000001011110010101010010111110101001110111001100110
10100000011101001011011101111010100010111101101100100111000011111001011100000101001100001001011000010101110011010000111111100010111010110010000110011010011001001101
10100000011100010110101001010011110001010011000010110000111111100110001001001011001101011100100010011111111100010011101101110111000011000010000110011010011001001101
10100000011101001011011101111001111111101000101100011001101110001001011100000101001100001001011000010101110011010000111111100011010101101100000001001010011001001101
10100000011101001011011101111000110100011100000110110111111011001100011011101100011000101001001111010101111001110100111010110000100101000010011100011010011001001101
10100000011101001011011101110101111111101000101100011001101110001001011100000101001100001001011000010101110011010000111111100010111010110010000110011010011001001101
10100000011100010110101001010011110001010011000010110000111111100110001001001011001101011100100010000011001101100010101111110110111010110010000110011010011001001101
10100000011101001011011100001110011101010110110010011011001011101111001110111100100011111101111011110011101000010100101010001001110110011100100110011010011001001101
10100000011100010110101000010110110001010011000010110000111111100110001001001011001101011100101110001101110000101000001011110010101010010111110101001110111001100110
10100000011101001011011101111010100010111101101100100111000011111001011100000101001100001001010110001001011000110010001111101100010101000101010110011010011001001101
10100000011101001011011100001111111111101000101100011001101110001001011100000101001100001001011000010101110011010000111111100011010101101100000001001010011001001101
10100000011101001011011101111001111111101000101100011001101110001001011100000101001100001001011000010101110011010000111111100010111010110010000110011010011001001101
10100000011100010110101000010110110001010011000010110000111111100110001001001011001101011100100010011111111100010011101101110111000011000010000110011010011001001101
10100000011100010110101001010011110001010011000010110000111111100110001001001011001101011100101011111101010010010101010110010101110001100010110110001010011001001101
10100000011101001011011100001111110001010011000010110000111111100110001001001011001101011100101110001101110000101000001011110010101011010101101111001110111001100110
