10001111110011000001111010001101000111010101100111100110011111111001011010011101100101000100101001101101001011011011001101101101110100001000010100100010001100110111
11101000011111100111101010111111110001000010011010101010111100100010011111101010000111000100101001101101001011011011001101101101110100001000010100100010001100110111
10001111110011000110001000110100010101100111110000110000111101011111111011001001101111000100101001101101001011011011001101101101110100001000010100100010001100110111
10000101011010110010000010001100000101100111110000110000111101011111111011001001101111000100101001101101001011011011001101101101110100001000010100100010001100110111
10001111110011000001111010001101000111010101100111100110010001001101111011010010000111000100101001101101001011011011001101101101110100001000010100100010001100110111
10000101010100100110000010001100000101100111110000110000111101011111111011001001101111000100101001101101001011011011001101101101110100001000010100100010001100110111
10001111110011000110000010001100000101100111110000110000111101011111111011001001101111000100101001101101001011011011001101101101110100001000010100100010001100110111
10001111110011000001111010001101000111010101100111100110011111110001001100001111011111000100101001101101001011011011001101101101110100001000010100100010001100110111
10001011011100011100100101011001011001010000110110010110001011101110001011110111110111000100101001101101001011011011001101101101110100001000010100100010001100110111
10001111110011000001111010001101000111010111100000000100110111111101000011111100100001011111111111101101001011011011001101101101110100001000010100100010001100110111
10001111110011000001111010001101000111010101100111100110011111110000001111011001110100011111111111101101001011011011001101101101110100001000010100100010001100110111
10001011011011101001000110001100000101100111110000110000111101011111111011001001101111000100101001101101001011011011001101101101110100001000010100100010001100110111
10001111110011000001111010001101000111010111100000000100110111100000100010001110010000010101111001101101001011011011001101101101110100001000010100100010001100110111
10001111110011000001111010001101000111010111100000000100110111101000111101011101111111000100101001101101001011011011001101101101110100001000010100100010001100110111
10001011011011010111011001101001000011101100010100001000101011000101011101000000000101000100101001101101001011011011001101101101110100001000010100100010001100110111
10001111110011000001111010001101000111010101100111011000110001010001011000101110100001100100101001101101001011011011001101101101110100001000010100100010001100110111
11101000011111100111101010111111110001000010011010101010111100100010011111101010000111000100101001101101001011011011001101101101110100001000010100100010001100110111
