01111100010010101010111111001001101111111011011110111101001101000000100100010001000000001110110010110110011100110010000110011010111111111001110010001010101010000110
01111100010010101010111111001001101111111011011110111101001101000000100100011001011110001111001001011101111010000110100100011010111111111001110010001010101010000110
01111100010010101010111111001001101111111011011110111101001101000000110001010001000000001110110010110110011100110010000110011010111111111001110010001010101010000110
01111100010010101010111111001001101111111011011110111101001101000000100100010001111111110100100001011001100011101010000001011100011011001101000101110101011100000110
01111100010010101010111111001001101111111011011110111101001101000000100100011001011110001111000101100110011100110010000110011010111111111001110010001010101010000110
01111100010010101010111111001001101111111011011110111101001101000000100100101100111100010111000011100100101001010011110000001001000111111000000101110101011100000110
01111100010010101010111111001001101111111011011110111101001101000000111010111101101100111101010010010110011100110010000110011010111111111001110010001010101010000110
01111100010010101010111111001001101111111011011110111101001101000000100100010001111111110100100001010110111111110101111110101000011001000001110010001010101010000110
01111100010010101010111111001001101111111011011110111101001101000000111011010110100000110010111101010001110101111000111100011010111111111001110010001010101010000110
01111100010010101010111111001001101111111011011110111101001101000000100100010001111111110100101101101110101110011000100000110100101111111001110010001010101010000110
01111100010010101010111111001001101111111011011110111101001101000000111000000010111110110110001010111100111000110100110011111101010000000000101010100000101011110110
01111100010010101010111111001001101111111011011110111101001101000000100100010001111111110100100001011010001110110110001001001010001001110011011010001010101010000110
01111100010010101010111111001001101111111011011110111101001101000000110001011011011011110001100011000111011001110110100100011010111111111001110010001010101010000110
01111100010010101010111111001001101111111011011110111101001101000000100100010001111111110100100001011001100011101010000001011100011011001111011010001010101010000110
01111100010010101010111111001001101111111011011110111101001101000000111010111100101110001111001001011101111010000110100100011010111111111001110010001010101010000110
01111100010010101010111111001001101111111011011110111101001101000000111001001101000000001011101011111110001010100011010101111100110010000000101010100000101011110110
01111100010010101010111111001001101111111011011110111101001101000000111000010001000000001110110010110110011100110010000110011010111111111001110010001010101010000110
