10110100011010111101110000010101111110100010110100011000010011000110100010100111100000110111010001001010001011001100110100000000011001011011101101110010111010001011
10110100011010111101110000010101111110100010110100011111101000001010110100010111100000110111010001001010001011001100110100000000011001011011101101110010111010001011
10110100011010111101110000010101111110100010110100011000010011000110100010100111100000110111010001001010001011001100110100000000011001010011011011010111100000111110
10110100011010111101110000010101111110100010001010110000010011000110100010100111100000110111010001001010001011001100110100000000011001011011101101110010111010001011
10110100011010111101110000010101111110100010110100011111101000001010110100010111100000110111010001001010001011001100110100000000011001010011011011010111100000111110
10110100011010111101110000010101111110100010110100000101100011000110100010100111100000110111010001001010001011001100110100000000011001011011101101110010111010001011
10110100011010111101110000010101111110100011111111001000010011000110100010100111100000110111010001001010001011001100110100000000011001011011101101110010111010001011
10110101110010011111001000001000000011111011000100011000010011000110100010100111100000110111010001001010001011001100110100000000011001011011101101110010111010001011
10110100011010111101110000010101111110100110101110011000111100001010110100010111100000110111010001001010001011001100110100000000011001011011101101110010111010001011
10110100011010111101110000010101111110100010110101001000010011000110100010100111100000110111010001001010001011001100110100000000011001011011101101110010111010001011
10110100011010111101110000010101111110100010001010110000010011000110100010100111100000110111010001001010001011001100110100000000011001010011011011010111100000111110
10110100011010111101110000010101111110101111000111101111001101111100100010100111100000110111010001001010001011001100110100000000011001011011101101110010111010001011
10110100011010111101110000010101111110100010001011100011000101101010110100010111100000110111010001001010001011001100110100000000011001011011101101110010111010001011
10110100011010111101110000010101111110100001101110110000010011000110100010100111100000110111010001001010001011001100110100000000011001011011101101110010111010001011
10110100011010111101110000010101111110100010000011001000010011000110100010100111100000110111010001001010001011001100110100000000011001011011101101110010111010001011
10110100011010111101110000010101111110100110100100101111101000001010110100010111100000110111010001001010001011001100110100000000011001011011101101110010111010001011
10110100011010111101110000010101111110100010110100011000010011000110100010100111100000110111010001001010001011001100110100000000011001010011011011010111100000111110
