10100001101110000010100110101110111100111100000100101010101110111100000000000100010000101111100100111000011110111100111001100010001101110101111010000001101010011011
10100001101110000010100110101110111100111100000100101010101110111100000000000100010000101111100100111001100010110100101111000000010110101111001111110111011010011011
10100001101110000010100110101110111100111100000100101010101110111100000000000100010000101111100100111000011110011010001100101010001000110000101001110111011010011011
10100001101110000010100110101110111100111100000100101010101110111100000000000100010000101111100100111000011110011010001100101010001000100101101110011101101100011011
10100001101110000010100110101110111100111100000100101010101110111100000000000100010000101111100100111000011110011010001100101010001000110000100100111001101001011011
10100001101110000010100110101110111100111100000100101010101110111100000000000100010001100111110011100111110011110011011000001010100011111101111101100000110100011011
10100001101110000010100110101110111100111100000100101010101110111100000000000100010000101111100100111001100010110100101111000000010110101111001110100001000000001011
10100001101110000010100110101110111100111100000100101010101110111100000000000100010000101111100100111000011110011010001100101010000110101111010110110001000110010011
10100001101110000010100110101110111100111100000100101010101110111100000000000100010000101111100100111001100010110100101111000000010110101111010110110001000110010011
10100001101110000010100110101110111100111100000100101010101110111100000000000100010000101111100100111001011100101000011101010011101111100111010110000110000011110011
10100001101110000010100110101110111100111100000100101010101110111100000000000100010000101111100100111001011100101000011101010011101111100111011110010000010001001110
10100001101110000010100110101110111100111100000100101010101110111100000000000100010000101111100100111000011110011010001100101010001000100101101110011101101100000001
10100001101110000010100110101110111100111100000100101010101110111100000000000100010000101111100100111001011100101000011101010011101111011010100110101111000101001001
10100001101110000010100110101110111100111100000100101010101110111100000000000100010000101111100100111001011100101000011101010011101110010010100000011101010111011011
10100001101110000010100110101110111100111100000100101010101110111100000000000100010000101111100100111001011100101000011101010011101111010000010010001001100000011011
10100001101110000010100110101110111100111100000100101010101110111100000000000100010111011010000110100001101111111011001110011000010001000001110111101100111110101001
10100001101110000010100110101110111100111100000100101010101110111100000000000100010000101111100100111001011100101000011101010011101111011011100100011101000010110011
