11010001010100110111010100111001001000000100001010101111110010001101010101011011010111101110011101000001010011100100011101010000001001111000100101001010100011101000
11010001010100110111010100111001001000000100001010101111110010001101010101011011001000101000000001011001011101100100011101010000001001111000100101001010100011101000
11010001010100110111010100111001001000000100001010101111110010001101010101011011001000101000000001001010001011010001100100010110100010001110111100111001100101100101
11010001010100110111010100111001001000000100001010101111110010001101010101011011001000101001000001100000000111000101011010110101010010101011111011000101001001100101
11010001010100110111010100111001001000000100001010101111110010001101010101011011011001001111000011011001011101100100011101010000001001111000100101001010100011101000
11010001010100110111010100111001001000000100001010101111110010001101010101011011011001001110001101100011000000010010010011011100110001010000011000001010100011101000
11010001010100110111010100111001001000000100001010101111110010001101010101011011011001001110001010110011100000100010010111011000100010111011111000001010100011101000
11010001010100110111010100111001001000000100001010101111110010001101010101011011010111101110011101001000000111000101011010110101010010101011111011000101001001100101
11010001010100110111010100111001001000000100001010101111110010001101010101011011011001001110001100101001000111011001110010000101010101010000011000001010100011101000
11010001010100110111010100111001001000000100001010101111110010001101010101011011010111101110011101000000010001010110001010110110110111111001101100110110100011101000
11010001010100110111010100111001001000000100001010101111110010001101010101011011010110101100101111010111111111110111010100111100110001010000011000001010100011101000
11010001010100110111010100111001001000000100001010101111110010001101010101011011010111101110011101000011011111110001001111001111110001010000011000001010100011101000
11010001010100110111010100111001001000000100001010101111110010001101010101011011010111101110011101000000010001010110001010110101010010101011111011000101001001100101
11010001010100110111010100111001001000000100001010101111110010001101010101011011011001001110001010110011100010111101110000111000100001010000011000001010100011101000
11010001010100110111010100111001001000000100001010101111110010001101010101011011001000101001001111000001010011100100011101010000001001111000100101001010100011101000
11010001010100110111010100111001001000000100001010101111110010001101010101011011011001001111000011011000011100011010110111110010000101010000011000001010100011101000
11010001010100110111010100111001001000000100001010101111110010001101010101011011011001001110001010110011100000100010010111011000100010011001100111111000111000011111
