01001010100000011011000000111100110101000010010001100000111001001111001110011101010001001011000111001111000010011010111001110000101110011101001100001010011110111000
01001010100000011011000000111100110101000010010000101011010010000010000101110011000001001000100100101001101000111010011100100100101110011101001100001010011110111000
01001010100000011011000000111100110101000010010000101011010010000010000101110011000001001000100100101111000010011010111001110000101110011101001100001010011110111000
01001010100000011011000000001011000111110000000111001100101010001111001110011101010001001011000111001111000010011010111001110000101110011101001100001010011110111000
01001010100000011011000000111100110101000010010000101011010010000010000101110011000001001011000111001111000010011010111001110000101110011101001100001010011110111000
01001010100000011011000000111100110101000010011000111011110000011011101110111111001110101011001000101001101000111010011100100100101110011101001100001010011110111000
01001010100000011011000000111100111110101101111010000110001110001010010011100001111101011011101101011111000010011010111001110000101110011101001100001010011110111000
01001010100000011011000000111100110101000010010001100000111001001111001110011101010001001011000111001110110111000110001111001000101110011101001100001010011110111000
01001010100000011011000000001011000111110000000110000001110001100111110011010111110101001111010110101011101000111010011100100100101110011101001100001010011110111000
01001010100000011011000001001001110001101100011000101001100000010111101111111101111100111111001101110010100111000110001111001000101110011101001100001010011110111000
01001010100000011011000000111100110101000010010000101011010010000010000101110011000001001000100100100110000111100011110110001000011100110100010010111010011110111000
01001010100000011011000000111100110101000010010001100000111001001111001110011101010001001011000111001100101000001000110110010101010100110100010010111010011110111000
01001010100000011011000000111100110101000010010000101011010010000010000101110011000001001000100100101001101000111010011101010101010100110100010010111010011110111000
01001010100000011011000000111100110101000010010000101011010010000010000101110011000001001000100100101101101010111010100010001000011110011010010010111010011110111000
01001010100000011011000000001011000111110000000110000001110001100111110011010111110011100001101100101010011110101100000001011000011110101101011001101111001000001000
01001010100000011011000000001011000111110000000110000001110001100111110011010111110101001110011111101001101001111100001110111011110111001110110010111010011110111000
01001010100000011011000000111100110101000011011010100101010100001101001101001000010111010101101110111100100011101010001111001000101110011101001100001010011110111000
