11110100100001110100011010110011000111101000001010011101000001100000000100101001001011111010101011010000111001011010001100001101110110011110101011011101011110110000100010101000110000
10100000000100000101101011110000011111110100111111100011101111100010101111001011010011110101100101001101101101111010101101100100101100001010000001101000011110110000100010101000110000
11110100100001110100011010110011000111101000001010011101000001100000000101011011001001010001110100101001000000001001110011000000000001100010111101100001011110110000100010101000110000
10100000000100000101101011110000011111110100111111100011101111100011001000010101110100001110111100011010100001000010100101101101011011010111010111100001011110110000100010101000110000
10100000000100000101101011110000011111110100111111100011101111100010101111001011010011110101100101001101101101111010101101100100101100001010010100001010000110110000100010101000110000
11110100100001110100011010110011000100011101101011000011001010011010001001100111110110100101100111000101010000011011101111010101111100110000000011100001011110110000100010101000110000
10100000000100000101101011110000011111110100111111100011101111100010101111001011010011110001100100010001010110111110111101010111101010011111110101001100001101001011110010101000110000
11110100100001110100011010110011000111101000001010011101000111100101001100100110011100001000101010111110001111010011001100011010110000010110111010101010000110110000100010101000110000
11110100100001110100011010110011000111101000001010011101000001100000001011001000111110000001111100011010100001000010100101101101011011010111010111100001011110110000100010101000110000
11110100100001110100011010110011000100011101101011000011001010011010001001100111110110100101100111000101010000011011101111010101111101000110110011011101011110110000100010101000110000
11110100100001110100011010110011000111101000001010011101000001100000000100101001001011100001011110101111111001001000011101100100101100001010000001101000011110110000100010101000110000
11110100100001110100011010110011000111101000001010011101000001100000000101011011000011100101111100011010100001000010100101101101011011010111010111100001011110110000100010101000110000
11110100100001110100011010110011000111101000001010011101000001100000000100101001001011111010101011010000111001011010001100001101110110010111110001100001011110110000100010101000110000
10100000000100000101101011110000011111110100111111100011101111100011001101010100010100010111010011101111000000011011101111010101111100110000000011100001011110110000100010101000110000
10100000000100000101101011110000011111110100111111100011101111100011001101010010011101110011001010011111100101110000111001111000100110000101101000110110110001101101100100001101100010
11110100100001110100011010110011000111101000001010011101000001100000000100101001001011100001011110101111111001001000011101100100101100001010010100001010000110110000100010101000110000
00001100011011010000000110111101000100010101000100001111111011101100000111101101000011000101100111000101010000011011101111010101111100110000100110010100000010110111100001101000011011
