01101110101101011000011001111001011110000011001101011100000101111110111101010000010111110011111000000011110100001000100000110011000111000011100011000010011101001000001111110111101110
01101100011101100000100010101010001010001010010111111111101101111110111101010000010111110011111000000011110100001000100000110011000111000011100011000010011101001000001111110111101110
01101110101101011000011001111001011110000011001101011100000101111110111101010000010111110011111000000011110100001000100000110011000111000011100011000000000111101011010011110110010011
01101100011101100000100001011001011110000011001101011100000101111110111101010000010111110011111000000011110100001000100000110011000111000011100011000010011101001000001111110111101110
01101110101101011000011100111001011110000011001101011100000101111110111101010000010111110011111000000011110100001000100000110011000111000011100011000010011101001000001111110111101110
01101100011000111011111001111001011110000011001101011100000101111110111101010000010111110011111000000011110100001000100000110011000111000011100011000010011101001000001111110111101110
01101100011101100000100010101010001010001010010111111111101101111110111101010000010111110011111000000011110100001000100000110011000111000011100011000000000111101011010011110110010011
01101100101111100110101001111001011110000011001101011100000101111110111101010000010111110011111000000011110100001000100000110011000111000011100011000010011101001000001111110111101110
01101100011101100000100001011001011110000011001101011100000101111110111101010000010111110011111000000011110100001000100000110011000111000011100011000000000111101011010011110110010011
01101100011101100000100010101010001010001010011101011100000101111110111101010000010111110011111000000011110100001000100000110011000111000011100011000010011101001000001111110111101110
01101110101101011000011100111001011110000011001101011100000101111110111101010000010111110011111000000011110100001000100000110011000111000011100011000000000111101011010011110110010011
01101110110001110011100001011001011110000011001101011100000101111110111101010000010111110011111000000011110100001000100000110011000111000011100011000010011101001000001111110111101110
01101100011000111011111001111001011110000011001101011100000101111110111101010000010111110011111000000011110100001000100000110011000111000011100011000000000111101011010011110110010011
01101110101101011000011011110000011111000010011101011100000101111110111101010000010111110011111000000011110100001000100000110011000111000011100011000010011101001000001111110111101110
01101100101111100110101001111001011110000011001101011100000101111110111101010000010111110011111000000011110100001000100000110011000111000011100011000000000111101011010011110110010011
01101100011101100000100010101010001010001010011101011100000101111110111101010000010111110011111000000011110100001000100000110011000111000011100011000000000111101011010011110110010011
01101100011100111011111001111001011110000011001101011100000101111110111101010000010111110011111000000011110100001000100000110011000111000011100011000010011101001000001111110111101110
