00101000101110111001110101100101010010111110010100000011011101010111000000110010010100001001011000111011101001111000100000001010001001001100101110111111011111110111001011001011110100
00101000101110111001110101100101010010111110010100000011011101010111000000110010010100001001011000111011101001111000100000001010001001001100101110111111011111110110111101100011110100
00101000101110111001110101100101010010111110010100000011011101010111000000110010010100001001011000111011101001111000100000001010001001001100101110111111011111110110110000100011110100
00101000101110111001110101100101010010111110010100000011011101010111000000110010010100001001011000111011101001111000100000001010001001001100101110111111011100011110110000100011110100
00101000101110111001110101100101010010111110010100000011011101010111000000110010010100001001011000111011101001111000100000001010001001001100101110111111011111110111001000100011110100
00101000101110111001010011101101101001011100110100000011011101010111000000110010010100001001011000111011101001111000100000001010001001001100101110111111011111110111001011001011110100
00101000101110111001110101100101010010111110010100000011011101010111000000110010010100001001011000111011101001111000100000001010001001001100101110111111011111110110110011001011110100
00101000101110111001010011101101101001011100110100000011011101010111000000110010010100001001011000111011101001111000100000001010001001001100101110111111011111110110111101100011110100
00101000101110111001110101100101010010111110010100000011011101010111000000110010010100001001011000111011101001111000100000001010001001001100101110111111011100011110111101100011110100
00101000101110111001110101100101010100001110100110000010011111111010011010000111111111011111110101100001011100010011110110100111010011110011110100100101001110100111001011001011110100
00101000101110111001110101100011111111100100100001101000001011111010011010000111111111011111110101100001011100010011110110100111010011110011110100100101001110100111001011001011110100
00101000101110111001010011101100010100001100111010101000001011111010011010000111111111011111110101100001011100010011110110100111010011110011110100100101001110100111001011001011110100
00101000101110111001010011101100010111001100111010101000001011111010011010000111111111011111110101100001011100010011110110100111010011110011110100100101001110100111001011001011110100
00101000101110111001110101100101010010111110010100000011011100000001001001010010010100001001011000111011101001111000100000001010001001001100101110111111011111110111001011001011110100
00101000101110111001110101100101010010111110010100000011011101010111000000110010010100001001011010010111101001111000100000001010001001001100101110111111011111110111001011001011110100
00101000101110111001110101100101010010111110010100000011011101010111000000110010010100001001011000111011101001111000100000001010001001001100101110111111011111110110111011010100010100
00101000101110111001110101100101010010111110010100000011011101010111000000110010010100001001011000111011101001111000100000001010001001001100101110111111011111110110111110001011001001
