10101110110001101100100110011110110110110011110010010101000111000100101011111110110101110001110000110110101001001000010111101001000011101110111011101000010100101011110010011100001100
10101110110001101100100110011110110110110011110010010101000111000100101011111100011100110011000011101101010110001101010111101001000011101110111011101000010100101011110010011100001100
10101110110001101100100110011110110110110011110010010101000111000100101011111110110101110001110000110110100010000100100110100101010110110000101010000001100011000000001011001111110011
10101110110001101100100110011110110110110011110010010101000111000100101011111100001001010001011011111011101111011100010011100010100111011010111011101000010100101011110010011100001100
10101110110001101100100110011110110110110011110010010101000111000100101011111100011100110011000000000011011100000010011000101001000011101110111011101000010100101011110010011100001100
10101110110001101100100110011110110110110011110010010101000111000100101011111100011100110011000000000001111011101011101111011111100111011010111011101000010100101011110010011100001100
10101110110001101100100110011110110110110011110010010101000111000100101011111100001001010001011011111011100001001000010111101001000011101110111011101000010100101011110010011100001100
10101110110001101100100110011110110110110011110010010101000111000100101011111110110101110001110000110110100001001000010111101001000011101110111011101000010100101011110010011100001100
10101110110001101100100110011110110110110011110010010101000111000100101011111100011100110011000011101101011111100101001001110111100111011010111011101000010100101011110010011100001100
10101110110001101100100110011110110110110011110010010101000111000100101011111100001001001010000110100100000010101101011001000001000011101110111011101000010100101011110010011100001100
10101110110001101100100110011110110110110011110010010101000111000100101011111100011100110011000011101101010010010100100110100101010110110000101010000001100011000000001011001111110011
10101110110001101100100110011110110110110011110010010101000111000100101011111110110101110001110000110110100010000100100110100101010110110000101010000001100011000000001111010110000011
10101110110001101100100110011110110110110011110010010101000111000100101011111110110101110001110000110110100001011101110101110001001001010101000110101100101110010101011101111111000011
10101110110001101100100110011110110110110011110010010101000111000100101011111100001001001010000110100100001000011100111110000011000011101110111011101000010100101011110010011100001100
10101110110001101100100110011110110110110011110010010101000111000100101011111100011100110011000000000000001111100010111101010001000011101110111011101000010100101011110010011100001100
10101110110001101100100110011110110110110011110010010101000111000100101011111110110101110010001000010101101111011110101001100101111010100011111101110100011101110100011111010110000011
10101110110001101100100110011110110110110011110010010101000111000100101011111100001001010001011011111011101111011100010011100010100111011010111011101000010100101011110010011100001100
