00101101010100011100101111000000001001011010000011110001110111110001111011100101000101001010011011111001111001000110110011111011101010101101011100011100101100110111110001001101011010
00101101010100011100101111000000001001011010000011110001110111110001111011100101000110110000011111101101001100010011100101111000000010101000110000010010110010110111110001001101011010
00101101010100011100101111000000001001011010000011110001110111110001111100000000101110011100110110100011001100101101100101010110011010101101011100011100101100110111110001001101011010
00101101010100011100101111000000001001011010000011110001110111110001111100010000000101001010011011111001111001000110110011111011101010101101011100011100101100110111110001001101011010
00101101010100011100101111000000001001011010000011110001110111110001111011110100010010011000000110011101101001101010000101010110011010101101011100011100101100110111110001001101011010
00101101010100011100101111000000001001011010000011110001110111110001111011110100000001101010010010110110100100010001011100111011101010101101011100011100101100110111110001001101011010
00101101010100011100101111000000001001011010000011110001110111110001111011100101001100000010110011010100111101101110000101010110011010101101011100011100101100110111110001001101011010
00101101010100011100101111000000001001011010000011110001110111110001111011110100000101001010011011111001111001000110110011111011101010101101011100011100101100110111110001001101011010
00101101010100011100101111000000001001011010000011110001110111110001111011110100010001101010010010110110100100010001011100111011101010101101011100011100101100110111110001001101011010
00101101010100011100101111000000001001011010000011110001110111110001111011100101000110100001111000000111001110000110001110000001111101101100100100110010010000001110000100001101011010
00101101010100011100101111000000001001011010000011110001110111110001111011100101000110100001111000000111001110000110001110000011010001111111110101011100101100110111110001001101011010
00101101010100011100101111000000001001011010000011110001110111110001111011100101000101001010011011111001111001000110110011111011000000011010011100011100101100110111110001001101011010
00101101010100011100101111000000001001011010000011110001110111110001111011100101001101101011001110101110001000100001110110000000000010101000110000010010110010110111110001001101011010
00101101010100011100101111000000001001011010000011110001110111110001111011100101000110100001111000000111001110000110001110000001111101101100100100001100101100110111110001001101011010
00101101010100011100101111000000001001011010000011110001110111110001111011100101000110110000011111101101001100010011100101111000000010101000110000010010111000110001010010111101101010
00101101010100011100101111000000001001011010000011110001110111110001111011100101000110100001111000000111001110000011111110100110010001000101001011101001010000101110000000010100101010
00101101010100011100101111000000001001011010000011110001110111110001111100001110110011111100001110001110000000101011101010110010000101000110010111110000000101000111111001001101011010
