01001100001110000001000000111011110011010111110100100100011101110111110111101101010011110011011101100101101101101000000001111100101101101000010100001110011011001001011111110101101111
01001100001110000001000000111011110011010111110100100100011101110111110111101101010011110011011101100110100001000111001101010100111010001001101110001001100101110010101010110101101111
01001100001110000001000000111011110011010111110100100100011101110111110111101111000010000011110101110010110001111110011011111001100000111100000101011111001000101000011111110101101111
01001100001110000001000000111011110011010111110100100100011101110111110111101101010011110011011101100101101111011100100111000110000111011000101111110000010001001110101010110101101111
01001100001110000001000000111011110011010111110100100100011101110111110111101101010011110011011101100101101111011100100111000110000111011000101111110001000111000111001010100111110111
01001100001110000001000000111011110011010111110100100100011101110111110111111110000001010010001000000100011000000011010111010011011011001011010100001110011011001001011111110101101111
01001100001110000001000000111011110011010111110100100100011101110111110111101101010011110011011101100101101110000101100000011110110101010001000111110000001010101111101010110101101111
01001100001110000001000000111011110011010111110100100100011101110111001100110111011010001110101111111000101101110010000100010100111010001001101110001001100101110010101010110101101111
01001100001110000001000000111011110011010111110100100100011101110111110111101101010011110011011101100101101110000101100000011110110101010001010010010010010010010101101001010111110111
01001100001110000001000000111011110011010111110100100100011101110111110111101101010011110011011101100110100011011010001101000110010011000111110111000000010000110000011111110101101111
01001100001110000001000000111011110011010111110100100100011101110111110111101101010011110011011101100110100000110001110000101101011000010101001011100011000011101101011010110101101111
01001100001110000001000000111011110011010111110100100100011101110111110111101101010011110011011101100110111001011101101101010100111010001001101110001001100101110010101010110101101111
01001100001110000001000000111011110011010111110100100100011101110111001100110111011010001110101100010101101001111110011011111001100000111100000101011111001000101000011111110101101111
01001100001110000001000000111011110011010111110100100100011101101010010011010100010100001010000000110111110101110010001000110000010101000001011010110010010000110000011111110101101111
01001100001110000001000000111011110011010111110100100100011101110111110111101101010011110011011101100101101101000100110110111100101101101000010100001110011011001001011111110101101111
01001100001110000001000000111011110011010111110100100100011101110111110111101101010011110011011101100101101110000101100000011110110101010001010010010010010010010110110000000011000011
01110010001111001011011010011100110111010000101100110010001011101101011101110011110101000011100001000000100111100011001101001100100000000001111011000101110000100101001111100010000110
