11101000000101011101101000110000101101110000011101010101101011100001100101011000000001100010110101100111110010100101111001110011000110001000111000101010011000000101110110001101111000
10010000011101000100000001110011110001110110001101100000001111001001110010101111010111011010110000011111001111101111001101101101000110001000111000101010011000000101110110001101111000
01100111011111001000010101100011011011010111110100001111110100110001101101011101011011001011110000101111100101001010101111011001111100001000111000101010011000000101110110001101111000
01100111011111001000010101100011011011010111110100001111110100110001101101011101011011001011110000101111100101001010011111101111101010011011101000101010011000000101110110001101111000
01100111011111001000010101100011011011010111110100001111110100110001101101011101011011001011110000101111100101001010011111101111010001001000100010011110000010000001110001000010101100
01100111011111001000010101100011011011010111110100001111110100110001101101011101011011001011110000101111100101001010101111011001111101111111101000101010011000000101110110001101111000
01100111011111001000010101100011011011010111110100001111110100110001101101011101011011001011110000101111100101001010011111101111010001001000111000101010011000000101110110001101111000
01100111011111001000010101100011011011010111110100001111110100110001101101011101011011001011110000101111100101001010011111101101111100001000111000101010011000000101110110001101111000
01100111011111001000010101100011011011010111110100001111110100110001101101011101011011001011110000101111100101001010011111101111010001001000100010011110000010000001110001001111101101
01100111011111001000010101100011011011010111110100001111110100110001101101011101011110001111101001011010011000010101011001110011000110001000111000101010011000000101110110001101111000
01100111011111001000010101100011011011010111110100001111110100110001101101011101011011001011110000101111100101001010011111101111010001001000100001110000001100110101011101111011011000
01100111011111001000010101100011011011010111110100001111110100110001101101011101011011001011110000101111100101001010011111011110001100001000111000101010011000000101110110001101111000
11101000000101011101101000110000101101110000011101010101101011100001100101011000000001100010110110001000111011100101111001110011000110001000111000101010011000000101110110001101111000
11101000000101011101101000110000101101110000011101010101101011100001100101011000000001100010110101100111110010100100001110010110001100001000111000101010011000000101110110001101111000
01100111011111001000010101100011011011010111110100001111110100110001101101011101011011001011110000101111100101001010011111101111010001001000100010011110000000101101100011001101111000
11101000000101011101110011001101000100011010100101110100110010001100011011101000110000011101011101110101010000100001001001000010001011111101001001001000101111011011000100101001010111
01100111011111001000010101100011011011010111110100001111110100110001101101011101011011001011110000101111100101001010011111101111010001001000100010011110000000101101100010000010100011
