00110001011111010110000010110000010010111110000101001101100011100000010011011000101000001001011001100100000101110001101001111111011100010110100000000000111010100001100110001000010011
00110001011111010110000010110000010010111110000101001101100011100000010011011000101000001001011001100100000101110001101001111111011100010110100111100000111010100001100110001000010011
00110001011111010110000010110000010010111110000101001101100011100000010011011000101000001001011100111110110000011010110001101010001100110101111111010100100011010011101011000010011100
00110001011111010110000010110000010010111110000101001101100011100000010011011000101000001001011011001000010101011101010010001111010011101100110011010101111000010011101011000010011100
00110001011111010110000010110000010010111110000101001101100011100000010011011000101000001001011011001000010110110010001100110101011011001110111111010011011000111101100110001000010011
00110001011111010110000010110000010010111110000101001101100011100000010011011000101000001001011011001111011101101001101001111111011100010110100000000000111010100001100110001000010011
00110001011111010110000010110000010010111110000101001101100011100000010011011000101000001001011001100010011010001010100100001000010101010101111111010100100011010011101011000010011100
00110001011111010110000010110001000100110011001101100110110101001101001001101101000011011111110100111110110000011010110001101010001100110101111111010100100011010011101011000010011100
00110001011111010110000010110000010010111110000101001101100011100000010011011000101000001001011001100111011101101001101001111111011100010110100000000000111010100001100110001000010011
00110001011111010110000010110000010010111010101001110101000011100000010011011000101000001001011001100100000101110001101001111111011100010110100000000000111010100001100110001000010011
00110001011111010110000010110000010010111110000101001101100011100000010011011000101000001001011011001000010110110010001111001000010011101010000100011100111010100001100110001000010011
00110001011111010110000010110000010010111110000101001101100011100000010011011000101000001001011001100100000101110001100111000111010110000000000101010010101111101011000111101000011100
00110001011111010110000010110000010010111110000101001101100011100000010011011000101000001001011011001110001010100110011100000011000101100111111000110011011000111101100110001000010011
00110001011111010110000010110000010010111100001001110101000011100000010011011000101000001001011001100100000101110001101001111111011100010110100000000000111010100001100110001000010011
00110001011111010110000010110000010010111110000101001101100011100000010011011000101000001001011001100100000101110001100111000111010101010101111111010100100011010011101011000010011100
00110001011111010110000010110000010010111110000101001101100011100000010011011000101000001001011100111110110000011010111111011110100110100101101101101100100011010011101011000010011100
00110001011111010110000010110000010010111010001010110101110101101101110001111010110010001001110110011011010110001111000111110011110010110001100001101001101001101010110100100001011000
