00110010111011111100011100100000011110101100000110010110001111100101111100000100011000101000111001010101001111001101001001001100010010110100101101000011011010100010001111001101001010
00110010111011111100011100100000011110101100000101111101011001001000100110110001110011111110010100001111111010101100101010001110110000001111111010000000101101011011001001101101001010
00110010111011111100011100100000011110101100000110010110001111100101111100000100011000101000111001010101001111001100101010001110110000001111111010000000101101011011001001101101001010
00110001110101111011101011000000110111100000000100001000001111100101111100000100011000101000111001010101001111001101001001001100010010110100101101000011011010100010001111001101001010
00110010111011111100011100100000011110101100000110010110001111100101111100000100011000101000111001011011010011011000110100100101111000010000011000000100110100100111010100100111000101
00110010111011111100011100100000011110101100000101111101011001001000100110110001110011111110010100001111111010101100101010001110110000001111111010000001111010100010001111001101001010
00110001110101111001001111101110111100101001000011010000001111100110000000111110001010100111100111100001101100011000100111100111011100010100000011110000110100100111010100100111000101
00110010111011111100011100100000011110101100000110010001010101110000110101000011010101001010111111000111100110000101111101100111011100010100000011110000110100100111010100100111000101
00110001110101111011101011000000110111100000000100011101011001001000100110110001110011111110010100001111111010101100101010001110110000001111111010000000101101011011001001101101001010
00110010111011111100011100100000011110101100000110010110001111100101111100000100011000101000111001010101001111001100101010001110110000001111111010000001111010100010001111001101001010
00110001110101111011101011000000110111100000000100001000001111100101111100000100011000101000111001010101001111001100101010001110110000001111111010000000101101011011001001101101001010
00110010111011111100011100100000011110101100000101111101011001001000100110110001110011111110010100000001100110110011001001001100010010110100101101000011011010100010001111001101001010
00110010111011111100011100100000011110101100000101111101011001001000100110110001110011111110010100000001100110110010000110011101010001110000011000000100110100100111010100100111000101
00110010111011111100011100100000011110101100000110010110001111100101111100000100011000101000111001010101001111000111100111100111011100010100000011110000110100100111010100100111000101
00110001110101111011101011000000110111100000000100001000001111100101111100000100011000101000111001011011010011011000110100100101111000010000011000000100110100100111010100100111000101
00110010111011111100011100100000011110101100000101111101011001001000100110110001110011111110010100001111111010101100110010110011000101001111111010000000101101011011001001101101001010
00110010111011111100011100100001100101011100000101111101011001001000100110110001110011111110010100000001100110110101010110111110111010100101100010001011110100100111010100100111000101
