01110000001111100000111001011101001001100100001010001001100000110100110101111011110110001111001011110100001010010001110001110001000010100000101011011000001000000101001101011101011100
01110000001111100000111001011101001001100100001010001001100000110100110101111011110110001111001011110100001010010001110001110001000010100000101011010000001000000101001101011101011100
01110000001111100000111001011101001001100100001010001001100000110100110101111011110110001111001011110100001010010001110001110001000010100000101011100001001110100010111011101101011100
01110000001111100000111001011101001001100100001010001001100000110100110101111011110110001111001011110100001010010001110001110001000010100010000110111000001000000101001101011101011100
01110000001111100000111001011101001001100100001010001001100000110100110101111011110110001111001011110100001010010001110001110001000010100000101011100000010110100010111011101101011100
01110000001111100000111001011101001001100100001010001001100000110100110101111011110110001111001011110100001010010001110001110001000010100000101011011000010110100010111011101101011100
01110000001111100000111001011101001001100100001010001001100000110100110101111011110110001111001011110100001010010001110001110001000010100000101011011001101011110000011000011101011100
01110000001111100000111001011101001001100100001010001001100000110100110101111011110110001111001011110100001010010001110001110001000010111101000110111000001000000101001101011101011100
01110000001111100000111001011101001001100100001010001001100000110100110101111011110110001111001011110100001010010001110001110001000010100000101011010001011110100010111011101101011100
01110000001111100000111001011101001001100100001010001001100000110100110101111011110110001111001011110100001010010001110001110001000010100010000001011111001000000101001101011101011100
01110000001111100000111001011101001001100100001010001001100000110100110101111011110110001111001011110100001010010001110001110001000010100000101011011001101000110000101111000111110101
01110000001010011011001111100110001000010101000111000011101111110100110101111011110110001111001011110100001010010001110001110001000010100000101011011000001000000101001101011101011100
01110000001111100000111001011101001001100100001010001001100000110100110101111011110110001111001011110100001010010001110001110001000010100000101010100100010110100010111011101101011100
01110000001111100000111001011101001001100100001010001001100000110100110101111011110110001111001011110100001010010001110001110001000010100000101010101011000001110101001101011101011100
01110000001111100000111001011101001001100100001010001001100000110100110101111011110110001111001011110100001010010001110001110001000010100000101011111011001000000101001101011101011100
01110000001111100000111001011101001001100100001010001001100000110100110101111011110110001111001011110100001010010001110001110001000010100000101101010001000100100010111011101101011100
01110000001111100000111001011101001001100100001010001001100000110100110101111011110110001111001011110100001010010001110001110001000010100000101011011000001000000101001101011101011100
