10101100000010010010011101011101111110000011011011011010111100001000100101001011011011010100100110111010111100010111000011111101010101111111000111000101110000011101001111001100101011
10101100000010010010011101011101111110000011011011011010111100001000100101001011011011010100100110111010111101100101001101111101010101111111000111000101110000011101001111001100101011
10101100000010010010011101011101111110000011011011011010111100001000100101001011011011010100100110111010111110010111000011111101010101111111000111000101110000011101001111001100101011
10101100000010010010011101011101111110000011011011011010111100001000100101001011011011010100100110111010111110101110010111010010000101001110001001111111100000110101111111010000000011
10101100000010010010011101011110110010001111000111111110110110110110011111101000101110000100000001001010001110010111000011111101010101111111000111000101110000011101001111001100101011
10101100000010010010000010110011101010011101111011001001000011001000100101001011011011010100100110111010111100010111000011111101010101111111000111000101110000011101001111001100101011
10101100000010010010011101011101111110000011011011011010111100001000100101001011011011010100100110111111100101000100010110011101010101111111000111000101110000011101001111001100101011
10101100000010010010011101011110110010001111000111111110110110110110011111101000101110000100000001001010000100010111000011111101010101111111000111000101110000011101001111001100101011
10101100000010010010011101011101111110000011011011011010111100001000100101001011011011010100100110110110011101010111000011111101010101111111000111000101110000011101001111001100101011
10101100000010010010011101011101111110000011011011011010111100001000100101001011011011010100100110111010111101000100010110011101010101111111000111000101110000011101001111001100101011
10101100000010010010011101011101111110000011011011011010111100001000100101001011011011010100100110110110100111011001100010101100110000101100010001001100000000111010011101010000100011
10101100000010010010011101011101111110000011011011011010111100001000100101001011011011010100100110110110100111011001101100010110101000010100000001100111000100001111011111010000000011
10101100000000111101010101000110010100011110000000011010111100001000100101001011011011010100100110111010111100010111000011111101010101111111000111000101110000011101001111001100101011
10101100000000111111110011011101111110000011011011011010111100001000100101001011011011010100100110111010111100010111000011111101010101111111000111000101110000011101001111001100101011
10101100000010010010000010110011101010011101111011001001000011001000100101001011011011010100100110111010111101100101001101111101010101111111000111000101110000011101001111001100101011
10101100000010010010011101011101111110000011011011011010111100001000100101001011011011010100101101000100101111101001110111111101010101111111000111000101110000011101001111001100101011
10101100000010010010011101011101111110000011011011011010111100001000100101001011011011010100100110111010111100010111000011111101010101111111000111000101110000011101001111001100101011
