11011010001100101111100010001001011101100001001000100010110011110010000011111111010000111110101110100111110001111011110011111100001100011011000111011010011001101010000000111010100111
11011010001100101111100010001001011101100001001000100010110011110100010111100101110000111110101110100111110001111011110011111100001100011011000111011010011001101010000000111010100111
11011010001100101111100010001001011101100001001000100010110011110010110111100101110000111110101110100111110001111011110011111100001100011011000111011010011001101010000000111010100111
11011010001100101111100010001001011101100001001000100010110011101110011101111111010000111110101110100111110001111011110011111100001100011011000111011010011001101010000000111010100111
11011010001100101111100010001001011101100001001000100010110011110010110111101111000001110001101110100111110001111011110011111100001100011011000111011010011001101010000000111010100111
11011010001100101111100010001000110110100000001110111010101010111110011110011101110100001010011110100111110001111011110011111100001100011011000111011010011001101010000000111010100111
11011010001100101111100010001001011101100001001000100010110011110010000010010100011100010101001101110111011100001011101111111100001100011011000111011010011001101010000000111010100111
11011010001100101111100010001001011101100001001000100010110011110010000011111111101110111110101110100111110001111011110011111100001100011011000111011010011001101010000000111010100111
11011010001100101111100010001001011101100001001000100010110010010010110111100101110000111110101110100111110001111011110011111100001100011011000111011010011001101010000000111010100111
11011010001100101111100010001001011101100001001000100010110011110010000011111111101101001010011110100111110001111011110011111100001100011011000111011010011001101010000000111010100111
11011010001100101111100010001001011101100001001000100010110011110010000011110101100001110010011110100111110001111011110011111100001100011011000111011010011001101010000000111010100111
11011010001100101111100010001001011101100001000110110000011011011010110010101101001111101010011110100111110001111011110011111100001100011011000111011010011001101010000000111010100111
11011010001100101111100010001001011101100001001000100010110010010011011010101101001111101010011110100111110001111011110011111100001100011011000111011010011001101010000000111010100111
11011010001100101111100010001001011101100001001000100010110011110010000010010100010100000010011110100111110001111011110011111100001100011011000111011010011001101010000000111010100111
11011010001100101111100010001001011101100001001000100010110011110010000011111111010000111110101110100111110001111011110011111100001100011011000111011000111110001011000010000001101101
11011010001100101111100010001001011101100001001000100010110011110010000011111111010000111110101110100111110001111011110011111100001100011011000111011000111110001011010110101010011001
11011010001100101111100010001001011101100001001000100010110011110010000011111111010000111110101110100111110001111011110011111100001100011011000111011010011001101010000000111010100111
