11000101001001010011001010110101111100010010011010011111010001110101000010000001110000011101101010010000101101101000110010001101010010111001111011010110001001111100100110011010101110
11000101001001010011001010110101111100010010011010011111010001110110010101000110001100000111100010010000101101101000110010001101010010111001111011010110001001111100100110011010101110
11010101000111000100011100101010101111001111000011111111111001010001011101001011010111111101000000001110101101011101101101110101010010111001111011010110001001111100100110011010101110
10011011010001110001011101110101110100100001111011011001001101111111001011011001110101011111110000000000000101101000110010001101010010111001111011010110001001111100100110011010101110
10000010100001010100101001111011110111011011011100100000010111010101101011101011010111111000110100101001001110000101100111100110111110110101100101111111001001111100100110011010101110
11101001101111100110001000011111001100101110100010100111100111001011010001111010010000101010000000001110101101011101101101110101010010111001111011010110001001111100100110011010101110
11100010010000101011101100111110000110101100110101100100011011110010001000011011010011101010111010010000101101101000110010001101010010111001111011010110001001111100100110011010101110
10000010100001010100101001111011110111011011011100100000010111010101101011101011010111111000110001111011010000000010000000101001101101001011101000100110001001111100100110011010101110
10000110110010100110100011111010000011010111110011010110111011010111011001100111101111010000001110010000101101101000110010001101010010111001111011010110001001111100100110011010101110
10011011010001110001011101110101110100100001111011011001001101111111001011011001110101011111110010001001011100110001110111010111110011100100000111011111001001111100100110011010101110
10011011010001110001011101110101110100100001111011011001001101111111001011011001110101011111110111000101111101101000110010001101010010111001111011010110001001111100100110011010101110
11010111101011000100011100101010101111001111000011111111111001010001011101001011010111111101000000001110101101011101101101110101010010111001111011010110001001111100100110011010101110
10000010100001010100101001111011110111011011011100100000010111010101110101101011101000100101001110010000101101101000110010001101010010111001111011010110001001111100100110011010101110
10000010100001010100101001111011110111011011011100100000010111010101101011101011010111111000110100100101000010111110100011111010000010011101000001000010010110101011011101010100100100
11000101001001010011001010110101111100010010011010011111010001110110010101000110001100000111100010000111001001111001110000111110001001011011011101001011010110101011011101010100100100
11000101001001010011001010110101111100010010011010011111010001110110010101000110001100000110010010000111001001111001110000111110001001011011011101001011010110101011011101010100100100
10010001100101000101100110100001110001101100000011111111101011101001100010000001000100010110000101101101100011011100010001011000110100100000110011110111000010011011011100110100011001
