00101110101111101100101101111111001100000100011101011110111100111000011110111001101110001101011011111000100011101110101110001010010110010001010000001011111001010011000100111111110101
00101110101111101100101101111111001100000100011101011110111100111000011110111001101110001101011011111000100011101110101110001010010110010001010000001011111001010011110101110001110101
00101110101111101100101101111111001100000100011101011110111100111000100101110001111110001101011011111000100011101110101110001010010110010001010000001011111001010011000100111111110101
00101110101111101100101101010100000100000100011101011110111100111000011110111001101110001101011011111000100011101110101110001010010110010001010000001011111001010011000100111111110101
00101110101111101100101101111111001100000100011101011110111100111000011110111001101110001101011011111000100011101110101110001010010110010001010000001011111011111111010100010011001110
00101110101111101100101101111111001100000100011101011110111100111000011110111001101110001101011011111000100011101110101110001010010110010001010000001011111001010011000100111111011110
00101110101111101100101101111111000010111010011100101100100010100110011110111001101110001101011011111000100011101110101110001010010110010001010000001011111001010011000100111111110101
00101110101111101100101101111111001100000100011101011110111100111000011110111001101110001101011011111000100011101110000101001110100011110001010000001011111001010011000100111111110101
00101110101111101100101101111110011010001101111101001001011010111000011110111001101110001101011011111000100011101110101110001010010110010001010000001011111001010011000100111111110101
00101110101111101100101101111111001100000100011101011110111100111000011110111001101110001101011011111000100011101110101110001010010110010001010000001011111001010011000100111111111010
00101110101111101100101101111111001100000100011101011110111100111000100100111001101110001101011011111000100011101110101110001010010110010001010000001011111001010011000100111111110101
00101110101111101100101101111111001100000100011101011110111100111000011110111001101110001101011011111000100011101110101110001010010110010001010000001011111001010110011100011001000001
00101110101111101100101101111111001100000100011101011110111100111000011110111001101110001101011011111000100011101000000010001010010110010001010000001011111001010011000100111111110101
00101110101001001111011101111111001100000100011101011110111100111000011110111001101110001101011011111000100011101110101110001010010110010001010000001011111001010011000100111111110101
00101110101111101100101101111111001100000100011101011110111100111000011110111001101110001101011011111000100011101110101110001010101010010001010000001011111001010011000100111111110101
00101110101111101100101101111111001100000100011101011110111100111000011001110001111110001101011011111000100011101110101110001010010110010001010000001011111001010011000100111111110101
00101110101111101100101101111111001100000100011101011110111100111000011110111001101110001101011011111000100011101110101110001010010110010001010000001011111001010011000100111111110101
