11111111100000011001110010111000101000000011110010110111101100100100011101110111001010001111111001101111111000011000100110110000000101101111010011101111101110011010011100011100101111
11111111100000011001110010111000101000000011110010110111101100100100011101110111001010001111111001101111111000011000100110110000001001011100110001110101111100101110011100011100101111
11111111100000011001110010111000101000000011110010110111101100100100011101110111001010001111111001101111111000001111010100001010000000000111111011111001111010011010011100011100101111
11111111100000011001110010111000101000000011110010110111101100100100011101110111001010001111111001101111111000011000100110110000001001011100110001011101111110001111101011110010001111
11111111100000011001110010111000101000000011110010110111101100100100011101110111001010001111111001101111111000011000100110110000001001011100110001011101111110001110011100011100101111
11111111100000011001110010111000101000000011110010110111101100100100011101110111001010001111111001101111111000011000100110110000001001011100110001110101111101001110011100011100101111
11111111100000011001110010111000101000000011110010110111101100100100011101110111001010001111111001101111111000011000001101110100110111110110011100110111111010011010011100011100101111
11111111100000011001110010111000101000000011111000000101100001010001100001101101100010010111010011100010110110110010001011000010110011100110110000000001000111101110011100011100101111
11111111100000011001110010111000101000000011110010110111101100100100011101110111001010001111111001101111111000011000100110110000001001011100110001111010110011101101100110011100101111
11111111100000011001110010111000101000000011110010110111101100100100011101110111001010001111111001101111111000011000100110110000000101101111010011000111101100111011101011110010001111
11111111100000011001110010111000101000000011110010110111101100100100011101110111001010001111111001101111111000011000100110110000001001011100110001110101111110001111101011110010001111
11111111100000011001110010111000101000000011110010110111101100100100011101110111001010001111111001101111111000011000001101110100110101100101100010100011101111101110011100011100101111
11111111100000011001110010111000101000000011110010110111101100100100011101110111001010001111111001101111111000011000100110110000001001011100110001011110111000011010011100011100101111
11111111100000011001110010111000101000000011110010110111101100100100011101110111001010001111111001101111111000011000100110110000000101101111010011101111101000001111101011110010001111
11111111100000011001110010111000101000000011110010110111101100100100011101110111001010001111111001101111111000011000100110110000001001011100110001110101111100111011101011110010001111
11111111100000011001110010111000101000000011110010110111101100100100011101110111001010001111111001101111111000001111010100001010000000000111111011110010011110001111101011110010001111
11111111100000011001110010111000101000000011110010110111101100100100011101110111001010001111111001101111111000011000100110110000001001011100110001110101111101001000001010111001111101
