01010111010011011000001111101100101011001101110100011110111000011100111100101101001100100000110111001110111111100001011010110101011011011110111010111011101111100101001101000110001111
01010111011101001101100100111010000110010111000001110101101110110001100110011101111001100000101101001101011110011110001110100000100000000101111001001011001010110110010110101111001111
01010111010011011000001111101100101011001101110100011110111000011100111100110110010111010001010100011110010011000110111010110101011011011110111010111011101111100101001101000110001111
01010111010011011000001111101100101011001101110100011110111000011100111100110110010111010000111111001111111110011110001110100000100000000101111001001011001010110110010110101111001111
01010111011101001101100100111010000110010111000001110101101110110001100110011101111001100000101110110111111110011110001110100000100000000101111001001011001010110110010110101111001111
01010111010011011000001111101100101011001101110100011110111000011100111100101101001100100000011011110110010011000110111010110101011011011110111010111011101111100101001101000110001111
01010111010011011000001111101100101011001101110100011110111000011100111100101101001100100000011010100110111111100001011010110101011011011110111010111011101111100101001101000110001111
01010111011101001101100100111010000110010111000001110101101110110001100110011101111001100000101101001101011101101110001110100000100000000101111001001011001010110110010110101111001111
01010111010011011000001111101100101011001101110100011110111000011100111100101101001100100000011010100010111011000110111010110101011011011110111010111011101111100101001101000110001111
01010111010011010111110100000110000110010111000001110101101110110001100110011101111001100000101101001101011110011110001110100000100000000101111001001011001010110110010110101111001111
01010111011101001101100100111010000110010111000001110101101110110001100110011101111001100000101101001010110011000110111010110101011011011110111010111011101111100101001101000110001111
01010111010011011000001111101100101011001101110100011110111000011100111100101101001100100000110011011011001000001111111011101011010110000101111001001011001010110110010110101111001111
01010111010011011000001111101100101011001101110100011110111000011100111100101101001100100000011010101110111111100001011010110101011011011110111010111011101111100101001101000110001111
01010111010011010111100001000000011010000100100001000011101000010011010101111100110110110111110101010100011101100101111011101011010110000101111001001011001010110110010110101111001111
01010111010011011000001111101100101011001101110100011110111000011100111100101101001100100000011010100010111111100001011010110101011011011110111010111011101111100101001101000110001111
01010111010011011000001111101100101011001101110100011110111000011100111100101101001100100111010001101111111110011110001110100000100000000101111001001011001010110110010110101111001111
01010111010011011000001111101100101011001101110100011110111000011100111100101101001100100000011010101011010011000110111010110101011011011110111010111011101111100101000111110111001011
