10000100000001011010000001000010111001100011100100101111110100011111111011001001100100111001111000011010100001011000100110001111011001010100001000001010011011110110111001110100101001
10000100000001011010000001000010111001100011100100101111110100011111111011001001100100111001111000011010100001100111000010100000101111101100101011010000000100101001010100111000011100
10000100000001011010000001000010111001100011100100101111110100011111111011001001100100111001111000011010100001011000100110001111100110001101011001001101001111110111011001100000101001
10000100000001011010000001000010111001100011100100101111110100011111111011001001100100111001111000011010100001100111000010100000101111101100101011010000000100101110101111100011000100
10000100000001011010000001000010111001100011100100101111110100011111111011001001100100111001111001000111000000101101001100101011100010100110000010010001001111110111011001100000101001
10000100000001011010000001000010111001100011100100101111110100011111111011001001100100111001111000011010100001100111000010100000101111101100101011010000000100101001010100111001111101
10000100000001011010000001000010111001100011100100101111110100011111111011001001100100111001111001001100011101011000100000100010111001000100100010111110110110101110101111100011000100
10000100000001011010000001000010111001100011100100101111110100011111111011001001100100111001111001000111000000101100110000111111011001010100001000001010011011110110111001110100101001
10000100000001011010000001000010111001100011100100101111110100011111111011001001100100111001111001000111000000101101011001001000110001101001100011011100110110101100001100011111111101
10000100000001011010000001000010111001100011100100101111110100011111111011001001100100111001111000011001001010011101111101001100100111100001100011011100110110101100001100011111111101
10000100000001011010000001000010111001100011100100101111110100011111111011001001101100100110001001101100000010100011100011100010111001000100100010111110110110101110101111100011000100
10000100000001011010000001000010111001100011100100101111110100011111111011001001100100111001111001001100011101011000100101000001101100101000011001001101001111110111011001100000101001
10000100000001011010000001000010111001100011100100101111110100011111111011001001100100111001111000011010100001100111000010100000101111101100101011010000000100101100001100011111111101
10000100000001011010000001000010111001100011100100101111110100011111111011001001100100111001111000011010100001011000100110001111100110001000010110110011001110001010010000001010001101
10000100000001011010000001000010111001100011100100101111110100011111111011001001100100111001111000011010100001011000100110001111100110001000010001111011001010001110001010010111111001
10000100000001011010000001000010111001100011100100101111110100011111111011001001100100111001111000011010100001011000100110001111101010110011011001111111010110100001110011000100011101
10000100000001011010000001000010111001100011100100101111110100011111111011001001100100111001111000011010100001011000100110001111100110001000010110110011001110001100100110111101111111
