1011100010100110110010110110111000101111011001111100011000011111011000000010110011000001000110101010111100110101010110011110001001110100110000000100010110101
1011100010100110110010110110111001111100111110011100011000011111011000000010110011000001000110101010111100110101010110011110001001110100110000000100010110101
1011100010100110110010110110000101111111011001111100011000011111011000000010110011000001000110101010111100110101010110011110001001110100110000000100010110101
1011100010100110110010110110111001111111011001111100011000011111011000000010110011000001000110101010111100110101010110011110001001110100110000000100010110101
1011100010100110110010110110000101111100111001111100011000011111011000000010110011000001000110101010111100110101010110011110001001110100110000000100010110101
1011100010100110110010110110111000101111011001111100011000011111011000000010110011000001000110101010111100110101010110011110001001010101011110001110101001001
1011100010100110110010110110111000101111011001111100011000011111011000000010110011000001000110101010111100110101010110011110110101101000100110000111001100001
1011100010100110110010110110111000101100101001111100011000011111011000000010110011000001000110101010111100110101010110011110001001110100110000000100010110101
1011100010100110110010110110000101111111111001111100011000011111011000000010110011000001000110101010111100110101010110011110001001110100110000000100010110101
1011100010100110110010110110111110010000000110101100011000011111011000000010110011000001000110101010111100110101010110011110001001110100110000000100010110101
1011100010100110110010110110111000101111011001111100011000011111011000000010110011000001000110101010111100110101010110011110110101100100010000110100101110101
1011100010100110110010110110111000101111011001111100011000011111011000000010110011000001000110101010111100110101010110011110001001000010111011011001110010101
1011100010100110110010110110111000101111011001111100011000011111011000000010110011000001000110101010111100110100011010110110001100111110011111101011111110101
1011100010100110110010110110111000101111011001111100011000011111011000000010110011000001000110101010111100110101010110011110110101101001000100101011001111001
1011100010100110110010110110111000101111011001111100011000011111011000000010110011000001000110101010111100110101010110011110110101100100010101100011001111001
1011100010100110110010110110111000101111011001111100011000011111011000000010110011000001000110101010111100110101010110011110110101011001100000010110100110110
1011100010100110110010110110111000101111011001111100011000011111011000000010110011000001000110101010111100110101010110011110001001110100110000000100010110101
