0000001011111100111011011100001000000010011001111001110000001101010000100100001110001110011011111100001011111101011101001111111100010000101011000111011000101
0000001011111100111011011100001000000010011001111001110000001101010000100100001110001110011011111100001011111101011101001000001101000010000100111111010001110
0000001011111100111011011100001000000010011001111001110000001101010000100100001110001110011011111100001011111101011101001111111100010000101011000111010100110
0000001011111100111011011100001000000010011001111001110000001101010000100100001110001110011011111100001011111101011101001111111100010000101011000110001010000
0000001011111100111011011100001000000010011001111001110000001101010000100100001110001110011011111100001011111101011011110010011011110111001000110110110100110
0000001011100000000000101011100000111101110110111101100111110000100111111010000011111010000011111100110110101100000100110101110000111111000100101111010001110
1001110111000101100101001101011000000100100010100010110000001101010000100100001110001110011011111100001011111101011101001111111100010000101011000111011000101
1001110111000101100101001101011000000100100010100010110000001101010000100100001110001110011011111100001011111101011101001000001101000010000100111111010001110
0000001011111100111011011100001000000010011001111001110000001101010000100100001110001110011011111100001011111101011101001111111100010000101011000111010100010
0000001011111100111011011100001000000010011001111001110000001101010000100100001110001110011011111100001011111101011101000001101000111111111001111111001110100
0000001011111100111011011100001000000010011001111001110000001101010000100100001110001110011011110101101110111101110000100000100010110110011100100110110100110
0000001011111100111011011100001000000010011001111001110000001101010000100100001110001110011011111100001011111101011101001111100111000110100000100011110000010
0000001011111100111011011100001000000010011001111001110000001101010000100100001110001110011011111100110110101100000100110101110000111111000100101111010001110
0000001011111100111011011100001000000010011001111001110000001101010000100100001110001110011011111100001011111101011101001111111100010000101000110000001110100
0000001011111100111011000011000001100010011001111001110000001101010000100100001110001110011011111100001011111101011101001111111100010000101011000111011000101
0000001011111100111011000011000001100010011001111001110000001101010000100100001110001110011011111100001011111101011101001000001101000010000100111111010001110
0000001011111100111011011100001000000010011001111001110000001101010000100100001110001110011011111100001011111101011101001111111100010000101011000111011000101
