101000110010111011000010110010101110011011101101110101110011111111001110100000010011001000011000010011100110110110010111001101000011010101100000001011110000111110001110100100011110
101000110010111011000111101010001000110100011011001000101010000111111011010010111011111001001011010000100000011001101010001010010001111100000001101110110111011110001110100100011110
101000110010111011000010110010101001000111101101110101110011111111001110100000010011001000011000010011100110110110010111001101000011010101100000001011110000111110001110100100011110
101000110010111011000010110010101110110111101101110101110011111111001110100000010011001000011000010011100110110110010111001101000011010101100000001011110000111110001110100100011110
101000110010111011000010110010101110110111101011101001110100010110010010100101010001101010111010010100011101010111010110010100110111111101011100001011110000111110001110100100011110
101000110010111011000010110010111011010101101101110101110011111111001110100000010011001000011000010011100110110110010111001101000011010101100000001011110000111110001110100100011110
101000110010111011000010110010101110110111101011101001110100010110010010100101010001101010111010010100011101010111010110010100110111101101001110010110110111011110001110100100011110
101000110010111011000010101111010011101010000110010010011111101100101101111111100001001111000011111011000101001110100111001101000011010101100000001011110000111110001110100100011110
101000110010111011000010110010101110011011101101110101110011111111001110100000010011001000011000010011100110110110010111001101000011010101100000001001000111101110010100100100111110
101000110010111011000010101111010011101010000110010010011111101100101101111111100001001100100000110101001110000011000000100101000110011000001001111110100111100000110100100100111110
101000110010111011000010101111010011101010000110010010011111101100101101111111100001001100100000110101001110000011000000100101000110011000001001111000111011100110001000100100111110
101000110010111011000010111100011101111101000000101111000110010100011000001101001001111101110011000101001011101100100010100110010101111010010110101110110111011110001110100100011110
101000110010111011000010110010101110011011101101110101110011111111001110100000010011001000011000010011100110110110010111001101000011010101100000001001100000000000110100100100111110
101000110010111011000010111000011111110101000000101111000110010100011000001101001001111101110011000101001011101100100010100110010101111010010110101110110111011110001110100100011110
101000110010111011000111101010001000110100011011001000101010000111111011010010111011111001001010000111111111110101010000011010110110101011010101111010110000111110001110100100011110
101000110010111011000010110010101001000011101101110101110011111111001110100000010011001000011000010011100110110110010111001101000011010101100000001011110000111110001110100100011110
101000110010111011000010110010101001101100101001101110011010001011001101000001100011000010101001011110011111011111001001011100101010100010001011110001110101100010100101010011001001
