100110010101010110001110101101111111101011111000010000001000010110001001111000000111110110011010100011001011100100100110001010110101111000110010101110001100011101000101100011000010
100110010101010110001110101101111111101011111000010000001000100100000100011101011011000000100011011100110111100100100110001010110101111000110010101110001100011101000101100011000010
100110010101010110001111000111110110111100110011010111111100000111001001110000000011010011001111011100110111100100100110001010110101111000110010101110001100011101000101100011000010
100110010101010110001110101101111111101011111001000110111011111001010100111110110011010011001111011100110111100100100110001010110101111000110010101110001100011101000101100011000010
100110010101010110001110101101111111011111000100001001111001000111101001110000000011010011001111011100110111100100100110001010110101111000110010101110001100011101000101100011000010
100110010101010110001110101101111111101011111000001001011100001011101001111101111100101010110000111101001011111001111010011001000011101011000110001011001111110000100110101101001000
100110010101010110001110101101111111101011111000011111011011100010111111001001010110111001011011000000100010000010110100011011100100100100001000000001000000101101100110101101001000
100110010101010110001110101101111111101011111001001000001010001000011111110110110011010011001111011100110111100100100110001010110101111000110010101110001100011101000101100011000010
100110010101010110001110101101111111011111000101010001111011010110111101110011010101100100001101000100110111100100100110001010110101111000110010101110001100011101000101100011000010
100110010101010110001110110101011100010010001110100101110100011000011111110110110011010011001111011100110111100100100110001010110101111000110010101110001100011101000101100011000010
100110010101010110001111000111110110111100110011010001111011010110111101110011010101100100001101000100110111100100100110001010110101111000110010101110001100011101000101100011000010
100110010101010110001110101101111111101011111000011111110000100110011111110110110011010011001111011100110111100100100110001010110101111000110010101110001100011101000101100011000010
100111101101010011100100001111001101111011111001001000001010001000011111110110110011010011001111011100110111100100100110001010110101111000110010101110001100011101000101100011000010
100110010101000011001000101101110000001011111110111111111011010110111101110011010101100100001101000100110111100100100110001010110101111000110010101110001100011101000101100011000010
100110010101010110001110101101111111101011111000011111011100111011101000011000110010011110110101001001110111111010001001010001100110100001101110110110001100011101000101100011000010
100110010101010110001110110001100111010101000100111010000110001000011111110110110011010011001111011100110111100100100110001010110101111000110010101110001100011101000101100011000010
100110010101010110001110101101111111101011111000100000000110001000011111110110110011010011001111011100110111100100100110001010110101111000110010101110001100011101000101100011000010
