010000101011011000110101100101101101010101111101011101010100010000000101100111010011101011110000010111011100011110001110110010001111100011101011100001100111000001000101101011100110
010000101011011000110101100101101101010101111101011101010100010000000101100111010011101011110000010111110100011110001110110010001111100011101011100001100111000001000101101011100110
010000101011011000110101100101101101010101111101011101010100010000000101100111010011101011110111001110110011000011000100001100000111010001101011100001100111000001000101101011100110
010000101011011000110101100101101101010101111101011101010100010000000101100111010011101011110000011101101000100101001010010001010000011010010001010000001011111001100111110111100110
010000101011011000110101100101101101010101111101011101010100010000000101100111010110110011010110010111011100011110001110110010001111100011101011100001100111000001000101101011100110
010000101011011000110101100101100100111100001010110010000100001101110111010000100101101110011010010111110100011110001110110010001111100011101011100001100111000001000101101011100110
010000101011011000110101100101101101010101111101011101010100010000000101111010110101111011010000000100011101110011111110110010001111100011101011100001100111000001000101101011100110
010000101011011000110101100101101101010101111101011101010100010000000101100111010011101011110000101110110011000011000100001100000111010001101011100001100111000001000101101011100110
010000101011011000110101100101101101010101111101011101010100010000000101111010110001110100111010010111110100011110001110110010001111100011101011100001100111000001000101101011100110
010000101011011000110101100101101101010101111101011101010100010000000101100111010110110011010001001110110011000011000100001100000111010001101011100001100111000001000101101011100110
010000101011011000110101100101101101010101111101011101010100010000000101100111010011101011100010101111000001110101000010101010011100110001101011100001100111000001000101101011100110
010000101011011000110101100101101101010101111101011101010100010000000101100111010011101011110000010111011110100010111001111100010101010110101001111100000000000001000101101011100110
010000101011011000110101100101101101010101111101011101010100001101110111010000100101101110011010010111110100011110001110110010001111100011101011100001100111000001000101101011100110
010000101011011000110101100101101101010101111101011101010100010000000101100111010011101011110111001110100000010110101011011010100011000001100110111110111011111001100111110111100110
010000101011011000110101100101101101010101111101011101010100010000000101100111010011101011110000000110110111001100110010010011001000010001101011100001100111000001000101101011100110
010000101011011000110101100101101101010101111101011101010100010000000101100111010011101011110000110010011110100010111001111100010101010110101001111100000000000001000101101011100110
010000101011011000110101100101101101010101111101011101010100010000000101100111010011101011110000010111110100011110001110110010001111100011101011100001100111000001000101101011100110
