011010011111011001101100100101111101000010010011100100111101001000101101000000110011001010000100110000100000111011100101101110110111001100100001011110000101110101001000000100000010
011010011111011001101100111100101010010100111110111110001000100011111011101101101001111111101111100110001101100001010000000101100001100001111011101011101110100010010100000010001110
011010011111011001101100100011111001010110101011110110001101111110101101000000110011001010000100110000100000111011100101101110110111001100100001011110000101110101001000000100000010
011010011111011000010010001100000010101001110011100100111101001000101101000000110011001010000100110000100000111011100101101110110111001100100001011110000101110101001000000100000010
011010011111011001101100100011110100000010010011100100111101001000101101000000110011001010000100110000100000111011100101101110110111001100100001011110000101110101001000000100000010
011010011111011000010010001100000010011010010011100100111101001000101101000000110011001010000100110000100000111011100101101110110111001100100001011110000101110101001000000100000010
011101001011000001100010101001100011011010010011100100111101001000101101000000110011001010000100110000100000111011100101101110110111001100100001011110000101110101001000000100000010
011010011111011001101100100011110100001100111110111110001000100011111011101101101001111111101111100110001101100001010000000101100001100001111011101011101110100010010100000010001110
011010011111011001101100100011110011011010010011100100111101001000101101000000110011001010000100110000100000111011100101101110110111001100100001011110000101110101001000000100000010
011010011111011001101100100011111000011010010011100100111101001000101101000000110011001010000100110000100000111011100101101110110111001100100001011110000101110101001000000100000010
011010011111011001101100100011101100100011110011011100110100010000101101000000110011001010000100110000100000111011100101101110110111001100100001011110000101110101001000000100000010
011010011111011001101100100011110011001110101011110110001101111110101101000000110011001010000100110000100000111011100101101110110111001100100001011110000101110101001000000100000010
011010011111011001101100100011110100100110110011100100111101001000101101000000110011001010000100110000100000111011100101101110110111001100100001011110000101110101001000000100000010
011010011111011001101100100011110000111001100110010100111101001000101101000000110011001010000100110000100000111011100101101110110111001100100001011110000101110101001000000100000010
011010011111011001101100100011101100100011110011100100111101001000101101000000110011001010000100110000100000111011100101101110110111001100100001011110000101110101001000000100000010
011010011111011001101100100101111101001100111110111110001000100011111011101101101001111111101111100110001101100001010000000101100001100001111011101011101110100010010100000010001110
011010011111011001101100100101111101000010010011100100111101001000101101000000110011001010000100110000100000111011100101101110110111001100100001011110000101110101001000000100000010
