111011011010011000110000011001101110110101010111000101100010010011100111110100000100100000011100100101011101100100000000001000101101111011011011100110111000111101101100001010101110
111011011010011000110000011001101110110101010111000101100010010011100111110100000100100000011100100101011101100100000000001000101101111011011011100110111000111101101100000101001110
111011011010011000110000011001101110110101010111000101100010010011100111110100000100100000011100100101011101100100000000001000101101111011011011100110111000111101101100000010001111
111011011010011000110000011001101110110101010111000101100010010011100111110100000100100000011100100101011101100100001010111100111101000010100011000111001110001000111111101010101110
111011011010011000110000011001101110110101010111000101100010010011100111110100000100100000011000000101110110100011001101110100011111000111000101101101010111100001000100111110000011
111011011010011000110000011001101110110101010111000101100010010011100111110100000100100000011000000110001110001011011101001010010000100101001000001101000010000011100010010001000110
111011011010011000110000011001101110110101010111000101100010010011100111110100000100100000011000000110001110001011011101001010010000100101001000001101000010000010110100011000100110
111011011010011000110000011001101110110101010111000101100010010011100111110100000100100000011000000110001110001011010111110011101110000000111011001010011100011100100000111001000110
111011011010011000110000011001101110110101010111000101100010010011100111110100000100100000011100100101011101100100000000001000101101111011011011100110111000111111001101011001000110
111011011010011000110000011001101110110101010111000101100010010011100111110100000100100000011000000101110110100011001101110100011111000111000101101101010111100001000100111001000110
111011011010011000110000011001101110110101010111000101100010010011100111110100000100100000011100100101011101100100000000001000101101111011011011100110111000111101101110101110000011
111011011010011000110000011001101110110101010111000101100010010011100111110100000100100000011000001000011000111000110000000000110100100000101100001110110101010011110101101010101110
111011011010011000110000011001101110110101010111000101100010010011100111110100000100100000011000000110001110001011010111111110110001101000101000111110100011110011100111000010101110
111011011010011000110000011001101110110101010111000101100010010011100111110100000100100000011100100101011101100100000000001000101101111011011011100110111000111100111000100010101110
111011011010011000110000011001101110110101010111000101100010010011100111110100000100100000011100100101011101100100000000001000101101110011101111111101000101011000110000111001000110
111011011010011000110000011001101110110101010111000101100010010011100111110100000100100000011100100101011101100100000000001000101101111011011011100110111000111101101100000010000011
111011011010011000110000011001101110110101010111000101100010010011100111110100000100100000011100000110001110001011010111110011101110000000111011001010100110000111111010101000001000
