100100100100000110010011011001000000011100111111110110010111111101111000101000100001001010111100100000111010100010111111111011100001110101111010011010000001010010111111110010100010
100100100100000110010011011001000000011100111111110110000001100100000111100001111000000000001010111110100001011010001011111011100001110101111010011010000001010010111111110010100010
100100100100000110010011011001000000011100111111110110000001100100001001000111000011000010011101111011001010000110010110111011100001110101111010011010000001010010111111110010100010
100100100100000110010011011001000000011100111111110110000001100100001001000111000011000010011110110111101110000010111001011011100001110101111010011010000001010010111111110010100010
100100100100000110010011011001000000011100111111110110000001100100001001000111000011000010011101111001010011110011101001011011100001110101111010011010000001010010111111110010100010
100100100100000110010011011001000000011100111111110110000001100100001001000111000011000010011110110110001110110111111111001010100001110101111010011010000001010010111111110010100010
100100100100000110010011011001000000011100111111110110000001100100001001000111000011000010011101111011001000101111011101011011100001110101111010011010000001010010111111110010100010
100100100100000110010011011001000000011100111111110110000001100100001001000111000011000010011101111001010001011111010100101111100001110101111010011010000001010010111111110010100010
100100100100000110010011011001000000011100111111110110010111111101111000101000100001000100010100010011110111110111101001011011100001110101111010011010000001010010111111110010100010
100100100100000110010011011001000000011100111111110110000001100100001001000111000011000010011101111011001000101111110001010110101110010100001110101110100100100000101000110010111101
100100100100000110010011011001000000011100111111110110000001100100001001000111000011000010011110010100110110111010001011111011100001110101111010011010000001010010111111110010100010
100100100100000110010011011001000000011100111111110110000001100100001001000111000011000010011101111011001000101111110001010110101110010100001111100111001011011101111111000011011101
100100100100000110010011011001000000011100111111110110000001100100001001000111000011000010011101111011001000101010000111011100110011111110110000000001010010001100111111000011011101
100100100100000110010011011001000000011100111111110110000001100100001001000111000011000010011101111011001010000011100010000110100001110101111010011010000001010010111111110010100010
100100100100000110010011011001000000011100111111110110000001100100001001000111000011000010011101111011001000101111110001010110001101000111100000110000101100110011011111000011011101
100100100100000110010011011001000000011100111111110110000001100100001001000111000011000010011101111011001000101111011101011100111010000111010000100111001011011101111111000011011101
100100100100000110010011011001000000011100111111110110000001100100001001000111000011000010011101111011001010000011100010000110100001110101111010011010000001010010111111110010100010
