001000110111010000011010001011001000110011110011001100111111100101010000000100100001000111001110101100110110100100001000110101110101010010101001100100101110110011101101111110011001
001000110111010000011010001011001000110011110011001100111111100101010000000100100001000111011011001110110000010001010001101111101111000111100001100100101110110011101101111110011001
001000110111010000011010001011001000110011110011001100111111100101010000000100100001000111011011001110110000010001101010101100101111000111100001100100101110110011101101111110011001
001000110111010000011010001011001000110011110011001100111111100101010000000100100001000111011011001110110000010001010001101111000100000111100001100100101110110011101101111110011001
001000110111010000011010001011001000110011110011001100111111100101010000000100100001000111001110101100110110100100001000100000110011100011011010111100111110000010001011101101101111
001000110111010000011010001011001000110011110011001100111111100101010000000100100001000111011011001110110000010001010001101111001010000100011111111111101010101011111011101101101111
001000110111010000011010001011001000110011110011001100111111100101010000000100100001000111011011001110110000010001010001111010100101100111100001100100101110110011101101111110011001
001000110111010000011010001011001000110011110011001100111111100101010000000100100001000111011011001110110000010001010001101111101111000011101000111010111111011010011010011010011001
001000110111010000011010001011001000110011110011001100111111100101010000000100100001000111011011001110110000010001010001101111000111100110000001100100101110110011101101111110011001
001000110111010000011010001011001000110011110011001100111111100101010000000100100001000111011011001110110000010001010001101111000111111111101111111010110100110110110101100101111001
001000110111010000011010001011001000110011110011001100111111100101010000000100100001000111011011001110110000010001010001101111000111100110000100000001100110001011111011101101101111
001000110111010000011010001011001000110011110011001100111111100101010000000100100001000110011011000100010111000110010001111010100101100111100001100100101110110011101101111110011001
001000110111010000011010001011001000110011110011001100111111100101010000000100100001000111011011001110110000010001010001101111000111111111101111111010111000100000011101111110011001
001000110111010000011010001011001000110011110011001100111111100101010000000100100001000111001110101100110110100100001000110101011110011010001101101000101001010111100100100011111101
001000110111010000011010001011001000110011110011001100111111100101010000000100100001000111011011001110110000010001010001101111001010001000011000101000011000100100010000010000000100
001000110111010000011010001011001000110011110011001100111111100101010000000100100001000111001110101100101000011110001100101100101111000111100001100100101110110011101101111110011001
001000110111010000011010001011001000110011110011001100111111100101010000000100100001000111011011001110110000010001010001101111101111000111100001100100101110110011101101111110011001
