110001000100011111001101010100100010110010000000011101111001001111101010001110110110100100000100010101111010000001101100010101101001101111010111100010011111001011100
110110000101111111001101010100100010110010000000011101111001001111101010001110110110100100000100010101111010000001101100010101101001101111010111100010011111001011100
110001000100011111001101010100100010110010000000011101111001001111101010001110110110100100000100010101111010000001101100010101101001101111001011110001011111001011100
110110000100011111001101010100100010110010000000011101111001001111101010001110110110100100000100010101111010000001101100010101101001101111010111100010011111001011100
110001011101111111001101010100100010110010000000011101111001001111101010001110110110100100000100010101111010000001101100010101101001101111010111100010011111001011100
110110000101111111001101010100100010110010000000011101111001001111101010001110110110100100000100010101111010000001101100010101101001101111001011110001011111001011100
110110000100011111001101010100100010110010000000011101111001001111101010001110110110100100000100010101111010000001101100010101101001101111001011110001011111001011100
110110000111000010011000101100100010110010000000011101111001001111101010001110110110100100000100010101111010000001101100010101101001101111010111100010011111001011100
110001011101111111001101010100100010110010000000011101111001001111101010001110110110100100000100010101111010000001101100010101101001101111001011110001011111001011100
110110000111000010011000101100100010110010000000011101111001001111101010001110110110100100000100010101111010000001101100010101101001101111001011110001011111001011100
110101000100011111001101010100100010110010000000011101111001001111101010001110110110100100000100010101111010000001101100010101101001101111010111100010011111001011100
110001011101100110011101010000111100110011011101001000111001001111101010001110110110100100000100010101111010000001101100010101101001101111010111100010011111001011100
001001000100011111001101010100100010110010000000011101111001001111101010001110110110100100000100010101111010000001101100010101101001101111010111100010011111001011100
110001000100011111001101010100100010110010000000011101111001001111101010001110110110100100000100101101111010000001101100010101101001101111010111100010011111001011100
110110001010011111001101010100100010110010000000011101111001001111101010001110110110100100000100010101111010000001101100010101101001101111010111100010011111001011100
110101000100011111001101010100100010110010000000011101111001001111101010001110110110100100000100010101111010000001101100010101101001101111001011110001011111001011100
110110000100011111001101010100100010110010000000011101111001001111101010001110110110100100000100010101111010000001101100010101101001101111010111100010011111001011100
