001101011101111101011010001000110010101011000110001010100011100110011101111011011110110000000011101100100110100011000011101010011011101000110101000110110001001001010
001101011101111101011010001000110010101011000110001010111101111100001101111011011110110000000011101100100110100011000011101010011011101000110101000110110001001001010
001101011101111101011010001000110010101011000110001100111111100111111001111011011110110000000011101100100110100011000011101010011011101000110101000110110001001001010
001101011101111101011010001000110010101011000110001010100011100110011110110011011110110000000011101100100110100011000011101010011011101000110101000110110001001001010
001101011101111101011010001000110010101011000110001010111111000000110001101101110010110010111100101100100110100011000011101010011011101000110101000110110001001001010
001101011101111101011010001000110010101011000110001010100000001001011111011011011110110000000011101100100110100011000011101010011011101000110101000110110001001001010
001101011101111101011010001000110010101011000110001010100000001001011111011101110010110010111100101100100110100011000011101010011011101000110101000110110001001001010
001101011101111101011010001000110010101011000110001010100000001001001001111011011110110000000011101100100110100011000011101010011011101000110101000110110001001001010
001101011101111101011010001000110010101011000110001010100011100111111001111011011110110000000011101100100110100011000011101010011011101000110101000110110001001001010
001101011101111101011010001000110010101011000110001010111101111111101100110011011110110000000011101100100110100011000011101010011011101000110101000110110001001001010
001101011101111101011010001000110010101011000110001010111111000110101101111011011110110000000011101100100110100011000011101010011011101000110101000110110001001001010
001101011101111101011010001000110010101011000110001010111111000000101101111011011110110000000011101100100110100011000011101010011011101000110101000110110001001001010
001101011101111101011010001000110010101011000110001010100011100110011011001011011110010001111110011100100110100011000011101010011011101000110101000110110001001001010
001101011101111101011010001000110010101011000110001010100011100110011110100101110010110010111100101100100110100011000011101010011011101000110101000110110001001001010
001101011101111101011010001000110010101011001110011001110001001010001101111011011110110000000011101100100110100011000011101010011011101000110101000110110001001001010
001101011101111101011010001000110010101011100111011010010000011011101001111011011110110000000011101100100110100011000011101010011011101000110101000110110001001001010
001101011101111101011010001000110010101011000110001010100011100110011101111011011110110000000011101100100110100011000011101010011011101000110101000110110001001001010
