111010001101011011000110011111011111011100000011011010011000000111011111001011010011011010000000110101100100111000011010110101010100010001000001101100111010011001110
111010001101011011000110011111011111011100000011011010011000000111011111001011010011011010000000110101100100111000011010110101010100010001000001101100111010000001110
111010001101011011000110011111011111011100000011011010011000000111011111001011010011011010000000110101100101000011000001110101010100010001000001101100111010011001110
111010001101011011000110011111011111011100000011011010011000000111011111001011010011011010000000110101110010111000011010110101010100010001000001101100111010011001110
111010001101011011000110011111011111011100000011011010011000000111011111001011010011011010000000110101100100111000011010110101011110100001110101011110101101100001110
111010001101011011000110011111011111011100000011011010011000000111011111001011010011011010000000110101100101101100010101101000010011100001110101011110101101100001110
111010001101011011000110011111011111011100000011011010011000000111011111001011010011011010000000110101100100111000011010110101010100100100010111001011101110001001110
111010001101011011000110011111011111011100000011011010011000000111011111001011010011011010000001001011011110101011100111000010010100010001000001101100111010011001110
111010001101011011000110011111011111011100000011011010011000000111011111001011010011011010000000110101100101000011000001110101010100010001000001101100111010000001110
111010001101011011000110011111011111011100000011011010011000000111011111001011010011011010000000110101100100111000011010110101010111100001110101011110101101100001110
111010001101011011000110011111011111011100000011011010011000000111011111001011010011011010000000110101100100111000011010110101010011100001110101011110101101100001110
111010001101011011000110011111011111011100000011011010011000000111011111001011010011011010000000110101110010111000011010110101010100010001000001101100111010000001110
111010001101011011000110011111011111011100000011011010011000000111011111001011010011011010000000110101100100111000011010110101000011101001100011110010111100000101010
111010001101011011000110011111011111011100000011011010011000000111011111001011010011011010000000110101100101000011110001101111110111100001110101011110101101100001110
111010001101011011000110011111011111011100000011011010011000000111011111001011010011011010000000110101111101100010111010001110011110100001110101011110101101100001110
111010001101011011000110011111011111011100000011011010011000000111011111001011010011011010000000110101100101000011110001101111110100010001000001101100111010011001110
111010001101011011000110011111011111011100000011011010011000000111011111001011010011011010000000110101100100111000011010110101010100010001000001101100011100001100010
