111000011101100101000100111000110010010111010000110011111010111110101100110010110110101010001111011000001010111000000010011010011100111011111001010010110001010101010
111000011101100101000100111000110010010111010000110011111010111110101100110010110110101010001111011000001010111000000010011010011100111011111001010010110000101001010
111000011101100101000100111000110010010111010000110011111010111110101100110010110110101010001111011000001010111000000010011010011100111011111001000100001100101110001
111000011101100101000100111000110010010111010000110011111010111110101100110010110110101010001111011000001010111000000010011010011100111011111001000100001100101101010
111000011101100101000100111000110010010111010000110011111010111110101100110010110110101010001111011000001010111000000010011010011100111010111110111101010100101110001
111000011101100101000100111000110010010111010000110011111010111110101100110010110110101010001111011000001010111000000010011010011100111011111100010100001100101110001
111000011101100101000100111000110010010111010000110011111010111110101100110010110110101010001111011000001010111000000010011010011100111010111110100100100101101110001
111000011101100101000100111000110010010101010110101100010010000010101100110010110110101010001111011000001010111000000010011010011100111011111001010010110001010101010
111000011101100101000100111000110010010111010000110011111010111110101100110010110110101010001111011000001010111000000010011010011100111010111110111101010100101101010
111000011101100101000100111000110010010111010000110011111010111110101100110010110110101010001111011000001010111000000010011010011100111011111100010001011101001010001
111000011101100101000100111000110010010111010000110011111010111110101100110010110110101010001111011000001010111000000010011010011100111011111001010010110001010101001
111000011101100101000100111000110010010111010000110011111010111110101100110010110110101010001111011000001010111000000010011010011100111011111100010100001100101101010
111000011101100101000100111000110010010111010000110011111010111110101100110010110110101010001111011000001010111000000010011010011100111011111100010001100110101110001
111000011101100101000100111000110010010111010000110011111010111110101100110010110110101010001111011000001010111000000010011010011100111011111001010010100000111110001
111000011101100101000100111000110010010111010000110011111010111110101100110010110110101010001111011000001010111000000010011010011100111011111110101110110011101110001
111000011101100101011110000101010110110100001010101010010010000010101100110010110110101010001111011000001010111000000010011010011100111011111001010010110001010101010
111000011101100101000100111000110010010111010000110011111010111110101100110010110110101010001111011000001010111000000010011010011100111011111001010010110001010101010
