101111100011111001110111011100001011111011001110011111011001001100010110011011001001001010001000111110101010101110000101011100010101000000100101101011111110101111100
101011100011111001110111011100001011111011001110011111011001001100010110011011001001001010001000111110101010101110000101011100010101000000100101101011111110101111100
111100100011111001110111011100001011111011001110011111011001001100010110011011001001001010001000111110101010101110000101011100010101000000100101101011111110101111100
111111100011111001110111011100001011111011001110011111011001001100010110011011001001001010001000111110101010101110000101011100010101000000100101101011111110101111100
101111010000000100000011011100001011111011001110011111011001001100010110011011001001001010001000111110101010101110000101011100010101000000100101101011111110101111100
101000011011011001110111011100001011111011001110011111011001001100010110011011001001001010001000111110101010101110000101011100010101000000100101101011111110101111100
101110110010000110100101001110111000111111101000110011001010001100010110011011001001001010001000111110101010101110000101011100010101000000100101101011111110101111100
101111110010000110100101001110111000111111101000110011001010001100010110011011001001001010001000111110101010101110000101011100010101000000100101101011111110101111100
101111100011111001110111011100001011111011001110000000011001001100010110011011001001001010001000111110101010101110000101011100010101000000100101101011111110101111100
111101001111110010100101001110111000111111101000110011001010001100010110011011001001001010001000111110101010101110000101011100010101000000100101101011111110101111100
101111010000000100011100111111001101010111011101001111011001001100010110011011001001001010001000111110101010101110000101011100010101000000100101101011111110101111100
101010100100111001110111011100001011111011001110011111011001001100010110011011001001001010001000111110101010101110000101011100010101000000100101101011111110101111100
101000011001000000000110111111001101010111011101001111011001001100010110011011001001001010001000111110101010101110000101011100010101000000100101101011111110101111100
111101100011111001110111011100001011111011001110011111011001001100010110011011001001001010001000111110101010101110000101011100010101000000100101101011111110101111100
101010100011111001110111011100001011111011001110011111011001001100010110011011001001001010001000111110101010101110000101011100010101000000100101101011111110101111100
101000011011111001110111011100001011111011001110011111011001001100010110011011001001001010001000111110101010101110000101011100010101000000100101101011111110101111100
101110110010000110100101001110111000111111101000110011001010001100010110011011001001001010001000111110101010101110000101011100010101000000100101101011111110101111100
