100110011000010010101111001011100100010111111111101101111010001000110100010100000111000111100110010100101110100100111111001110010101101001010001000111011010100010001
100110011000010010101111001011100100010111111111101101111010001000110100010100000111000111100110010100101110100100111111001110010101101001010001000011011010100010001
100110011000010010101111001011100100010111111111101101111010001000110100010100000111000111100110010100101110100100111111001110010101101001010001000111110000100010001
100110011000010010101111001011100100010111111111101101111010001000110100010100000111000111100110010100101110100100111111001110010101101001010000000011011010100010001
100110011000010010101111001011100100010111111111101101111010001000110100010100000111000111100110010100101110100100111111001110010101101001010001000001000110100010001
100110011000010010101111001011100100010111111111101101111010001000110100010100000111000111100110010100101110100100111111001110010101101001010001000111111010100010001
100110011000010010101111001011100110010111111111101101111010001000110100010100000111000111100110010100101110100100111111001110010101101001010001000111011010100010001
100110011000011100111010000111100100010111111111101101111010001000110100010100000111000111100110010100101110100100111111001110010101101001010001000111011010100010001
100110011000010010101111001011100100010111111111101101111010001000110100010100000111000111100110010100101110100100111111001110010101101001010001010110000010100010001
100110011000010010101111001011100100010111111111101101111010001000110100010100000111000111100110010100101110100100111111001110010101101010101001101011011010100010001
100110011000010010101111001011100100010111111111101101111010001000110100010100000111000111100110010100101110100100111111001110010101101001010001000111110011101100000
100110011000010010101111001011100100010111111111101101111010001000110100010111010110001111100110010100101110100100111111001110010101101001010001000111011010100010001
100110011000010010101111001011100100010111111111101101111010001000110100010100000111000111100110010100101110100110000110001010000100010001110000011110000010100010001
100110011000010010101111001011100100010111111111010101111010001000110100010100000111000111100110010100101110100100111111001110010101101001010001000111011010100010001
100110011000010010101111001011100100010111111111101101111010001000110100010100000111000111100110010100101110100100111111001110010101101111010110011110000010100010001
100110011000010010101111001011100100010111111111101101111010001000110100010100000111000111100110010100101110100100111111001110010101101001010000000011110000100010001
100110011000010010101111001011100100010111111111101101111010001000110100010100000111000111100110010100101110100100111111001110010101101001010001000111011010100010001
