011000111110010101111011001010001100001010011001101100110101111101111100111111101010110111110001110000011010011100001011011001011010101011100000110110000101110100011
011000111110010101111011001010001100001010011001101100110101111101111100111111101010110111110001110000011010011100001011011010111010001111101010101011100101110100011
011000111110010101111011001010001100001010011001101100110101111101111100111111101010110111110001110000011010011100001011011001011010101100001000110111100101110100011
011000111110010101111011001010001100001010011001101100110101111101111100111111101010110111110001110000011010011100001011011001011010100010110000010111010110001000011
011000111110010101111011001010001100001010011001101100110101111101111100111111101010110111110001110000011010011100001011011001011010101100100100110111100101110100011
011000111110010101111011001010001100001010011001101100110101111101111100111111101010110111110001110000011010011100001011011001011010101011100101000111100101110100011
011000111110010101111011001010001100001010011001101100110101111101111100111111101010110111110001110000011010011100001011011001011010101010111010101011100101110100011
011000111110010101111011001010001100001010011001101100110101111101111100111111101010110111110001110000011010011100001011011001011010101011010101000111100101110100011
011000111110010101111011001010001100001010011001101100110101111101111100111111101010110111110001110000011010011100001011011001011010101100001000100100101011111101011
011000111110010101111011001010001100001010011001101100110101111101111100111111101010110111110001110000011010011100001011011001011010101100001010101011100101110100011
011000111110010101111011001010001100001010011001101100110101111101111100111111101010110111110001110000011010011100001011011001011010101011010011010111100101110100011
011000111110010101111011001010001100001010011001101100110101111101111100111111101010110111110001110000011010011100001011011001011010101011100110111110100101110100011
011000111110010101111011001010001100001010011001101100110101111101111100111111101010110111110001110000011010011100001011011001011010101011010011011110000101110100011
011000111110010101111011001010001100001010011001101100110101111101111100111111101010110111110001110000011010011100001011011001011010101011010011010110000011101000011
011000111110010101111011001010001100001010011001101100110101111101111100111111101010110111110001110000011010011100001011011001011010101100100100100011100101110100011
011000111110010101111011001010001100001010011001101100110101111101111100111111101010110111110001110000011010011100001011011001011010101011010011001010100101110100011
011000111110010101111011001010001100001010011001101100110101111101111100111111101010110111110001110000011010011100001011011001011010101100001000010010110100010011000
