101000000100001101010101000010100110101001011011100100100011100100111010110001101011111101011010101000100100010111101000001001100100110001001100001101001100011001100
101000000100001101010101000010100110101001011011100100100001111111101110011111001000101000011000101000100100010111101000001001100100110001001100001101001100011001100
101000000100001101010101000010100110101001011011100100100011100100111010110001101011110101001010101000100100010111101000001001100100110001001100001101001100011001100
101000000100001101010101000010100110101001011011100100100011100100111010110001101011110101001101000100100100010111101000001001100100110001001100001101001100011001100
101000000100001101010101000010100110101001011011100100100011100100111010110001101011110101001010100000100100010111101000001001100100110001001100001101001100011001100
101000000100001101010101000010100110101001011011100100100011100100111010110001101011111101011000101000100100010111101000001001100100110001001100001101001100011001100
101000000100001101010101000010100110101001011011100100100011100100111010110001001110101100011000101000100100010111101000001001100100110001001100001101001100011001100
101000000100001101010101000010100110101001011011100100100011100100111010110001001110101100111101101111000111011111011011110100010000001111001100001101001100011001100
101000000100001101010101000010100110101001011011100100100011100100111010110001101011110101001101100000100100010111101000001001100100110001001100001101001100011001100
101000000100000000110101000010100110101001011011100100100011100100111010110001101011111101011010101000100100010111101000001001100100110001001100001101001100011001100
101000000100001101010101000010100110101001011011100100100001111111101110011111000111011001011000101000100100010111101000001001100100110001001100001101001100011001100
101000000100001101010101000010100110101001011011100100100001111111101110011111001000101000010000101000100100010111101000001001100100110001001100001101001100011001100
101000000100001101010101000010100110101001011011100100100001111111101110011111000111011001010000101000100100010111101000001001100100110001001100001101001100011001100
101000000100001101010101000010100110101001011011100100100011100100111010110001001110101100111100101000100100010111101000001001100100110001001100001101001100011001100
101000000100001101010101000010100110101001011011100100100011100100111010110001001110101100111101100000100100010111101000001001100100110001001100001101001100011001100
101000000100001101010101000010100110101001011011100100100011100100111010110001101011110101001101101111000111011111011011110100010000001111001100001101001100011001100
101000000100001101010101000010100110101001011011100100100011100100111010110001101011111101011000101000100100010111101000001001100100110001001100111011010010001110101
