010001010000110111111110010000001001101010100100111000011011011101101110110101110101110000010001000010100110000010001101110100100111111000101000101100010100110010000
010001010000110111111110010000001001101010100101111000011011011101101110110101110101110000010001000010100110000010001101110100100111111000101000101100010100110010000
010001010000110111111110010000001001101010100001111000011011011101101110110101110101110000010001000010100110000010001101110100100111111000101000101100010100110010000
010001010000110111111110010000001001101010100101110000011011011101101110110101110101110000010001000010100110000010001101110100100111111000101000101100010100110010000
010001010000110111111110010000001001101010100100111000011011011101101110110101110101110000010001000010100110000010001101101110101001001000101000101100010100110010000
010001010000110111111110010000001001101010100100111000011011011101101110110101110101110000010001011010100110000010001101110100100111111000101000101100010100110010000
010001010000110111111110010000111010010111010000110000011011011101101110110101110101110000010001000010100110000010001101110100100111111000101000101100010100110010000
010001010000110111111110010000001001101010100100111000011011011101101110110100010101110000010001000010100110000010001101110100100111111000101000101100010100110010000
010001010000110111111110010000001001101010110000110000011011011101101110110101110101110000010001000010100110000010001101110100100111111000101000101100010100110010000
010001010000110111111110010000001001101010111011011000011011011101101110110101110101110000010001000010100110000010001101110100100111111000101000101100010100110010000
010001010000110111111110010000001001101010100110011100011011011101101110110101110101110000010001000010100110000010001101110100100111111000101000101100010100110010000
010001010000110111111110010000001001101010100111100011011011011101101110110101110101110000010001000010100110000010001101110100100111111000101000101100010100110010000
010001010000110111111110010000001001101010100100111000011011011101101110110101110101110000010001000010100110000010001101110111001111110010101000101100010100110010000
010001010000110111111110010000001001101010100100111000011011011101101110110101110101110000010001000010100110000010001101110100100111111000101000101100001101000011001
010001010000110111111110010000001010100100100100111000011011011101101110110101110101110000010001000010100110000010001101110100100111111000101000101100010100110010000
010001010000110111111110010000001001101010100100111000011011011101101110110101110101110000010001000010100110000010001101110100100111111011000011101100010100110010000
010001010000110111111110010000001001101010100100111000011011011101101110110101110101110000010001000010100110000010001101110100100111111000101000101100010100110010000
