000100001111110101100010010111111010010110001101101100011000101100101000100111010100111101110101110001111011010111010010100101101011100001011001110000110111110000001100001110110011
000100001111110101100111111011001010101011101010010010011011000101111010101011111011010110000000011111010111000110001010011000000110001000100001111101000110101001100110001010110011
000100001110000000011101011011000010101011011010001100001011110111100010100001110110000110100000101111101111001100110000011111101101000101110011110100011100000001010010011111110011
000100001111110101100010010111111010010110001101101100011000101100101000100111010100110110010001000000101111001100110000011111101101000101110011110100011100000001010010011111110011
000101100110110000010011011001111110100010101000000001001101000110000001001001100100001110100011011001100110000011100011010110101011000101101101001010111100001000010101011100110011
000100001110000111001011010010000101101010010111111010011001111011110011100101101000010110000000011111010111000110001010011000000110001000100001111101000110101001100110001010110011
000100001111110101100010010111111010010110001101101100011101001100101101101001100100001110100011011001100110000011100011010110101011000101101101001010111100001000010101011100110011
000101100110110000000000000111100000010110110011010010011101000001000001000000011110001110010000111011010010110100010000010011011011000011011001011011101100110011000011100111110011
000101100110110000010011011001111110100010101000011001011010011011110011100101101000010110000000011111010111000110001010011000000110001000100001111101000110101001100110001010110011
000101100110110000010011011001111110100000110011010111001111111111100010100001110110000110100000101111101111001100110000011111101101000101110011110100011100000001010010011111110011
000101100110110000010011011001111110100010101000000001001101111110101111110110111001000110101100110100010110010110011100000111010000001001010110110100000010101000010101011100110011
000101100110110000000000000111100111110101110011111010110111111110101111110110111001000110101100110100010110010110011100000111010000001001010110110100000010101000010101011100110011
000100001111110101100010010111111010010110001110101101100101101100000111100100010111100000001000110000001011111000010110000000011111101110000110100000110011010011001110001010110011
000100001111110101100010010111111011001111010011100111001111111111100010100001110110000110100000101111101111001100110000011111101101000101110011110100011100000001010010011111110011
000100001111110101100010010111111010010110001101101100011000101100101000100111010100111101110101110001111011010111010010100101101011100001011001110000110111110000001101000101010011
000100001111110101100010010111111010010100010101111100001000011111101011100101101000010110000000011111010111000110001010011000000110001000100001111101000110101001100110001010110011
010011001001011101110101111001110100111110101011001101111000101011110000100011101010111100010011111011001110011000101111101001011000000000010111101100100010001001111111111001101001
