001100100011100101100101001011010010000010000110110110100010010110110011001111011101110111011010101101100000000110001111110001110000011100000100001101010011100101000100011000111100
001100100011100101100101001011010010000000100010010001110110100110100000000011100000101100000110010100110001001110001111110001110000011100000100001101010011100101000100011000111100
001100100011100101100101001011010010000000100010010001110110100110101010000001110000100001111111010010110001001110001111110001110000011100000100001101010011100101000100011000111100
001100100011100101100101001011010010000000100010010001110110100110111001001101111101011011111000110010100010001011001111110001110000011100000100001101010011100101000100011000111100
001100100011100101100101001011010010000000100010111111011011101101110101100000010111101110101010000000001010001011001111110001110000011100000100001101010011100101000100011000111100
001100100011100101100101001011010010000010000110110110100010010110110011001111011101110010001010010101010011001110001111110001110000011100000100001101010011100101000100011000111100
001100100011100101100101001011010010000000100010010001110110100110100000000001011000101011110000101100001010001011001111110001110000011100000100001101010011100101000100011000111100
001100100011100101100101001011010010000000100010010001110110100110100000000001011000101011100000000101111111001110001111110001110000011100000100001101010011100101000100011000111100
001100100011100101100101001011010010000000100010010001110110100110100000000011100000101100001111000011100010001011001111110001110000011100000100001101010011100101000100011000111100
001100010100000100001010010010110001100100000101000110011001100111000000001110110100100000011000110010100010001011001111110001110000011100000100001101010011100101000100011000111100
001100100011100101100101001011010010000000100010111111011011101101111111100010110111001000011011001101111111001110001111110001110000011100000100001101010011100101000100011000111100
001100100011100101100101001011010010000000100010010001110110100110100000000001011000101011111010010101010011001110001111110001110000011100000100001101010011100101000100011000111100
001100100011100101100101001011010010000010000110110110100010010110110011001111011101110111011001001011100001001110001111110001110000011100000100001101010011100101000100011000111100
001100100011100101100101001011010010000000100010111111011011101101111111100010110111001000000110010100110001001110001111110001110000011100000100001101010011100101000100011000111100
001100100011100101100101001011010010000010000110110110100010010110110011001111011101110111001110000110011110001011001111110001110000011100000100001101010011100101000100011000111100
001100100011100101100101001011010010000000100010010001110110100110111001001101111101011010011000110010100010001011001111110001110000011100000100001101010011100101000100011000111100
001100100011100101100101001011010010000000100010010001110110100110100010111101010011100100000110010100110001001110001111110001110000011100000100001101010011100101000100011000111100
