000001001101100110011000010011101010110010011100011110100111110111001101001010100001110010100111110101000101010111010010011011101010010001001010100001100111010100111001000101110011
000001001101100110011000010011101010110000011011101101100111011010111010101100000111010010100111110101000101010111010010011011101010010001001010100001100111010100111001000101110011
000001001101100110011000010011101010110000011011101101100111011010111010101111011110110010001011110101000101010111010010011011101010010001001010100001100111010100111001000101110011
000001001101100110011000010011101010110010011100011110100111110111001101001010100001110010111011001100010100011111010010011011101010010001001010100001100111010100111001000101110011
000001001101100110011000010011101010110010011100011110100111110111001101001010100001110010100011110101000101010111010010011011101010010001001010100001100111010100111001000101110011
000001001101100110011000010011101010110000011011101100010010101111111100110000111000111110110011110101000101010111010010011011101010010001001010100001100111010100111001000101110011
000001101100111110101001101000110111100001111100101001110101100010001000000000000010000001110011110101000101010111010010011011101010010001001010100001100111010100111001000101110011
000001001101100110011000010011101010110010011100011110100111110111001101001010100001110010111100100011100111001001001101010000111111110010001101001000000011101010110000010001110011
000001001101100110011000010011101010110000011011101101100111011010111010101100000111010010100111100100011110101011110001011000000100000110010100100001101001010100110110010001110110
000001101100100110111010111000100111110100110101011100010010101111111100110000111000111110110011110101000101010111010010011011101010010001001010100001100111010100111001000101110011
000001001101100110011000010011101010110010011100011110100111110111001101001010100001110010110001110011011001100001010010011011101010010001001010100001100111010100111001000101110011
000001001101100110011000010011101010110010011100011110100111110111001101001010100001110010100110100001111101100111010011010000101001011001001011000111010000101100001110110001110011
000001001101100110011000010011101010110000011011101101100111011010111010101111011110110010001000101000001101000001110111111101000010000110110111010000111111000100001110110001110011
000001001101100110011000010011101010110010011100011110100111110111001101001010100001110010100110101111010011000101010101010011101011111111001000101001010011111101111000111101110110
000001101100111110101001101000110111100001111100101001110101100010001000000000000010000100010001101110011010110100001101010100011101111111001000101001010011111101111000111101110110
000001001101100110011000010011101010110000011011101101100111011010111010101100000111010010100111011101001011000111001011110010011111101001101111001011000100101001100000001101100011
000001001101100110011000010011101010110010011100010111011001011100000111101000101100100010110011110101000101010111010010011011101010010001001010100001100111010100111001000101110011
