011110101000110100110000011101011111000001111110011111011010000111111000011110000000100011100001001001100011001100100010001111101101000110100111111011011100110000111010101000111011
011110101000110100110000011101011111000001111110011111011010000111111000011110000000100011100001001001100011001100100010001111101101000110100110001110011000110000111010101000111011
011110101000110100110000011101011111000001111110011111011010000111111000011110000000100011100001001001100011011110110001011111001011111111100100001010111001000110100100111001111101
011110101000110100110000011101011111000001111110011111011010000111111000011110000000100011100001001001100011001100100010001111101101000110100110001110011001000110100100111001111101
011110101000110100110000011101011111000001111110011111011010000111111000011110000000100011100001001001100011001100100010001111101101000000001110110100000101000110100100111001111101
011110101000110100110000011101011111000001111110011111011010000111111000011110000000100011100001001001100011001100100010110011100111101101101110010000111001000110100100111001111101
011110101000110100110000011101011111000001111110011111011010000111111000011110000000100011100001001001100011001100100010001111101101000100011111110000111001000110100100111001111101
011110101000110100110000011101011111000001111110011111011010000111111000011110000000100011100001001001100011001100100010001111101101000110011011000100010111011000111010101000111011
011110101000110100110000011101011111000001111110011111011010000111111000011110000000100011100001001001100011001100100010001111101101000110011010111110100110011010000100111001111101
011110101000110100110000011101011111000001111110011111011010000111111000011110000000100011100001001001100011001100100010001111101101000110011010111110100000111101100100000000100010
011110101000110100110000011101011111000001111110011111011010000111111000011110000000100011100001001001100011001100100010110011100111101011000111011100001100110000111010101000111011
011110101000110100110000011101011111000001111110011111011010000111111000011110000000100011100001001001100011011110110001011111001011111111100000110011100100110000111010101000111011
011110101000110100110000011101011111000001111110011111011010000111111000011110000000100011100001001000001100001100010001001001110110000101000010111111111100110000111010101000111011
011110101000110100110000011101011111000001111110011111011010000111111000011010110100000101100111011111000011001010100001100000100101011111110010000000110000110000111010101000111011
011110101000110100110000011101011111000001111110011111011010000111111000011110000001010011100001001001100011001100100010001111101101000110100111111011011100110000111010101000111011
011110101000110100110000011101011111000001111110011111011010000111111000011110000100101111001111010011011100000010100001101110101110110111001000100110011100110000111010101000111011
011110101000110100110000011101011111000001111110011111011010000111111000011110000000100011100001001001100011001100100010001111101101000110100110001110011001000110100100111001111101
