001011011101001110010011111111110111011011001011111101101110000101110011111100011111101000101011010101010001001000111100010100000011010001000010111000111100100100110000001111101011
001101011001001110001011111001010011000000000100101011011111010100001100001011000101000111010100111101110011000001100000001110000110000000001010111000111100100100110000001111101011
001011011101001110010011111111110111011011001010010110001101100101110101001111101000011100101011010101010001001000111100010100000011010001000010111000111100100100110000001111101011
001100001010011010000000000011101100101100100000110001101100010111000011011101110010011101000001001010101111001000111100010100000011010001000010111000111100100100110000001111101011
001100001010011010000000000011110111111010000110010001101100010111000011011101110010011101000001001010101111001000111100010100000011010001000010111000111100100100110000001111101011
001100110010001100010110101001100011000101111101010110001101100101110101001111101000011100101011010101010001001000111100010100000011010001000010111000111100100100110000001111101011
001100001010011010000000000111100110110001100100001000100000010000001111100111000110101110111110011111100001100111001110011000000011010001000010111000111100100100110000001111101011
001100001010011010000000000011110111001100010001111110001001111101110011111100011111101000101011010101010001001000111100010100000011010001000010111000111100100100110000001111101011
001011011101001110010011111111110111011011001011100111100101011010100000111100011111101000101011010101010001001000111100010100000011010001000010111000111100100100110000001111101011
001011011101001110010011111111110111011011001010010001001101010000111110110110010011101001011101110100100000011000011011011110110101101111001010111000111100100100110000001111101011
001011011101001110010011111111110111011011001010101110011111010100001100001011000101000111010100111101110011000001100000001110000110000000001010111000111100100100110000001111101011
001011011101001110010011111111110111011101101100101101101111011101101111001001100011100010100000011101011111101010100011010111000011000000000001100110000001000111110110100000100001
001011011101001110010011111111110111011010000110111000000011001000111010000100110011001010110000000101110110000110110110111100100001010011110010101101011011111011010000001111101011
001011011101001110010011111111110111011101110101000010011111101110010001100011010110111100111100000101110110000110110110111100100001010011110010101101011011111011010000001111101011
001011100000010100110100000000111010000001010111000111000110000011010110011001110010001010110000000101110110000110110110111100100001010011110010101101011011111011010000001111101011
001101011001001110001011111001010011101001000011100010101010110110000111001100110110001111111101110011111110000000111100010100000011010001000010111000111100100100110000001111101011
001011010011010011101011101000000101111000101011011111111001101000010101111111001111011011001001001110111111111000110100000110100010010000100111100111001101001110010110100000100001
