11100011011100010111101110000010110111101001110011000010010111011001011101010100011111001100001110000111000001100111001100100110011010100100101100101100100101110001001011010100101011
11100011011100010111101110000010110111101001110011000010010111011011101011110011101000011100001110000111000001100111001100100110011010100100101100101100100101110001001011010100101011
11100011011100010111101110000010110111101001110011000010011111110111000100111011011100100101110110000111000001100111001100100110011010100100101100101100100101110001001011010100101011
11100011011100010111101110000010110111101001110011000010011111110111000100111011011110011001010111100111000001100111001100100110011010100100101100101100100101110001001011010100101011
00011000101000001011110111111000110011011000100010000011001001000010100010101000011111001100001110000111000001100111001100100110011010100100101100101100100101110001001011010100101011
00111100010011110011001101001010101110001000101110011100001111010100001010110001101111010101010010111010110101100111001100100110011010100100101100101100100101110001001011010100101011
11100011011100010111101110000010110111101001110011000010010111011001011101010110100001000100101111100111000001100111001100100110011010100100101100101100100101110001001011010100101011
00011000101000001011110111100010011111101011000101100110110000000100000101100101000111011000110111010000111010110001000101100110011010100100101100101100100101110001001011010100101011
00111100000111000011000011010101011111101011000101100110110000000100000101100101000111011000110111010000111010110001000101100110011010100100101100101100100101110001001011010100101011
00011000101000001011110111111000110011111000001011100100001100100000000101100101000111011000110111010000111010110001000101100110011010100100101100101100100101110001001011010100101011
11100011011100010111101110000010110111101001110011000010010111011001011101010100011111001001101010010001011000101001000101100110011010100100101100101100100101110001001011010100101011
00011000101000001011110111111000110011011000100010000011001001000010100010111011100101000101101000000111000001100111001100100110011010100100101100101100100101110001001011010100101011
11100011011100010111101110000010110111101001110011000010010111011001011101010100011111001001110111101111101001000111001100100110011010100100101100101100100101110001001011010100101011
11100011011100010111101110000010110111101001110011000010011111110111000100111011011110000010100010011000111010110001000101100110011010100100101100101100100101110001001011010100101011
11100011011100010111101110000010110111101001110011000010010000110111111101011110101110000101100100000100010000111111011010010001010110100100101100101100100101110001001011010100101011
11100011011100010111101110000010110111101001110011000010010111011001011101010100011111001100001110000111000001100111001100100110011010100100101100101100100101110001001011110011001011
11100011011100010111101110000010110111101001110011000010010111011001011101010110100001000100101111100111000001100111001100100110011010100100101100101100100101110001001011010100101011
