10111001111101000010100101001000100011111001010111111111101101110000110100110111011111100010101111011001011100000000101110100010001000001111100000001100100100010011100001101111101000
10111001111101000010100101001000100000000011110111111111101101110000110100110111011111100010101111011001011100000000101110100010001000001111100000001100100100010011100001101111101000
10111001111101000010100101001000100000110111011101101001101000010110011001101110111110001011110001111111001101000110010000000101100010111111101011011100000111011101100001101111101000
10111001111101000010100101001000100001010101000100100011100110010011000110100110001100011101101010011111000000010100110100001010001000001111100000001100100100010011100001101111101000
10111001111101000010100101001000100000110111011101101001101000010110011001101110111110001011110001111111001101000100101111110100011011000101000010010001000100010011100001101111101000
10111001111101000010100101001000100001010101000100100011100110010011000110100110001100011101101010011111000000010100110100001010001010100010000000000110100010110100111111010101101110
10111001111101000010100101001000100000110111011101101001101000010110011001101110111110001011110001111111001101000111111001110001110010010010011000001011101000101011001101000110111100
10111001111101000010100101001000100011111001010111111111101101110000110100110111011111100010101111011001011100000000101110100010001111111010100110010000101101000010011001101111101000
10111001111101000010100101001000100000110111011101101001101000010110011001101110111110001011110001111111001101000111111001110001110010010010011001100000100100010011100001101111101000
10111001111101000010100101001000100000110111011101101001101000010110011001101110111110001011110001111111001101000110010000101110011111011100100101111111100100010011100001101111101000
10111001111101000010100101001000100000000011110111111111101101110000110100110111011111100010101111011001011100000000101110100010001111111010100110010000101101000010011001101111101000
10111001111101000010100101000100000010010100110110010011010111001100100100001001010010001100011111011001011100000000101110100010001000001111100000001100100100010011100001101111101000
10111001111101000010100101001000100011111001010111111111101101110000110100110111011111100010101111011001011100000000101110100010001111111010100110010000101101000010011001101001101110
10111001111101000010100101001000100011111001010111111111101101110000110100110111011111100010101111011001011100000000101110100010001010100010000000000110100010110100111111010101101110
10111001111101000010100101001000100011111001010111111111101101110000110100110111011111100010101111011001011100000000101110100010001111111010100110010000101101000010011001011000010100
10111001111101000010100101001000100000110111011101101001101000010110011001101110111110001011110001111111001101000100101111011100001000001010000000001010101010000111010100111010110011
10111001111101000010100101001000100011111000010101011101010011100011100100101010001001101011100001011010011101101110000100111101110100100110100101000100101000100100100100010010011011
