11001010101000101101001011111011011100110111111001010101110000110000110010000110101011010110011111000011111111001001000101010001010100001001011110101001100101010000010100111101010001
11001010101000101101001011111011011100110111111001010101011001111001111011011001010111101010111111000011111111001001000101010001010100001001011110101001100101010000010100111101010001
11001010101000101101001011111011011100110111111001010110101101010001111011011001010111101010111111000011111111001001000101010001010100001001011110101001100101010000010100111101010001
11001010101000101101001011111011011100110111111001010101011010010100110100000010110010101101110111110000001110101011010011110101011110100100101111011101110010011101110100111101010001
11001010101000101101001011111011011100110111111001010010101010111111100000100101011011010110011111000011111111001001000101010001010100001001011110101001100101010000010100111101010001
11001010101000101101001011111011011100110111111001010101011010010100110100000010101001011010100111010011111111001001000101010001010100001001011110101001100101010000010100111101010001
11001010101000101101001011111011011100110111111001010101011001101100001111110010101001011010100111010011111111001001000101010001010100001001011110101001100101010000010100111101010001
11001010101000101101001011111011011100110111111001010101110110010110011010100001100110101001100101110111100101111100001110010111100101111101110000011000110011001100111000100111010001
11001010101000101101001011111011011100110111111001010101011011110100010010000010101001011010100111010011111111001001000101010001010100001001011110101001100101010000010100111101010001
11001010101000101101001011111011011100110111111001010110101100111010000110110010010011010101100101110111100101111100001110010111100101111101110000011000110011001100111000100111010001
11001010101000101101001011111011011100110111111001010101010011100011011101010001011001011010100111010011111111001001000101010001010100001001011110101001100101010000010100111101010001
11001010101000101101001011111011011100110111111001010110101100111010000110110010111110011111000011011001000100001110010011110101011110100100101111011101110010011101110100111101010001
11001010101000101101001011111011011100110111111001010101110011100011011101010001011001011010100111010011111111001001000101010001010100001001011110101001100101010000010100111101010001
11001010101000101101001011111011011100110111111001010101110000110000110010000110101011010110011111000011111111001001000101010001010100001001011001111111100100110100110001111101110001
11001010101000101101001011111011011100110111111001010101011001111001111011011001010111101010111111000011111111001001000101010001010100001001011001111111100100110100110001111101110001
11001010101000101101001011111011011100110111111001010110101101010001111011011001010111101010111111000011111111001001000101010001010100001001011001111111100100110100110001111101110001
11001010101000101101001011111011011100110111111001010101011001111010010001110110010111101010111111000011111111001001000101010001010100001001011001111111100100110100110001101100110010
