10110001001111110100101000110011101011100000011001011101010111100000010010110111000100111111100111000000101111110010101010011011000101110000001101101101100010000101011000011001000011
10110001001111110100101000111100011001001111110101010001001001110010000110011100110101100111011100011111011010011111100010011011000101110000001101101101100010000101011000011001000011
10110001001111110100101000111100011001001111110101010001001001110010000110011100111010101000000001011111011010011111100010011011000101110000001101101101100010000101011000011001000011
10110001001111110100101000110011101011000010111011101100010110111111001101101110000010101000000001011111011010011111100010011011000101110000001101101101100010000101011000011001000011
10110001001111110100101000110011101011000010111011101100010110111111001100100011010010000100000001011111011010011111100010011011000101110000001101101101100010000101011000011001000011
10110001001111110100101000110011101011000010111011101100010110111111001101101000111010100000010110100111101110011011100010011011000101110000001101101101100010000101011000011001000011
10110001001111110100101000111100011001001111100010101110001110011001011111010100001100101000000001011111011010011111100010011011000101110000001101101101100010000101011000011001000011
10110001001111110100101000111100011001001111110101010001001001110010000011000100011100101000000001011111011010011111100010011011000101110000001101101101100010000101011000011001000011
10110001001111110100101000110011101011000010111011101100010110111111001101101110001101000010100000100001101101001001001110010010100101110000001101101101100010000101011000011001000011
10110001001111110100101000111100011001001111110101010001001001110010000010101010111111010111101000010001001011101111100010011011000101110000001101101101100010000101011000011001000011
10110001001111110100101000110011101011000010111011101100010110111111001100100000110111001111000100001000101110101010000000011011000101110000001101101101100010000101011000011001000011
10110001001111110100101000110011101011100000011001011101010111100000010010110111000100111111100111000001101010011001111100110110100101110000001101101101100010000101011000011001000011
10110001001111110100101000110011101011000010111011101100010110111111001100100000110000011100110100101001110001100011000010011011000101110000001101101101100010000101011000011001000011
10110001001111110100101000111100011001001111110101010001001001110010000110011100110110110011011111010100011000010011111100110110100101110000001101101101100010000101011000011001000011
10110001001111110100101000110011101011100000011001011101010111100000010010110111000100111111100111000110100100100100001001001010000110111101010101001000100010011010101101000011001001
10110001001111110100101000110011101011100000011001011101010111100000010010110111000100111111100111000110100100100101010110100100011100011101010101001000100010011010101101000011001001
10110001001111110100101000110011101011100000011001011101010111100000010010110111000010101000000001011111011010011111100010011011000101110000001101101101100010000101011000011001000011
