00111010100101111111101101011011001111100000001100111111111001111100100100011001110110100100010000011101000110111100101100001001001010100011000011111001011000111000011000001110000010
00111010100101111111101101011011001111100000001100111111111001111100100100011001110110001111010100101001000110111100101100001001001010100011000011111001011000111000011000001110000010
00111010100101111111101101011011001111100000001100111111111001111100100100011001110001111111111001110011110011010111111010100100010000010110101000100011011100001111110001111000101110
00111010100101111111101101011011001111100001111010101000001010011011110011100010100000101111010100101001000110111100101100001001001010100011000011111001011000111000011000001110000010
00111010100101111111101101011011001111100000000101100110000111110101101000101111110100000000010100101001000110111100101100001001001010100011000011111001011000111000011000001110000010
00111010100101111111101101011011001111100000000101100110000111110101101000101110111010000111000011001101011100100001010110110111011011000100000011111001011000111000011000001110000010
00111010100101111111101101011011001111100000001100111111111001111100100100011001110110100111000011001101011100100001010110110111011011000100000011111001011000111000011000001110000010
00111010100101111111101101011011001111100000001100111111010011011010011110001000010001100011010100101001000110111100101100001001001010100011000011111001011000111000011000001110000010
00111010100101111111101101011011001111100000001100111111111001111100100100011000000011111001111001110011110011010111111010100100010000010110101000100011011100001111110001111000101110
00111010100101111111101101011011001111100000000101100110001001001111010110000000000010101101011001110011110011010111111010100100010000010110101000100011011100001111110001111000101110
00111010100101111111101101011011001111100000000101100110000111110101101000101100011010101001010100101001000110111100101100001001001010100011000011111001011000111000011000001110000010
00111010100101111111101110011111111011110000101010101110010000001011001111110010100000101111010100101001000110111100101100001001001010100011000011111001011000111000011000001110000010
00111010100101111111101101011011001111100000001100111111111001111100100100011001110001011111111001110011110011010111111010100100010000010110101000100011011100001111110001111000101110
00111010100101111111101101011011001111100000000101100110000111110101101000101110111010101100000111111001011100100001010110110111011011000100000011111001011000111000011000001110000010
00111010100101111111101101011011001111100000001100111111111001111100100100011001110111011010101010100011101001001010000000011010100110101111101100100100011000111000011000001110000010
00111010100101111111101101011011001111100000001100111111111001111100100100011001110110100110010000011101000110111100101100001001001010100011000011111001011000111000011000001110000010
00111010100101111111100011110000111110101010011111000101000110100110010101000111011001100011011000011001010100000111011000100000110101100001110110000100110010000011101111011110011101
