00000000001000001001100000111001111110011100010011111100000011001001101110011001100010011010000110110101100110110011100000111100010001001011010001011000101011011110
00000000001000001001100000111001101011110011111110111000000011001001101110011001100010011010000110110101100110110011100000111100010001001011010001011000101011011110
00000000001000001001100000111001101011111110010011111100000011001001101110011001100010011010000110110101100110110011100000111100010001001011010001011000101011011110
00000000001000001001100000111001111110011100010011111100000011001001101110011001100010011010000110110101100110110011100000111100010001001011010001011000101010101101
00000000001000001001100000111001110000101100010011111100000011001001101110011001100010011010000110110101100110110011100000111100010001001011010001011000101011011110
00000000001000001001100000111001111110000100010011111100000011001001101110011001100010011010000110110101100110110011100000111100010001001011010001011000101011011110
00000000001000001001100000111001111110011000010011111100000011001001101110011001100010011010000110110101100110110011100000111100010001001011010001011000101011011110
00000000001000001001100000111001111110011111100111111100000011001001101110011001100010011010000110110101100110110011100000111100010001001011010001011000101011011110
00000000001000001001100000111001111110010001100111111100000011001001101110011001100010011010000110110101100110110011100000111100010001001011010001011000101011011110
00000000001000001001100000111001101011110001111110111000000011001001101110011001100010011010000110110101100110110011100000111100010001001011010001011000101011011110
00000000001000001001100000111001101011110001110011111001000011001001101110011001100010011010000110110101100110110011100000111100010001001011010001011000101011011110
00000000001000001001100000111001101011110011111110111000000011001001101110011001100010011010000110110101100110110011100000111100010001001011010001011000101010101101
00000000001000001001100000111001111110111010110011111100000011001001101110011001100010011010000110110101100110110011100000111100010001001011010001011000101011011110
00000000001000001001100000111001111110010010110011111100000011001001101110011001100010011010000110110101100110110011100000111100010001001011010001011000101011011110
00000000001000001001100000111001101011111110010011111100000011001001101110011001100010011010000110110101100110110011100000111100010001001011010001011000101010101101
00000000001000001001100000111001101011110001110001111100000011001001101110011001100010011010000110110101100110110011100000111100010001001011010001011000101011011110
00000000001000001001100000111001111110011100010011111100000011001001101110011001100010011010000110110101100110110011100000111100010001001011010001011000101011011110
