11000101101011100101011101100111001000101110100011000000001000111110111000101101101100010000101110101010001000101110111010110001010011000111100000011111100010110111
11000110101110000011101001111110011110101110100011000000001000111110111000101101101100010000101110101010001000101110111010110001010011000111100000011111100010110111
11000110101110000011101001111110011111010101100101000000001000111110111000101101101100010000101110101010001000101110111010110001010011000111100000011111100010110111
11000101101011100101011101100111001000101110100011000000001000111110111000101101101100010000100000000110011000101110111010110001010011000111100000011111100010110111
11000110101110000011101001111110011111011011010001000000001000111110111000101101101100010000101110101010001000101110111010110001010011000111100000011111100010110111
11000101101011100101011110010111101101011110100011000000001000111110111000101101101100010000101110101010001000101110111010110001010011000111100000011111100010110111
11000110101110000011101001111110011111010100011001000000001000111110111000101101101100010000101110101010001000101110111010110001010011000111100000011111100010110111
11000101101011100101011110110010011110000000111100110000001000111110111000101101101100010000101110101010001000101110111010110001010011000111100000011111100010110111
11000101101011100101011101100111001000101100101001110000001000111110111000101101101100010000101110101010001000101110111010110001010011000111100000011111100010110111
11000101101011100101011110010111101101110000011001000000001000111110111000101101101100010000101110101010001000101110111010110001010011000111100000011111100010110111
11000101101011100101011110010101011111011011010001000000001000111110111000101101101100010000101110101010001000101110111010110001010011000111100000011111100010110111
11000101101011100101011101100111001000101110100011000000001000111110111000101101101100010000101110101010001000101110111010110001010011000111100000001010000010110011
11000110101110000011101001111110011110101110001101110000001000111110111000101101101100010000101110101010001000101110111010110001010011000111100000011111100010110111
11000101101011100101011101100111001000101110100011000000001000111110111000101101101100010000101110101010001000101110111010110001010011000111100000011111101110001101
11000110101110000011101001111110010001001101111100110000001000111110111000101101101100010000101110101010001000101110111010110001010011000111100000011111100010110111
11000101101011100101011101100111001000000011100011000000001000111110111000101101101100010000101110101010001000101110111010110001010011000111100000011111100010110111
11000101101011100101011101100111001000101110100011000000001000111110111000101101101100010000101110101010001000101110111010110001010011000111100000011111100010110111
