11110010110010110000101000111000100000110011110001010001111000111100100110011011000001010110101001010110111001110100001110000001110111011110111101000100110001010101
11110010110010110000101000111000100000110011110001010001111000111100100110011011000001010110101001010110111001110100001110000010101110110100110011110010010011010101
11110010110010110000101000111000100000110011110001010001111000111100100110011011000001010110101001010110111001110100001110000001110111011110111100100001101001010101
11110010110010110000101000111000100000110011110001010001111000111100100110011011000001010110101001010110111001110100001110000001100000011111010100100001101001010101
11110010110010110000101000111000100000110011110001010001111000111100100110011011000001010110101001010110111001110100001110000001110111011110111100100001101110100000
11110010110010110000101000111000100000110011110001010001111000111100100110011011000001010110101001010110111001110100001110000001110111011110111100011111000001010101
11110010110010110000101000111000100000110011110001010001111000111100100110011011000001010110101001010110111001110100001110000001110111011110111101001011101001010101
11110010110010110000101000111000100000110011110001010001111000111100100110011011000001010110101001010110111001110100001110000001110111011110110110001011101100001101
11110010110010110000101000111000100000110011110001010001111000111100100110011011000001010110101001010110111001110100001110000001111100110101000100101100101001010101
11110010110010110000101000111000100000110011110001010001111000111100100110011011000001010110101001010110111001110100001110000001110111011110111101100100101001010101
11110010110010110000101000111000100000110011110001010001111000111100100110011011000001010110101001001111011100100111111011100100111001101000000100101100101001010101
11110010110010110000101000111000100000110011110001010001111000111100100110011011000001010110101001010110111001110100001110000010101110110100110010011011101001010101
11110010110010110000101000111000100000110011110001010001111000111100100110011011000001010110101001010110111001110100001110000001110111011110111100010001101001010101
11110010110010110000101000111000100000110011110001010001111000111100100110011011000001010110101001010110111001110100001110000001110111011110110110001011101100011100
11110010110010110000101000111000100000110011110001010001111000111100100110011011000001010110101001010110111001110100001110000001110111011110111111000100101001010101
11110010110010110000101000111000100000110011110001010001111000111100100110011011000001010110101001001111011100100111111011100100111001101000000100100001101001010101
11110010110010110000101000111000100000110011110001010001111000111100100110011011000001010110101001010110111001110100001110000001110111011110110110001011101100001101
