11110011010001000111000111110100001110011011001111110010000000010100100000000110001101100110011101100101011100100111001010111100011011001100100111000000110010010011
11110011010001000101110111110100001110011011001111110010000000010100100000000110001101100110011101100101011100100111001010111100011011001100100111000000110010010011
11110011011011110001101001110100001110011011001111110010000000010100100000000110001101100110011101100101011100100111001010111100011011001100100111000000110010010011
11110011010001000111000111110100001110011011111010000111011100100010011001110110001101100110011101100101011100100111001010111100011011001100100111000000110010010011
11110011010001000111000111110100000001111011001111110010000000010100100000000110001101100110011101100101011100100111001010111100011011001100100111000000110010010011
11110011010001000101110010111101111110011011001111110010000000010100100000000110001101100110011101100101011100100111001010111100011011001100100111000000110010010011
11110011010001000111000111110100100011111011001111110010000000010100100000000110001101100110011101100101011100100111001010111100011011001100100111000000110010010011
11110011010001000111000111011111111001111011001111110010000000010100100000000110001101100110011101100101011100100111001010111100011011001100100111000000110010010011
11110011010001000111000000100100001110011011001111110010000000010100100000000110001101100110011101100101011100100111001010111100011011001100100111000000110010010011
11110011010001000111000111110100001110011100001111110010000000010100100000000110001101100110011101100101011100100111001010111100011011001100100111000000110010010011
11110011011011001111000111110100001110011011001111110010000000010100100000000110001101100110011101100101011100100111001010111100011011001100100111000000110010010011
11110011010001000101110010111100101011011011001111110010000000010100100000000110001101100110011101100101011100100111001010111100011011001100100111000000110010010011
11110011010001000111011110111100101011011011001111110010000000010100100000000110001101100110011101100101011100100111001010111100011011001100100111000000110010010011
11110011010001000111000111110100001110011011001111110010000000010100100000000110001101100110011101100101011100100111001010111100011011000010110111000000110010010011
11110011010001000111000111110100001110011011001111110010000000010100100000000110001101100110011101100101011100100111001010111100011011001100100111000000111100100000
11110011010001000111000111110100001110011011001111110010000000010100100000000110001101100110011101100101011100100111001010111100011000100100000000010000110010010011
11110011010001000111000111110100001110011011001111110010000000010100100000000110001101100110011101100101011100100111001010111100011011001100100111000000110010010011
