01001111110111110011111110110000000100111001011001010010111101001100010101011100000111010001101110001010001100111000000000101110011001110101010011010001101001110010
01001111110111110011111110110000000100111001011001010010111101000000001001011100000111010001101110001010001100111000000000101110011001110101010011010001101001110010
01001111110111110011111110110000000100111001011001010010111101000000001111011100000111010001101110001010001100111000000000101110011001110101010011010001101001110010
01001111110111110011111110110000000100111001011001010001000100000011101011011100000111010001101110001010001100111000000000101110011001110101010011010001101001110010
01001111110111110011111110110000000100111001011001010010111101001111101011011100000111010001101110001010001100111000000000101110011001110101010011010001101001110010
01001111110111110011111110110000000100111001011001010010111101001100010100011100000111010001101110001010001100111000000000101110011001110101010011010001101001110010
01001111110111110011111110110000000100111001011001010001000100000011100011011100000111010001101110001010001100111000000000101110011001110101010011010001101001110010
01001111110111110011111110110000000100111001011001010010111101000000000011011100000111010001101110001010001100111000000000101110011001110101010011010001101001110010
01001111110111110011111110110000000100111001011001010010111101000001110011011100000111010001101110001010001100111000000000101110011001110101010011010001101001110010
01001111110111110011111110110000000100111001011001010010111101001100010011011100000111010001101110001010001100111000000000101110011001110101010011010001101001110010
01001111110111110011111110110000000100111001011001010001000100101000011011000000011010100101110000001010001100111000000000101110011001110101010011010001101001110010
01001111110111110011111110110000000100111001011001010010111101001101101011011100000111010001101110001010001100111000000000101110011001110101010011010001101001110010
01001111110111110011111110110000000100111001011001010001000100000010001000111000011010100101110000001010001100111000000000101110011001110101010011010001101001110010
01001111110111110011111110110000000100111001011001010001000100101000011100100000011010100101110000001010001100111000000000101110011001110101010011010001101001110010
01001111110111110011111110110000000100111001011001010001000100101000011010000000011010100101110000001010001100111000000000101110011001110101010011010001101001110010
01001111110111110011111110110000000100111001011001010010111101001111110000011000011010100101110000001010001100111000000000101110011001110101010011010001101001110010
01001111110111110011111110110000000100111001011001010010111101001111110101011000000111010001101110001010001100111000000000101110011001110101010011010001101001110010
