11010000110001111100111111001011101011110010011100110101110010100110110100010011000011010000110010111101101010101101101110101011110010110100111110011001000001001000
11010000110001111100111111001011101011110010011100110101110010100001110000111101011000001001101011010011111100111010110000010000101010101010011011101101100001001000
11010000110001111100111111001011101011110011100101011101101011010110000111100001001001011011110000111111100110100001001101100101111000110000001101101101100001001000
11010000110001111100111111001011101011110010011100111111111011000000010101010001110001000111010111010001000111011010100101111000101010101010011011101101100001001000
11010000110001111100111111001011101011110010011100111111110011010110000111100001001001011011110000111111100110100001001101100101111000110000001101101101100001001000
11010000110001111100111111001011101011110010011100110101110010100110110100010011000011010000110010111101101001011110011000011010000001110001101101101101100001001000
11010000110001111100111111001011101011110010011100110101110010100110110100010011000011010000110010111101101101101010100101111000101010101010011011101101100001001000
11010000110001111100111111001011101011010110010010010100110011101010010111100001001001011011110000111111100110100001001101100101111000110000001101101101100001001000
11010000110001111100111111001011101011110010011100110101110010100001110000111101011000001001101011000111100010111110000101110010100001001010011011101101100001001000
11010000110001111100111111001011101011110010011100110101110010100001110000111100000011010100111010101011111000010001101110111000010100010010001001010101100001001000
11010000110001111100111111001011101011110010011100110101110010100001110000111100000011010101011101101110110110011110101110111100101000100000011011101101100001001000
11010000110001111100111111001011101011110010011100110101110010100110110100010011000011010000110010111101101001110110100101101110001010000001001000011010110001001000
11010000110001111100111111001011101011110010011100110101110010100001110000111101011000001001101011010011111100111010101011101101001111101011000011111111010001001000
11010000110001111100111111001011101011110011100100001010100001110010000010101010100110111000110100011111001110010001101110111000010100010010001001010101100001001000
11010000110001111100111111001011101011110010011100110101110010100001110000111100000011010101011101101010001000011100101010001101101100101110001001010101100001001000
11010000110001111100111111001011101011110010011100110101110010100001110000111101011000001001101011000111100010111110000101110010110111011000100010111101100001001000
11010000110001111100111111001011101011110010011100110101110010100001110000111100000011010101011101100111111011010011100100110000000101000111111110101101111111110010
