00011000111111110010000001110101001110100111110110101110100001110111111000010000011101100100101000011110100111100000111010000110011101110000011110111010111111000100
00011000111111110010000001110101001110100111110110101110100110111100101000000110011101100100101000011110100111100000111010000110011101110000011110111010111111000100
00011000111111110010000001110101001110100110110101111010100110111100101000000110011101100100101000011110100111100000111010000110011101110000011110111010111111000100
00011000111111110010000001110101001110100111110110101110100001110111110000000110011101100100101000011110100111100000111010000110011101110000011110111010111111000100
00011000111111110010000001110101001110100111110111001000110001001011111000010000011101100100101000011110100111100000111010000110011101110000011110111010111111000100
00011000111111110010000001110101001110100111110110101110100001110111011011011011101101100100101000011110100111100000111010000110011101110000011110111010111111000100
00011000111111110010000001110101001110100111110110101110100001110110110010101010011101100100101000011110100111100000111010000110011101110000011110111010111111000100
00011000111111110010000001110101001110100110110100011100110110010011101011101011101101100100101000011110100111100000111010000110011101110000011110111010111111000100
00011000111111110010000001110101001110100111110110101110100110111100100000101110101010001100101000011110100111100000111010000110011101110000011110111010111111000100
00011000111111110010000001110101001110100110110101111010100010000000100000010111110001100100101000011110100111100000111010000110011101110000011110111010111111000100
00011000111111110010000001110101001110100110110101111010100110101110011100010000011101100100101000011110100111100000111010000110011101110000011110111010111111000100
00011000111111110010000001110101001110100111110110101110100010010011101011101011101101100100101000011110100111100000111010000110011101110000011110111010111111000100
00011000111111110010000001110101001110100110110101111010100110111100100000101110101010001100101000011110100111100000111010000110011101110000011110111010111111000100
00011000111111110010000001110101001110100111110110101110100110110100111110010100101010001100101000011110100111100000111010000110011101110000011110111010111111000100
00011000111111110010000001110101001110100110110101111010100110110100111110010100101010001100101000011110100111100000111010000110011101110000011110111010111111000100
00011000111111110010000001110101001110100111110110101110100001110111110000011110101010001100101000011110100111100000111010000110011101110000011110111010111111000100
00011000111111110010000001110101001110100111110110101110100001110111111000010000011101100100101000011110100111100000111010000110011101110000011110111010111111000100
