01111101101100110000000001001000001111111101011010100100100111100000111111100000001001101111001011100000101100011111101110101101010101111101011000110110101001101001
01111101101100110000000001001000001111111101011010100100100111100000111111100000001001101111001011100000101011111010001001011100000010000100010011010110101001101001
01111101101100110000000001001000001111111101011010100100100111100000111111100000001001101111001011100000101100001111110101010001001011111101001001101011011101101001
01111101101100110000000001001000001111111101011010100100100111100000111111100000001001101111001011100000101000010000010011011101011101101011001010001011011101101001
11001111111011100111111010010000011110011010011011010111010000110000110001001010111101110001001111001110110011101101111110110110000110011100011011011001000000110110
01111101101100110000000001001000001111111101011010100100100111100000111111100000001001101111001011100000101100011111101110101101010101111101011001101011011011000001
01111101101100110000000001001000001111111101011010100100100111100000111111100000001001101111001011100000101100000100001001110100000111111101001001101011011101101001
01111101101100110000000001001000001111111101011010100100100111100000111111100000001001101111001011100000101100001110001001100110000100111111101011111100110101100001
11010100100111010001000011111010010000001010001010100000000000111111010010100100011100100110110000101001111000101110111100101010001100101001111000011101110111010011
01111101101100110000000001001000001111111101011010100100100111100000111111100000001001101111001011100000101000101110111100101010001100101001111000011101110111010011
01111101101100110000000001001000000111101011001000010011001100101001000010110100011111000000011111101111101010010011001111010101001011111001111000011101110111010011
01111101101100110000000001001000001111111101011010100100100111100000111111100000001001101111001011100000101100011111101110101101010101111101010110010001011100010101
11010100100111010001000011111010010000001010001010100000000000111111010010100100011100100110110000101001110100011000011011011010111011011100011011011001000000110110
01111101101100110000000001001000001111111101011010100100100111100000111111100000001001101111001011100000101100000000111000000101001101000011101011000010011010010001
01111101101100110000000001001000001111111101011010100100100111100000111111100000001001101111001011100000101100000001110001101010111100101101001001101011011101101001
01111101101100110000000001001000001111111101011010100100100111100000111111100000001001101111001011100000101100010101000011111000000111011111010000011010000010101010
00000101001001110001110010110110110000001100101110110001100111101000011100110011011110011100100100100011101110011000100111001001110111100100001001010111011000100110
