00011111110011010011010101101001111010000010000000101011001101001000100101000111110000111011010000000110000111111110110100010000100010100001110111001010110011011110
00011111110011010011010101101001111010000010000000101011001101001000100101000111110000110110010000000110000111111110110100010000100010100001110111001010110011011110
00011111111111101011010101101001111010000010000000101011001101001000100101000111110000111011010000000110000111111110110100010000100010100001110111001010110011011110
01110110011001011101101111101001111010000010000000101011001101001000100101000111110000111011010000000110000111111110110100010000100010100001110111001010110011011110
00011111110011010011010101101001111010000010000000101011001101001000100101000111110000111011010000000110000111111110110100010000001001111001110111001010110011011110
00011111110011010011010101101001111010000010000000101011001101001000100101000111110000111011010000000110000111111110110100010000100010100001100000101110100110111000
00011111110011010011010101101001111010000010000000101011001101001000100101000111110000111011010000000110000111111110110100010000111001111001110111001010110011011110
00011111110011010011010101101001111010000010000000101011001101001000100101000111110000111011010000000110000111111110110100010000100010101001110111001010110011011110
00011111110011011101101111101001111010000010000000101011001101001000100101000111110000111011010000000110000111111110110100010000100010100001110111001010110011011110
00011111110011010011010101100001111010000010000000101011001101001000100101000111110000111011010000000110000111111110110100010000100010100001110111001010110011011110
00011111110011010011010101101001111010000010000000101011001101001000100101000111110000111011010000000110000111111110110100010000111110101001110111001010110011011110
00011111110011010011010101101001111010000010000000101011001101001000100101000111110000111011111101000110000111111110110100010000100010100001110111001010110011011110
01110110010101100100010101101001111010000010000000101011001101001000100101000111110000111011010000000110000111111110110100010000100010100001110111001010110011011110
01101010100011011101101111101001111010000010000000101011001101001000100101000111110000111011010000000110000111111110110100010000100010100001110111001010110011011110
00011111110011010011010101101001111010000010000000101011001101001000100101000111110000111011010000000110000111111110110100010000100010111011110111001010110011011110
00011111110011010011010101101001111010000010000000101011001101001000100101000111110000111011010000000110000111111110110100010000101010101001110111001010110011011110
00011111110011010011010101101001111010000010000000101011001101001000100101000111110000111011010000000110000111111110110100010000100010100001110111001010110011011110
