10010001001100100100110011001011000010110101110110010100111110101001100111010010100000001000110111101110001111101101001010011101011001010111010001011010010101100110
10010001001100100100110011001011000010110101110110010100111111111111110101111001100010000100010011101110001111101101001010011101011001010111010001011010010101100110
10010001001100100100110011001011000010110101110110010100111111111111110110100111100110101010001100010110111100001111010010110001101111101111011100101101111001010000
10010001001100100100110011001011000010110101110110010100111111111111110101111001111000010000001100010110111100001111010010110001101111101111011100101101111001010000
10010001001100100101111101100001000011000001001010100110111100111100010111101101010100001010001100010110111100001111010010110001101111101111011100101101111001010000
10010001001100100100110011001011000010111110001110100110010110110111111111011100001111111111011100010110111100001111010010110001101111101111011100101101111001010000
10010001001100100100110011001011000010111001110000100111000000100000010101001110100101011010101001101110001111101101001010011101011001010111010001011010010101100110
10010001001100100100110011001011000010011101000010110000101110000000101110100111100110101010001100010110111100001111010010110001101111101111011100101101111001010000
10010001001100100100110011001000000101000001001010100110111100111100010111101101010100001010001100010110111100001111010010110001101111101111011100101101111001010000
10010001001100100101111101011010100101110100101000111111100110110000001010111111111111011010101001101110001111101101001010011101011001010111010001011010010101100110
10010001001100100100111111010011010100100111001010100110111100111100010111101101010100001010001100010110111100001111010010110001101111101111011100101101111001010000
10010001001100100100110011001011000010110101110110010100111111110010111000100010100000001000110111101110001111101101001010011101011001010111010001011010010101100110
10010001001100100101111101100001000011000001001010100110111100111100010111101100001111111111011100010110111100001111010010110001101111101111011100101101111001010000
10010001001100100000010010000110010011000001001010100110111100111100010111101101010100001010001100010110111100001111010010110001101111101111011100101101111001010000
10010001001100100100110011001011001101001010110000001001100001101011000011111011010000010000001100010110111100001111010010110001101111101111011100101101111001010000
10010001001100100100110011001000000101000001001010100110111100111100010111101100001111111111011100010110111100001111010010110001101111101111011100101101111001010000
10010001001100110101010100000111111111110100101010111010111100011111001000001100000000010011000011000100100011100101011100001111100101110101110111110100100111011110
