11110110000111110010101100110011000110110110011000111011011101100010001110110001100001101010011000101100100001100011110101010010101000101001011111111101111110011011
11110110000111110010101100110011000110110110011000111011011101100010000011111001110010111000111101110000111001100011110101010010101000101001011111111101111110011011
10101100011011100001010010001000110111001111111001100111100100110001000111001110001010111000111101110000111001100011110101010010101000101001011111111101111110011011
11110110000111110010101100110011000110110110011000111011011101100010001101110101001010111000111101110000111001100011110101010010101000101001011111111101111110011011
11110110000111110010101100110011000110110110011000111011011101100010001110110001100001101010011111111000010000110000010000111100100010100101011111000011110110011011
11110110000111110010101100110011000110110110011000111011011101100010001110110001111010111000111101110000111001100011110101010010101000101001011111111101111110011011
11110110000111110010101100110011000110110110011000111011011101100010001101110001110010111000111101110000111001100011110101010010101000101001011111111101111110011011
11110110000111110010101100110011000110110110011000111011011101100010001110110001100100101001100100011100110110000000010100010000011010111110100010101100000000011011
11110110000111110010101100110011000110110110011000111011011101100010001110110001100100101010100001110110100100011111110011110010101000101001011111111101111110011011
11110110000111110010101100110011000110110110011000111011011101100010001110110001100001101010011111111000010000110000010000111100100010100101011100010100000000011011
11110110000111110010101100110011000110110110011000111011011101100010001101101010010100111101001111110110100100011111110011110010101000101001011111111101111110011011
11110110000111110010101100110011000110110110011000111011011101100010001110110001100100011000010000110010100111011010100011101001011101011101101111000011110110011011
11110110000111110010101100110011000110110110011000111011011101100010001101110101011010010111010101011100000111101111010110100001010111100101101111000011110110011011
11110110000111110010101100110011000110110110011000111011011101100010001110110001100001101010011111111000001111111001000100011101100000010111001011000110100000011011
11110110000111110010101100110011000110110110011000111011011101100010001101101010010100111100110011101010010011110100100001110001011000001101011010001001111110011011
11110110000111110010101100110011000110110110011000111011011101100010001101101010010100111100110011101011001011001101111011000100000100111010001010001001111110011011
10010100101101101111111000100101000100100000111110011111110000001001000110101000011100110011001011111001000111001010110110001010001101010001101101101101010110100011
