11111110010000001011111111001100001001010101111000110111001001010001110110101001101000111111111110110010000000001101101111001100000011011110001101111111111000110010
11111110111001111011111111001100001001010101111000110111001001010001110110101001101000111111111110110010000000001101101111001100000011011110001101111111111000110010
11111110010000001011111111001100001001010101111000110111001001010001110110101001101000111111111110110010000000001101101111000111000010101001110110111010111000110010
11111110111001111011111111001100001001010101111000110111001001010001110110101001101000111111111110110010000000001101101111000111000010101001110110111010111000110010
11111110010000001011111111001100001001010101111000110111001001010001110110101001101000111111111110110010000000001101101111000111000010101001110110111001001100000010
11111110010000001011111111001100001001010101111000110111001001010001110110101001101000111111111110110010000000001101101111000111000010101001110110111001000010111000
11111010000000111011111111001100001001010101111000110111001001010001110110101001101000111111111110110010000000001101101111001100000011011110001101111111111000110010
11111110010000001011111111001100001001010101111000110111001001010001110110101001101000111111111110110010000000001101101111000111000010101001110110111000001000110010
11111110111001111011111111001100001001010101111000110111001001010001110110101001101000111111111110110010000000001101101111000111000010101001110110111001001100000010
11111010001001111011111111001100001001010101111000110111001001010001110110101001101000111111111110110010000000001101101111001100000011011110001101111111111000110010
11111110001011101101100001001100001001010101111000110111001001010001110110101001101000111111111110110010000000001101101111001100000011011110001101111111111000110010
11111110010000001011111111001100001001010101111000110111001001010001110110101001101000111111111110110010000000001101101111000111000010101001110110111001000010110010
11111110111001111011111111001100001001010101111000110111001001010001110110101001101000111111111110110010000000001101101111000111000010101001110110111001000010111000
11111010000000111011111111001100001001010101111000110111001001010001110110101001101000111111111110110010000000001101101111000111000010101001110110111010111000110010
11111110010000001011111111001100001001010101111000110111001001010001110110101001101000111111111110110010000000001101101111000111000010101001110110111001000011001110
11111110010000001011111111001100001001010101111000110111001001010001110110101001101000111111111110110010000000001101101111000111000010101001110110111010100110000010
11111110010000001011111111001100001001010101111000110111001001010001110110101001101000111111111110110010000000001101101111001100000011011110001101111111111000110010
