10010000100111011100001010000001101100100011011011110110000011000111101001100100000000101111000000110000111111111101101111111110110100101000010010011111110110000110
10010000100111011100001010000001101100100011011011110110000011000111101001100100000000101111000000110000111111111101101111111110110100101000010010010001111101111010
10010000100111011100001010000001101100100011011011110110000011000111101001100100000000101111000000110000111111111101101111111110110100101000010010011110011101111010
10010000100111011100001010000001101100100011011011110110000011000111101001100100000000101111000000110000111111111101101111111110110100101000010010010111011101111010
10010000100111011100001010000001101100100011011011110110000011000111101001100100000000101111000000110000111111111101101111111110110100101000010010010110011101111010
10010000100111011100001010000001101100100011011011110110000011000111101001100100000000101111000000110000111111111101101111111110110100101000010010000011110110000110
10010000100111011100001010000001101100100011011011110110000011000111101001100100000000101111000000110000111111111101101111111110110010101110101001100011110110000110
10010000100111011100001010000001101100100011011011110110000011000111101001100100000000101111000000110000111111111101101111111111000101111111001111110110011101111010
10010000100111011100001010000001101100100011011011110110000011000111101001100100000000101111000000110000111111111101101111111110110100101000011100000010010111111010
10010000100111011100001010000001101100100011011011110110000011000111101001100100000000101111000000110000111111111101101111111110110010101110101001100010010111111010
10010000100111011100001010000001101100100011011011110110000011000111101001100100000000101111000000110000111111111101101111111110110100101000010010011111110111111010
10010000100111011100001010000001101100100011011011110110000011000111101001100100000000101111000000110000111111111101101111111110110100101000010011100001111101111010
10010000100111011100001010000001101100100011011011110110000011000111101001100100000000101111000000110000111111111101101111111110110100101000010011100010010111111010
10010000100111011100001010000001101100100011011011110110000011000111101001100100000000101111000000110000111111111101101111111110110100101000011100111111011101111010
10010000100111011100001010000001101100100011011011110110000011000111101001100100000000101111000000110000111111111101101111111110110100101000011100111110010111111010
10010000100111011100001010000001101100100011011011110110000011000111101001100100000000101111000000110000111111111101101111111110110100101000010010011110010111111010
10010000100111011100001010000001101100100011011011110110000011000111101001100100000000101111000000110000111111111101101111111110110100101000011101100011110110000110
