00100101010101001101000100111010101111100111000011100100110101001111011111101110001100010100001010011101100000100000100110000000010000101000111011010101000010101011
00100101010101001101000100111010101111100111000011100100110101001110001101100011100000011101010000101100011111010011111111001001000011001001111001100111010100010001
00100101010101001101000100111010101111100111000011100100110101001110001101100011100000011101010000101100011111010011111111001001101000111001011100010100001110110011
00100101010101001101000100111010101111100111000011100100110101001110001101100011100000011101010000101100011111010011111111001001000011001001111001100100001110110011
00100101010101001101000100111010101111110000010001100110111000010100011100101110101010111001010101110101111110010001001101011110101111100100010101101011101010101011
00100101010101001101000100111010101111110000010001100110111000010100011100101110101010111001010101111011000100010000110001000011001100010100110000011001101010101011
00100101010101001101000111101101110100110100000010011111000010000000101010000100101010000010111001100110010001011111100000011100011000111110101000000000110010110011
00100101010101001101000100111010101111100111000011100100110101001111011111101110001100010100001010011101100111111010010000101100111010000011000001110001101010101011
00100101010101001101000100111010101111100111000011100100110101001111011111101111011000010000011101111101101000000011110001010011100101000000010000110000100010101011
00100101010101001101000100111010101111100111000011100100110101001111011111101110001100010100001010011101100111111010010000111001101000111001011100010100001110110011
00100101010101001101000100111010101111110000010001100110111000010100011100101110101010111001010101110101111110010001001101011110101111100100010110110000010010101011
00100101010101001101000100111010101111100111000011100100110101001111011111101111011000010000011101111101101000000011110001010011100101000000010000110011110100110011
00100101010101001101000111101101110100110100000010011111000010000000101010000100101010000010111001100110010001011111100000011100011000111110101001101000110110101011
00100101010101001101000100111010101111110000010001100110111000010100011100101110101010111001010101110101111110010001001101011110101110001101111111100100001110110011
00100101010101001101000100111010101111110000010001100110111000010100011100101110101010111001010101111011000100010000110001000011001100010100110000010110001010101011
00100101010101001101000111101101110100110100000010011111000010000000101010000100101010000010111001100110010001010011011000001110001001111011101110000011101010101011
00100101010101001101000111101101110100110100000010011111000010000000101010000100101010000010111001100110010001010011011000001110001001111011101110000011101001110011
