01111111001010000111100001111010110000001101100000101000111101010100111101101011000010111000010101110000100001001100111011101010100111001000010100000110010100100110
01111111001000001011011010010011100101000111000100101101101111111100111101101011000010111000010101110000100001001100111011101010100111001000010100000110010100100110
01111111100011001000011110111100100011011010001001110100100101100001000111000000010110001100001101101100101111001000101010000001111001011011111010001010010100100110
01111111001010000111100001111010110000001101100000101000111101010100111101101011000010111000010101110000100001001100111011101010110111001101101101011010010100100110
01111111001010000111100001111010110000001101100000101000111101010100111101101011000010111000010101110000100001001100111011101010100111110110111011110001000100100110
01111111100011001000011110111100100011011010001001110100100101100001000111000000010110001100001101101100101111001000101010000001100100100010111011110001000100100110
01111111001010000111100011001000100110010011000100101101101111111100111101101011000010111000010101110000100001001100111011101010100111001000010100000110010100100110
01111111100011001000011110111100100011011010001000001011100011100110001100010000001010100010100010111000010111101001000011001111001100111001101010010001000100100110
01111111001010000111100001111010110000001101100000101000111101010100111101101011000010111000010101110000100001001100111011101010100111001000010100010001111010110110
01111111100011001000011110111100100011011010001001110100100101100001000111000000010110001100001101101100101111001000101010000001100011010111000101111101000100100110
01111111100011001000011110111100101100111001100000101000111101010100111101101011000010111000010101110000100001001100111011101010100111001000010100000110010100100110
01111111001010000111100001111010110000001101100000101000111101010100111101101011000010111000010101110000100001001100111011101010100111001000010100010001111010000010
01111111100011001000011110111100100011011010001001110100100101100001000111000000010110001100001101101100101111001000101010000000010110010111011000111000001110000010
01111111100011001000011110111100100011011010001001110100100101100001000111000000010110001100001101101100101111001000101010000000010100110101011110110001101100011010
01111111001010000111100001111010110000001101100000101000111101010100111101101011000010111000010101110000100001001100111011101010100111001000010100000110010100101010
01111111100011001000011110111100100011011010001001110100100101100001000111000000010110001100001101101100101111001000101010001010101110111000010001001010111000000100
01111111001010011010110110100010010011000101000010000011101110001100010011010111100011011101010010001011010000001101101010011001110010101101011010000011110110101010
