01110010000101000111010100111001010100000111011000101000001100010010001111100101000100000000001100010111110011101000001011010110010001110111000001001111110100011100
01110010000101001101100001011001010100000111011000101000001100010010001111100101000100000000001100010111110011101000001011010110010001110111000001001111110100011100
01110010000101000110010100111001010100000111011000101000001100010010001111100101000100000000001100010111110011101000001011010110010001110111000001001111110100011100
01110010000101001010010100111001010100000111011000101000001100010010001111100101000100000000001100010111110011101000001011010110010001110111000001001111110100011100
01110010000101010100100001011001010100000111011000101000001100010010001111100101000100000000001100010111110011101000001011010110010001110111000001001111110100011100
01110010000101000111010100111001010100000111011000101000001100010010001111100101000100000000001100010111110011101000001000111000100111110001000010001111000000010000
01110010010101000111010100111001010100000111011000101000001100010010001111100101000100000000001100010111110011101000001011010110010001110111000001001111110100011100
01110010000101000111010100111001010100000111011000101000001100010010001111100101000100000000001100010111110011101000001011010110010001110111000001001111110101110000
01110010000101000000100001011001010100000111011000101000001100010010001111100101000100000000001100010111110011101000001011010110010001110111000001001111110100011100
01110001001111111000001100111001010100000111011000101000001100010010001111100101000100000000001100010111110011101000001011010110010001110111000001001111110100011100
01110010000101000111010100111001010100000111011000101000001100010010001111100101000100000000001100010111110011101000000000010010101010000001000010001111000000010000
01110001001111111011100001011001010100000111011000101000001100010010001111100101000100000000001100010111110011101000001011010110010001110111000001001111110100011100
01110010000101000111011100111001010100000111011000101000001100010010001111100101000100000000001100010111110011101000001011010110010001110111000001001111110100011100
01110010000101000111010100111001010100000111011000101000001100010010001111100101000100111000011010000001001100010010100100010111001010000001000010001111000000010000
01110010000101000110011011011001010100000111011000101000001100010010001111100101000100000000001100010111110011101000001011010110010001110111000001001111110100011100
01110010000101011100001010000011010100000111011000101000001100010010001111100101000100000000001100010111110011101000001011010110010001110111000001001111110100011100
01110010000101000111010100111001010100000111011000101000001100010010001111100101000100000000001100010111110011101000001011010110010001110111000001001111110100011100
