01100000011110000110111111011011001010101011000100011101001010011101001011011111010100111001011101000101101001110110111010111100011001011100011000010101110011111110
01100000011110000110111111011011001010101011000100011101001010111001001110000101010100111001011101000101101001110110111010111100011001011100011000010101110011111110
01100000011110000110111111011011001010101011000100011101110100110011010111010000110110010101011101000101101001110110111010111100011001011100011000010101110011111110
11011000100000100011101011010110000000011000011011011101010100001100110001001111000111011001011101000101101001110110111010111100011001011100011000010101110011111110
01100000011110000110111111011011001010101011000100011101001010011101110101100101010100111001011101000101101001110110111010111100011001011100011000010101110011111110
01100000011110000110111111011011001010101011000100011101001011111100000100000101101010010101011101000101101001110110111010111100011001011100011000010101110011111110
01100000011110000110111111011011001010101011000100011101001010111110110110011011010000010101011101000101101001110110111010111100011001011100011000010101110011111110
01100000011110000110111111011011001010101010000110101111011101010000010111010000110110010101011101000101101001110110111010111100011001011100011000010101110011111110
00100101100101000011101011010110000000011000011011011101010100001100110001001111000111011001011101000101101001110110111010111100011001011100011000010101110011111110
01100000011110000110111111011011001010101011000100011101001010111110110111010000110110010101011101000101101001110110111010111100011001011100011000010101110011111110
01100000011110000110111111011011001010101010001110111001001111000111100010000101010100111001011101000101101001110110111010111100011001011100011000010101110011111110
11011000100001010010111001010100110010001111111101101010011101110001110010000101010100111001011101000101101001110110111010111100011001011100011000010101110011111110
01100000011110000110111111011011001010101011000100011101001010111110101001110111010100111001011101000101101001110110111010111100011001011100011000010101110011111110
01100000011110000110111111011011001010101011000100011101001010111110100111010000110110010101011101000101101001110110111010111100011001011100011000010101110011111110
01100000011110000110111111011011001010101011000100011101001010110111110111010000110110010101011101000101101001110110111010111100011001011100011000010101110011111110
01100000011110000110111111011011001010101011000111000000011100000100110111110011111000011111110110000000101110010000010100111010011010110010001110000111001111111110
10001011011111010010010110100110000000100011010000001011111000011110011000100011111001110001010100010111101001110110111010111100011001011100011000010101110011111110
