10110111111101010000000011000010111000010001110010011010011011110100101011111001110101100111010010101011000100010101000100011010100101010111000101001000011011001111
10110111111101010000000011000010111000010001110010011010011011110110000101000011110101100111010010101011000100010101000100011010100101010111000101001000011011001111
10110111111101010000000011000010111000010001110010011010011011110100101101000011110101100111010010101011000100010101000100011010100101010111000101001000011011001111
10110111111101010000000011000010111000010001110010011010011011110110011111000011110101100111010010101011000100010101000100011010100101010111000101001000011011001111
10110111111101010000000011000010111000010001110010101110001100000001010101000011110101100111010010101011000100010101000100011010100101010111000101001000011011001111
10110111111101010000000011000010111000010001110010011010011011110100101011111001110100010101111011110001110000000010100001110011001101011001010110011001110101110101
10110111111101010000000011000010111000010001110010011010011011110100100100010101110101100111010010101011000100010101000100011010100101010111000101001000011011001111
10110111111101010000000011000010111000010001110010101111111010010100010101000000001101111101110111100001010000011100011011110011110001110111101110010000000011001111
10110111111101010000000011000010111000010001110010011010011011110100101011111001111101010101011011101001110110000010100001110011001101011001010110011001110101110101
10110111111101010000000011000010111000010001110010011010010011100000010111110001100010000111001110100011010010000010100001110011001101011001010110011001110101110101
10110111111101010000000011000010111000010001110010011010011011110100100110001110000101100111010010101011000100010101000100011010100101010111000101001000011011001111
10110111111101010000000011000010111000010001110010011010011011110100101010111000111110010000101100111001110110000010100001110011001101011001010110011001110101110101
10110111111101010000000011000010111000010001110010011010011011110100100101000011110101100111010010101011000100010101000100011010100101010111000101001000011011001111
10110111111101010000000011000010111000010001110010011010011011110100101011111001110100010101110010000011110101100101001000101101000010101100011000010100101101110101
10110111111101010000000011000010111000010001110010101111111010010101010001111000000000010000011011110101100110110001101000000110000010101100011000010100101101110101
10110111111101010000000011000010111000010001110010101111111010010101011001101110010010100110101100100101101000010000101000101101000010101100011000010100101101110101
10110111111101010000000011000010111000010001110010011010011011110100100010010101110101100111010010101011000100010101000100011010100101010111000101001000011011001111
