11111110010111010101100111000101101110000011000100011010001000110110011011111110101101100001010101110110010111101001010001101001111000101110100010101110100101101111
00100101101011001000000110000111011100011010001011100101001110101010001111000010000000000100111000001101110110101011100011110011011100101000000001111111110110100001
11111110010111010101100111000101101110000011000100011010001000110110011011111110101101100001010101110110010111101001010001100111011111111110100010101110100101101111
11111110010111010101100111000101101110000011000100011010001000110110011011111110101101100001010101110110010111101001010001110101010010111110100010101110100101101111
00100101101011001001101111010011111100100100100100011010001000110110011011111110101101100001010101110110010111101001010001101001111000101110100010101110100101101111
11111110010111010101100111000101101110000011000100011010001000110110011011111110101101100001010101110110010111100111100101001110101000101110100010101110100101101111
11111110010111010101100111000101101110000011000100011010001000110110011011111110101101100001010101110110010111101001010001100100110100000100100010101110100101101111
00100101101011001000000110000111011100011010001011100101001110101010001111000010000000000100111010101011011101001101010100100011011100101000000001111111110110100001
11111110010111010101100111000101101110001101101100011010001000110110011011111110101101100001010101110110010111101001010001101001111000101110100010101110100101101111
11111110010111010101100111000101101110000011000100011010001000110110011011111110101101100001010101110110010111101001010001110010100111000000011100100100110101101111
00100101101011001001101111010011111100110010110110101111101010100000001001000010000000000100111000001101110110101011100011110011011100101000000001111111110110100001
11111110010111010101100111000101101110000011000100011010001000110110011011111110101101100001010101110110010111101001010001110010101000010000011100100100110101101111
00100101101011001000000110000111011100011010001011100101001110101011111010011110110110111101011101100000000101011011000110000000101100001110010001101110100101101111
11111110010111010101100111000101101110001101100101011000111010100000001001000010000000000100111000001101110110101011100011110011011100101000000001111111110110100001
00100101101011001001101111010011111100100100100100011010001000110110011011111110101101100001010101110110010111101001010001100111011111111110100010101110100101101111
00100101101011001001101111010011111100100100100100011010001000110110011011111110101101100001010101110110010111101001010001110101010010111110100010101110100101101111
10100100100101111010011001101000011110011000010110100010101110111001000001010000011110010101011011010100010100111101101101010111000100101000000001111111110110100001
