10100110011011010011110011100010000111111100000101111100001101100100011000110101101100000010011111001111000101111001110110001011111010001100001100110101000111111000
10100110011011010011110011100010000111111100000101111100001101100100011000110101101100000010010010000101100101111001110110001011111010001100001100110101000111111000
10100110011011010011110011100010000111111100000101111100001101100100011000110111101001100101001111010100111101111001110110001011111010001100001100110101000111111000
10100110011011010011110011100010000111111100000101111100001101100100011000110111101001100101001111001111000101111001110110001011111010001100001100110101000111111000
10100110011011010011110011100010000111111100001011100111110110010110010110001010100011000001001010001110001101111001110110001011111010001100001100110101000111111000
10100110011011010011110011100010000111111100001011100011111100110100010110001010100011000001001010001110001101111001110110001011111010001100001100110101000111111000
10100110011011010011110011100010000111111100001010010101011001000100110011100100011100010000111000010100111101111001110110001011111010001100001100110101000111111000
10100110011011010011110011100010000111111100000101111100001101100100011000110111101001100010111010101010101101111001110110001011111010001100001100110101000111111000
10100110011011010011110011100010000111111100001011100011111100110100010110011100100011110101111100100100111101111001110110001011111010001100001100110101000111111000
10100110011011010011110011100010000111111100001010011111100010110000111000011100100011110101111100100100111101111001110110001011111010001100001100110101000111111000
10100110011011010011110011100010000111111100001011101001011000110001011010110011111000000010011111001111000101111001110110001011111010001100001100110101000111111000
10100110011011010011110011100010000111111100000101111100001101100100011000110111101001100010111010101001010101111001110110001011111010001100001100110101000111111000
10100110011011010011110011100010000111111100000101111100001101100100011000110101100101011010001001110111010101111001110110001011111010001100001100110101000111111000
10100110011011010011110011100010000111111100001011101001011000111010011001001001100101011010001001110111010101111001110110001011111010001100001100110101000111111000
10100110011011010011110011100010000111111100001011101001001110100011100111111100000111010101101001110111010101111001110110001011111010001100001100110101000111111000
10100110011011010011110011100010000111111100000101111100001101100101000100101001101101001100011011000001010101111001110110001011111010001100001100110101000111111000
10100110011011010011110011100010000111111100000101111100001101100100011000110111101001100101001111010100111101111001110110001011111010001100001100110101000111111000
