01000011111010010101100110010000011111010110000111000000010001101101111100101110110101111000110110000110011111010010110011010011111011011001100010111101010110011011
00000001001000001101000110101001110110010100001000011111110010101111111000011011011101000110101000000011111111010010110011010011111011011001100010111101010110011011
01000011111010010101100110010000011111010110000111000000010001101101111100101110110101111000110110001110001000100111101010110101110010111010001010001000011011111110
01000011111010010101100110010000011111010110000111000000010001101101111100101110110101111000110110000110010110001111111010101101001010011101001010001000011011111110
01000011111010010101100110010000011111010110000111000000010001101101111100101110110101111000110110001110001001010101000110101101001010011101001010001000011011111110
00000001001000001101000110101001110110010100001000011111110010101111111000011011011101000110101001001000010101111000110110101101001010011101001010001000011011111110
00000001001000001101000110101001110111000100101011001000000010001111001101001011000101111101101110010110100110111010001101010011111011011001100010111101010110011011
01000011111010010101100110010000011111010110000111000000010001101101111100101110110101111000110110000111010100010010110110000011001010011101001010001000011011111110
00000001001000001101000110101001110111000100101011001000000010001111001101001011000101111101101110011111101000000001010101110101110010111010001010001000011011111110
00000001001000001101000110101001110111000100101011001000000010001111001101001011000101111101101110011110101111010101000110101101001010011101001010001000011011111110
01000011111010010101100110010000011111010110000111000000010001101101111100101110110101111000110110000110010110100000100001101101001010011101001010001000011011111110
00000001001000001101000110101001110111000101000111010101010010101111111000011011011101000110101000000011111111010010110011010011111011011001100010111101010110011011
01000011111010010101100110010000011111010110000100100101001001111000011101011001110111001100110001000100010000001111111010101101001010011101001010001000011011111110
00000001001000001101000110101001110111000100101011001000000010001111001101001011000101111101101110010110110111010010110011010011111011011001100010111101010110011011
01000011111010010101100110010000011111010110000111000000010001101101111100101110110101111000110110000110011110110110110011010011111011011001100010111101010110011011
01000011111010010101100110010000011111010110000111000000010001101101111100101110110101111000110110001110000000111111000011010011111011011001100010111101010110011011
00000001001000001101000110101001110110010100001000011111110010101111111000011011011101000110101000000011111111010010110011010011111011011001100010111101010110011011
