11101100001010110101001001111001000010011101110111010101000011100100011000101000110100001010101101010110010101110101110100011011111100010111100010010001110000001111
11101100001010110101001001111001000010011101110111010101000011100100011000101000110100001010101101010110010100001110011100001011111100010111100010010001110000001111
11101100001010110101001001111001000010011101110111010101000011100100011000101000110100001010101101011110110010000011000000011011111100010111100010010001110000001111
11101100001010110101001001111001000010011101110111010101000011100100011000101000110100001010101101010110010100001001101001111011111100010111100010010001110000001111
11101100001010110101001001111001000010011101110111010101000011100100011000101000110100001010101101011100011010111000100000111011111100010111100010010001110000001111
11101100001010110101001001111001000010011101110111010101000011100100011000101000110100001010101101011110110010000011000010001011111100010111100010010001110000001111
11101100001010110101001001111001000010011101110111010101000011100100011000101000110100001010101101010110010101110101110100010011111100010111100010010001110000001111
11101100001010110101001001111001000010011101110111010101000011100100011000100110010010000100000010011111110111000111100011110011111100010111100010010001110000001111
11101100001010110101001001111001000010011101110111010101000011100100011000101000110100001010101101010110010101111011100111111011111100010111100010010001110000001111
11101100001010110101001001111001000010011101110111010101000011100100011000101000110100001010101101010110010101111000111001111011111100010111100010010001110000001111
11101100001010110101001001111001000010011101110111010101000011100100011000101000110100001010101101010110010100000111010101100011111100010111100010010001110000001111
11101100001010110101001001111001000010011101110111010101000011100100011000101000110100001010101101010110011111000001100111111011111100010111100010010001110000001111
11101100001010110101001001111001000010011101110111010101000011100100011000101000110100001010101101010111000100111001111011001011111100010111100010010001110000001111
11101100001010110101001001111001000010011101110111010101000011100100011000101000110100001010101101010110011011001111000000100100111111000010011110010001110000001111
11101100001010110101001001111001000010011101110111010101000011100100011000101000110100001010101101011110110010000011000011110010101000010010011110010001110000001111
11101100001010110101001001111001000010011101110111010101000011100100011000101000110100001010101101011110110010000011000011001011111100010111100010010001110000001111
11101100001010110101001001111001000010011101110111010101000011100100011000101000110100001010101101011110110010000011000010001011111100010111100010010001110000001111
