110110001000010110100101101001110011101011101001111010111000111111000000101010110010010010001001110100111000011110010101000010101011110101011100000101110101011100101
110110001000010110100101101001110011101011101001111010111000111111000100101010110010010010001001110100111000011110010101000010101011110101011100000101110101011100101
110110001000010110100101101001110011101011101001111010111000111111000101101010110010010010001001110100111000011110010101000010101011110101011100000101110101011100101
110110001000010110100101101001110011101011101001111010111000111111000001101010110010010010001001110100111000011110010101000010101011110101011100000101110101011100101
110110001000010110100101101001110011101011101001111010111000111111101000101010110010010010001001110100111000011110010101000010101011110101011100000101110101011100101
110110001000010110100101101001110011101011101001111010111000111111001100101010110010010010001001110100111000011110010101000010101011110101011100000101110101011100101
110110001000010110100101101001110011101011101001111010111000111111001000101010110010010010001001110100111000011110010101000010101011110101011100000101110101011100101
110110001000010110100101101001110011101011101001111010111000111101110000101010110010010010001001110100111000011110010101000010101011110101011100000101110101011100101
110110001000010110100101101001110011101011101001111010111000111101101000101010110010010010001001110100111000011110010101000010101011110101011100000101110101011100101
110110001000010110100101101001110011101011101001111010111000111111011000101010110010010010001001110100111000011110010101000010101011110101011100000101110101011100101
110110001000010110100101101001110011101011101001111010111010100111101000101010110010010010001001110100111000011110010101000010101011110101011100000101110101011100101
110110001000010110100101101001110011101011101001111010111000101111000000101010110010010010001001110100111000011110010101000010101011110101011100000101110101011100101
110110001000010110100101101001110011101011101001111010111000111100001100101010110010010010001001110100111000011110010101000010101011110101011100000101110101011100101
110110001000010110100101101001110011101011101001111010111000111000001100101010110010010010001001110100111000011110010101000010101011110101011100000101110101011100101
110110001000010110100101101001110011101011101001111011011110010010001100101010110010010010001001110100111000011110010101000010101011110101011100000101110101011100101
110110001000010110100101101001110011101011101001111010111000110101100100101010110010010010001001110100111000011110010101000010101011110101011100000101110101011100101
110110001000010110100101101001110011101011101001111010111000111111000000101010110010010010001001110100111000011110010101000010101011110101011100000101110101011100101
