010111100010110101111010110111001100001010111010101101011000101110110011001100011110000101001001100010100010010110010011001101011111001010000110011110111011101100100
010111100010110101111010110111001100001010111010101101011000101110110011001100011110000101001001100010100010001000000010111000110010010001001110001110100001000001100
000111100010110101111010110111001100001010111010101101011000101110110011001100011110000101001001100010100010001000000010111000110010010001001110001110100001000001100
010101100001111011111100000111001100001010111010101101011000101110110011001100011110000101001001100010100010001000000010111000110010010001001110001110100001000001100
000111100010110101111010110111001100001010111010101101011000101110110011001100011110000101001001100010100010010110010011001101011111001010000110011110111011101100100
010111111110000111011100101000100010000010111010101101011000101110110011001100011110000101001001100010100010001000000010111000110010010001001110001110100001000001100
010101100001111011111100000111001100001010111010101101011000101110110011001100011110000101001001100010100010010110010011001101011111001010000110011110111011101100100
010111100010110101111010110111001100001010111010101101011000101110110011001111011000110011100001100101011001110101110110111100010010010001001110001110100001000001100
010111111110000111011100101000100010000010111010101101011000101110110011001100011110000101001001100010100010010110010011001101011111001010000110011110111011101100100
000111100010110101111010110111001100001010111010101101011000101110110011001111011000110011100001100101011001110101110110111100010010010001001110001110100001000001100
010101100010110101111010110111001100001010111010101101011000101110110011001100011110000101001001100010100010001000000010111000110010010001001110001110100001000001100
010111100010110101111010110111001100001010111010101101011000101110110011001100011110000101001001100010100010010110010011001001111110111011000110111101011100100101100
010111100010110101111010110111001100001010111010101101011000101110110010010000000001001010110001111100110111010011111110101010010100001110100000100010110000100101100
000111100010110101111010110111001100001010111010101101011000101110110011001100011110000101001001100010100010010110010011001001111110111011000110111101011100100101100
010101100010110101111010110111001100001010111010101101011000101110110011001100011110000101001001100010100010010110010011001101011111001010000110011110111011101100100
000111100010110101111010110111001100001010111010101101011000101110110010010000000001001010110001111100110111010011111110101010010100001110100000100010110000100101100
000011001101110110011011000111001100001010111010101101011000101110110011001111011000110011100001100101011000101100101111000000110011010011110101000000101010001111100
