010010001101010101011101000000000001010010110010001011001110101110000000011101001010010010100101101011100100001111111100011101110111011000011101100000011000010010010
010010001101010101011101000000000001010010110010001011001110101110000000011101001010010010100101101011100100001111111100011101011011011000011101100000011000010010010
010010001101010101011101000000000001010010110010001011001110101110000000011101001010010010100101101011100100001111111100011101101000110110100110011010101000010010010
010010001101010101011101000000000001010010110010001011001110101110000000011101001010010010100101101011100100100100110111100011011011011000011101100000011000010010010
010010001101010101011101000000000001010010110010001011001110101110000000011101001010010010100101101011100100001111111100011101110111011000011101001000101000010010010
010010001101010101011101000000000001010010110010001011001110101110000000011101001010010010100101101011100100001111111100111011110111011000011101100000011000010010010
010010001101010101011101000000000001010010110010001011001110101110000000011101001010010010100101101011100100001111111100011101001101110110100110011010101000010010010
010010001101010101011101000000000001010010110010001011001110101110000000011101001010010010100101101011100100001111111100011101001101110100001110011000011000010010010
010010001101010101011101000000000001010010110010001011001110101110000000011101001010010010100101101011100100001111111100011101110001000111110011011010101000010010010
010010001101010101011101000000000001010010110010001011001110101110000000011101001010010010100101101011100100001111111100011101101000110000111001100000011000010010010
010010001101010101011101000000000001010010110010001011001110101110000000011101001010010010100101101011100100001111111001101010010011011000011101100000011000010010010
010010001101010101011101000000000001010010110010001011001110101110000000011101001010010010100101101011100100001111111111110101110111011000011101100000011000010010010
010010001101010101011101000000000001010010110010001011001110101110000000011101001010010010100101101011100100001111111100011101000100100101101001001000101000010010010
010010001101010101011101000000000001010010110010001011001110101110000000011101001010010010100101101011100100001110111011011010000111010001001000001110101000010010010
010010001101010101011101000000000001010010110010001011001110101110000000011101001010010010100101101011100100001111111100011101101000110110100110011000011000010010010
010010001101010101011101000000000001010010110010001011001110101110000000011101001010010010100101101011100100001110111011000011110111011000011101100000011000010010010
010010001101010101011101000000000001010010110010001011001110101110000000011101001010010010100101101011100100001111111100011101110111011000011101100000011000010010010
