001001110010010011000101011100000010000000100100011101111111110100111010111001010111010011001011100101010010111100111011101000011110011100011101010100010111010100011
001001110010010011000101011100000010000000100100011101111111110100111010111001010111010011001011100101010010111100111011101000011110011100011101001010101101101011001
001001110010010011000101011100000010000000100100011101111111110100111010111001010111010011001011100101010010111100111011101000011110011100011101010100010100100011001
001001110010010011000101011100000010000000100100011101111111110100111010111001010111010011001011100101010010111100111011101000011110011100011101001010111011000111001
001001110010010011000101011100000010000000100100011101111111110100111010111001010111010011001011100101010010111100111011101000011110011100011101001010111101101011001
001001110010010011000101011100000010000000100100011101111111110100111010111001010111010011001011100101010010111100111011101000011110011100011101001010111011110100011
001001110010010011000101011100000010000000100100011101111111110100111010111001010111010011001011100101010010111100111011101000011110011100011101001000110100100011001
001001110010010011000101011100000010000000100100011101111111110100111010111001010111010011001011100101010010111100111011101000011110011100011101001010111011110100110
001001110010010011000101011100000010000000100100011101111111110100111010111001010111010011001011100101010010111100111011101000011110011100011101010111011001011101011
001001110010010011000101011100000010000000100100011101111111110100111010111001010111010011001011100101010010111100111011101000011110011100011101010100010111101101011
001001110010010011000101011100000010000000100100011101111111110100111010111001010111010011001011100101010010111100111011101000011110011100011101010100001101111101011
001001110010010011000101011100000010000000100100011101111111110100111010111001010111010011001011100101010010111100111011101000011110011100000001111101001100100011001
001001110010010011000101011100000010000000100100011101111111110100111010111001010111010011001011100101010010111100111011101000011110011100011101001010111011000111011
001001110010010011000101011100000010000000100100011101111111110100111010111001010111010011001011100101010010111100111011101000011110000000001100101111111111010100011
001001110010010011000101011100000010000000100100011101111111110100111010111001010111010011001011100101010010111100111011101000011110011100000001111101001111001000010
001001110010010011000101011100000010000000100100011101111111110100111010111001010111010011001011100101010010111100111011101000011110011100000001111101001111010100011
001001110010010011000101011100000010000000100100011101111111110100111010111001010111010011001011100101010010111100111011101000011110011100011101001010111011000111011
