001001111011110100100000011100100001111011011011011000010000000100000001000100110001001100101110001111101111101010110001001010110000111111000111000111011101001011010
001001111011110100100000011100100001111011011011011000010000000100000001000100110001001100101110001111101111101010110000101010110000111111000111000111011101001011010
001001111011110100100000011100100001111011011011011000010000000100000001000100110001001100101110001111101111101010110001001000111101111110000110101100111001010011010
001001111011110100100000011100100001111011011011011000010000000100000001000100110001001100101110001111101111101010110010111000110111011101001000100010110000010011010
001001111011110100100000011100100001111011011011011000010000000100000001000100110001001100101110001111101111101010110001001000111101111110000110101011111101001011010
001001111011110100100000011100100001111011011011011000010000000100000001000100110001001100101110001111101111101010110001001000111111001011100110101100111001010011010
001001111011110100100000011100100001111011011011011000010000000100000001000100110001001100101110001111101111101010110001001000100011111111000111000111011101001011010
001001111011110100100000011100100001111011011011011000010000000100000001000100110001001100101110001111101111101010110010111000110111011110100110101100111001010011010
001001111011110100100000011100100001111011011011011000010000000100000001000100110001001100101110001111101111101010110001001000111101111110000110101011100100111001011
001001111011110100100000011100100001111011011011011000010000000100000001000100110001001100101110001111101111101010110001001010111011100001101110101010000100000011010
001001111011110100100000011100100001111011011011011000010000000100000001000100110001001100101110001111101111101010110010101110111111001011100110101100111001010011010
001001111011110100100000011100100001111011011011011000010000000100000001000100110001001100101110001111101111101010110010111000110111000001001000100010110000010011010
001001111011110100100000011100100001111011011011011000010000000100000001000100110001001100101110001111101111101010110001001010111011100001101000100010110000010011010
001001111011110100100000011100100001111011011011011000010000000100000001000100110001001100101110001111101111101010110001010011001000001100111010111011010111101110010
001001111011110100100000011100100001111011011011011000010000000100000001000100110001001100101110001111101111101010110001001000111101111110000110101011100100111001010
001001111011110100100000011100100001111011011011011000010000000100000001000100110001001100101110001111101111101010110001001000111001010111100010111011010111101110010
001001111011110100100000011100100001111011011011011000010000000100000001000100110001001100101110001111101111101010110001001000111101111110000110101011100100111001011
