011101011011011000001010111100100100100000000101001111000011001011100001100110110000000110011011001100011100010110111001110000111001111010010110100111101110111100100
011101011011011000001010111100100100100000000101001111000011001011100001100110110000000110011011001100011100010110111001110000111001111010010110100111101110101000110
011101011011011000001010111100100100100000000101001111000011001011100001100110110000000110011011001100011100010110001110111011100001111010010110100111101110111100100
011101011011011000001010111100100100100000000101001111000011001011100001100110110000000110011011001100011100010110111001110000100011111010010110100111101110111100100
011101011011011000001010111100100100100000000101001111000011001011100001100110110000000110011011001100011100010110101000000001100011111010010110100111101110111100100
011101011011011000001010111100100100100000000101001111000011001011100001100110110000000110011011001100011100011011000110001000100011111010010110100111101110111100100
011101011011011000001010111100100100100000000101001111000011001011100001100110110000000110011011001100011100010110111000001000100011111010010110100111101110111100100
011101011011011000001010111100100100100000000101001111000011001011100001100110110000000110011011001100011100010110111001110011100001111010010110100111101110111100100
011101011011011000001010111100100100100000000101001111000011001011100001100110110000000110011011001100011100010110101110001000100011111010010110100111101110111100100
011101011011011000001010111100100100100000110101001111000011001011100001100110110000000110011011001100011100010110111001110000111001111010010110100111101110111100100
011101011011011000001010111100100100100000000101001111000011001011100001100110110000000110011011001100011100010110001110111011100001111010010110100111101110101000110
011101011011011000001010111100100100100000000101001111000011001011100001100110110000000110011011001100011100010110001110001000100011111010010110100111101110111100100
011101011011011000001010111100100100100000000101001111000011001011100001100110110000000110011011001100011100010110111001110000100011111010010110100111101110101000110
011101011011011000001010111100100100100000000101001111000011001011100001100110110000000110011011001100011100010110111001110100100001111010010110100111101110111100100
011101011011011000001010111100100100100000000101001111000011001011100001100110110000000110011011001100011100010110111001110000101111111010010110100111101110111100100
011101011011011000001010111100100100100000000101001111000011001011100001100110110000000110011011001100011100010110111000000001100011111010010110100111101110111100100
011101011011011000001010111100100100100000000101001111000011001011100001100110110000000110011011001100011100010110111001110000111001111010010110100111101110101000110
