010001001010101010110000101110010010000111000100010111111010010111100010011100001110110111000010001100001100110011110011101100110001010000011110101100101100111110001
010001001010101010110000101110010010000111000100010111111010010111100010011100001110110111000010001100001100110011110011101100110001010110111101100111011000011111011
010001001010101010110000101110010010000111000100010111111010010111100010011100001110110111000010001100001100110011110011101110011001010000011110101100101100111110001
010001001010101010110000101110010010000111000100010111111010010111100010011100001110110111000010001100001100110011110011101101010111001111000110001101011000011111011
010001001010101010110000101110010010000111000100010111111010010111100010011100001110110111000010001100001100110011110011101100110001010000011110101100101101100101001
010001001010101010110000101110010010000111000100010111111010010111100010011100001110110111000010001100001100110011110011101100110001010000100010001011000111011010001
010001001010101010110000101110010010000111000100010111111010010111100010011100001110110111000010001100001100100011110110101101101111001001011001100111011000011111011
010001001010101010110000101110010010000111000100010111111010010111100010011100001110110111000010001100001100110000101000000001101111001001011001100111011000011111011
010001001010101010110000101110010010000111000100010111111010010111100010011100001110110111000010001100001100100011110110101101111100001010101000010110010000011111011
010001001010101010110000101110010010000111000100010111111010010111100010011100001110110111000010001100001100100011110110101101111100001010110001100111011000011111011
010001001010101010110000101110010010000111000100010111111010010111100010011100001110110111000010001100001100110011110011101100100111011111111001110001110100011111011
010001001010101010110000101110010010000111000100010111111010010111100010011100001110110111000010001100001100100011110110101101101001010110111101100111011000011111011
010001001010101010110000101110010010000111000100010111111010010111100010011100001110110111000010001100001100110011110000100101101111001001011001100111011000011111011
010001001010101010110000101110010010000111000100010111111010010111100010011100001110110111000010001100001100110000101011111101101111001001011001100111011000011111011
011011001010101010110000101110010010000111000100010111111010010111100010011100001110110111000010001100001100110011110011101100110001010000011110101100101100111110001
010001001010101010110000101110010010000111000100010111111010010111100010011100001110110111000010001100001100100011110110111010000001101000110001100111011000011111011
010001001010101010110000101110010010000111000100010111111010010111100010011100001110110111000010001100001100110011110011101100110001010000011110101100101100111110001
