100111000110110000100100010110101010100111111110001011111111110110111001110110110111011010101010011001110010000010000010011101101001001111011101101001011111110010111
100111000110110000100100010110101010100111111110001011111111110110111001110110110111011010101010011001110010000111000010011101101001001111011101101001011111110010111
100111000110110000100100010110101010100111111110001011111111110110111001110110110111011010101010011001110010111100011010011101101001001111011101101001011111110010111
100111000110110000100100010110101010100111111110001011111111110110111001110110110111011010101010011001110010000010000010011101101001001111011101101001011111111000001
100111000110110000100100010110101010100111111110001011111111110110111001110110110111011010101010011001110010000010000010011101101001001111011101101001011111110010101
100111000110110000100100010110101010100111111110001011111111110110111001110110110111011010101010011001110010000010000010011101101001001111011101101001011111111011100
100111000110110000100100010110101010100111111110001011111111110110111001110110110110101010110011101000101001100110000010011101101001001111011101101001011111110010111
100111000110110000100100010110101010100111111110001011111111110110111001110110110111011010101010011001110010000010000010011101101001001111011101101001010010111100101
100111000110110000100100010110101010100111111110001011111111110110111001110110110110101010101010011001110010000010000010011101101001001111011101101001011111110010111
100111000110110000100100010110101010100111111110001011111111110110111001110110110110101001010111101101111000000010000010011101101001001111011101101001011111110010111
100111000110110000100100010110101010100111111110001011111111110110111001110110110110101010110011101000101001101001011010011101101001001111011101101001011111110010111
100111000110110000100100010110101010100111111110001011111111110110111001110110110111011010101010011001110010000010000010011101101001001111011101101001011111010111101
100111000110110000100100010110101010100111111110001011111111110110111001110110110111011010101010011001100100101001100110011101101001001111011101101001011111110010111
100111000110110000100100010110101010100111111110001011111111110110111001110110110111011010101010011001110010000101110101000011000010101101011100000011010111010111101
100111000110110000100100010110101010100111111110001011111111110110111001110110110111011010101010011001110010000010000010011101101001001111011101101001000110000011101
100111000110110000100100010110101010100111111110001011111111110110111001110110110111011010101010011001100100101001100100101111010000101101011100000011010111010111101
100111000110110000100100010110101010100111111110001011111111110110111001110110110111011010101010011001110010000010000010011101101001001111011101101001011111110010111
