011001000100111111110100001011101000010001000000010000101111111001000111110110110011101011100101100010100011010101010000001100001101100111010001110001011110000101100
011001000100111111110100001011101000010001000000010000101111111001000111110110110011101011100101100010100011010101010000001100001101100111010001110001011000011010100
011001000100111111110100001011101000010001000000010000101111111001000111110110110011101011100101011010111011000001001000100011100100110011101110011010001110100011100
011001000100111111110100001011101000010001000000010000101111111001000111110110110011101011100101100010100011010101010000001100001101100111010001110001011111001101100
011001000100111111110100001011101000010001000000010000101111111001000111110110110011101011100101100010100011010101010000001100100011011011110001000010100101101111101
011001000100111111110100001011101000010001000000010000101111111001000111110110110011101011100101100010100011010101010000001100100011011011110001000010100011110000000
011001000100111111110100001011101000010001000000010000101111111001000111110110110011101011100101100010100011010101010000001100001101100111010001000010100101101111101
011001000100111111110100001011101000010001000000010000101111111001000111110110110011101011100101100010100011010101010000001100001101100111010001000010100011110000000
011001000100111111110100001011101000010001000000010000101111111001000111110110110011101011100101100010100011010101010000001100001101100111010110101101110001101100100
011001000100111111110100001011101000010001000000010000101111111001000111110110110011101011100101100010100011010101010000001100100011011111110100001010010000001101100
011001000100111111110100001011101000010001000000010000101111111001000111110110110011101011100101100010100011010101010000001100001101100111010110101101110001100110000
011001000100111111110100001011101000010001000000010000101111111001000111110110110011101011100101100010100011010101010000001100001101100111010110101101110001110011100
011001000100111111110100001011101000010001000000010000101111111001000111110110110011101011100101100010100011010101010000001100100011011011101010001000110011101101100
011001000100111111110100001011101000010001000000010000101111111001000111110110110011101011100101100010100011010101010000001100001101100111010000011010100101101111101
011001000100111111110100001011101000010001000000010000101111111001000111110110110011101011100101100010100011010101010000001100001101100111010001110001011110000100100
011001000100111111110100001011101000010001000010010000101111111001000111110110110011101011100101100010100011010101010000001100001101100111010001110001011110000101100
011001000100111111110100001011101000010001000000010000101111111001000111110110110011101011100101100010100011010101010000001100001101100111010110101101110001100001110
