100110111110000100001000000011100011111111010011000011110100110100011111110000111111110101110000101111111110110110001001000010010110010100110100010011111010001111001
100110111110000100001000000011100011111111010011000011110100110100011111110000111111110101110000101111111110110110001001000010010110000011001001100111111010001111001
100110111110000100001000000011100011111111010011000011110100110100011111110000111111110101110000101111111110110110001001000010010110010100110101000111111010001111001
100110111110000100001000000011100011111111010011000011110100110100011111110000111111110101110000101111111110110110001001000010010110010100110100000101010110001111001
100110111110000100001000000011100011111111010011000011110100110100011111110000111111110101110000101111111110110110001001000010010110010100110101010001010110001111001
100110111110000100001000000011100011111111010011000011110100110100011111110000111111110101110000101111111110110110001001000010010110010100110100010001010110001111001
100110111110000100001000000011100011111111010011000011110100110100011111110000111111110101110000101111111110110110001001000010010110000011001010111111111010001111001
100110111110000100001000000011100011111111010011000011110100110100011111110000111111110101110000101111111110110110001001000010010110010100110111110111111010001111001
100110111110000100001000000011100011111111010011000011110100110100011111110000111111110101110000101111111110111101101110100001110111100010011111110111111010001111001
100110111110000100001000000011100011111111010011000011110100110100011111110000111111110101110000101111111110110110001001000010010110010100110101110111111010001111001
100110111110000100001000000011100011111111010011000011110100110100011111110000111111110101110000101111111110110110001001000010010110010100110100110111111010001111001
100110111110000100001000000011100011111111010011000011110100110100011111110000111111110101110000101111111110110110001001000010010110010100111111100111111010001111001
100110111110000100001000000011100011111111010011000011110100110100011111110000111111110101110000101111111110110110001001000010010110010100110100010011100011111111001
100110111110000100001000000011100011111111010011000011110100110100011111110000111111110101110000101111111110110110001001000010010110010100110100000110110010001111001
100110111110000100001000000011100011111111010011000011110100110100011111110000111111110101110000101111111110110110001000100001110111100010011111110111111010001111001
100110111110000100001000000011100011111111010011000011110100110100011111110000111111110101110000101111111110110110001001000010010110010100111110110001010110001111001
100110111110000100001000000011100011111111010011000011110100110100011111110000111111110101110000101111111110110110001001000010010110010100110100010000101110100011011
