101111001010100111110001101111000110100100111111000011100001011101110010000110111110000001010001110010111001000110101010010110001111100010111010010101100100111101111
101111001010100101110001101111000110100100111111000011100001011101110010000110111110000001010001110010111001000110101010010110001111100010111010010101100100111101111
101111001010100111110001101111000110100100111111000010011001011101110010000110111110000001010001110010111001000110101010010110001111100010111010010101100100111101111
101111001010100111110001101111000110100100111111000011100001011101110010000110111110000001010001110010111001000110101010010110001111100010111010010101100100111111100
101111001010100111110001101111000110100100111111000011100001011101110010000110111110000001010001110010111001000110101010010110001111100010111010010101101110001111100
101111001010100111110001101111000110100100111001001011011001011101110010000110111110000001010001110010111001000110101010010110001111100010111010010101100100111101111
101111001010100111110001101111000110100100111111000011100001011101110010000110111110000001010001110010111001000110101010010110001111100010111010010101100100110101111
101111001010100111110001101111000110100100111111000011100001011101110010000110111110000001010001110010111001000110101010010110001111100010111010010101100100110011100
101111001010100111110001101111000110100100111111000011100001011101110001000110111110000001010001110010111001000110101010010110001111100010111010010101100100111101111
101111001010100111110001101111000110100100111111000011110001011101110010000110111110000001010001110010111001000110101010010110001111100010111010010101100100111101111
101111001010100111110001101111000110100100111111000011100001011101110010000110111110000001010001110010111001000110101010010110001111100010111010010101100111110011100
101111001010100111110001101111000110100100111111000011100001011100010010000110111110000001010001110010111001000110101010010110001111100010111010010101100100111101111
101111001010100111110001101111000110100100111111000011100001011101110010000110111110000001010001110010111001000110101010010110001111100010111010010101101000010111100
101111001010100111110001101111000110100100111111000011100001011101110010000110111110000001010001110010101001000110101010010110001111100010111010010101100100111101111
101111001010100111101011101101101110110000111111000011100001011101110010000110111110000001010001110010111001000110101010010110001111100010111010010101100100111101111
101111001010100111110001101111000110100100111111000011100001011101110010000110111110000001010001110010111000100111101010010110001111100010111010010101100100111101111
101111001010100111110001101111000110100100111111000011100001011101110010000110111110000001010001110010111001000110101010010110001111100010111010010101100100111101111
