110101110011100000100000110111001001001111000100010001001001111010000000100100100101001010000111000010001000100101101010110011100111110111011110101011011001111001000
110101110011100000100000110111001001001111000100010001001001111010000000100100100101001010000111000110001000100101101010110011100111110111011110101011011001111001000
110101110011100000100000110111001001001111000100010001001001111010000000100100100101001010000101101010001000100101101010110011100111110111011110101011011001111001000
110101110011100000100000110111001001001111010101000100100001111110011111011001011101001010000111000010001000100101101010110011100111110111011110101011011001111001000
110101110011100000100000110111001001001111010101000100100001111110011111011001011101001011000111000010001000100101101010110011100111110111011110101011011001111001000
110101110011100000100000110111001001001111000100010001001001111010000000100100100101001010000111000100000000111011101100101100001000011110011100011110100001011111110
110101110011100000100000110111001001001111010101000100100001111110011111011001011101001010000111000110001000100101101010110011100111110111011110101011011001111001000
110101110011100000100000110111001001001111000100010001001001111010000000100100100101001010000111011010001000100101101010110011100111110111011110101011011001111001000
110101110011100000100000110111001001001111000100010001001001111010000000100100100101001010000101100110001000100101101010110011100111110111011110101011011001111001000
110101110011100000100000110111001001001111010101000100100001111110011111011001011101001011000101101010001000100101101010110011100111110111011110101011011001111001000
110101110011100000100000110111001001001111000100010001001001111010000000110111110001011001001001001010001000100101101010110011100111110111011110101011011001111001000
110101110011100000100000110111001001001111000100010001001001111010000000100100100101001010000110010110001000100101101010110011100111110111011110101011011001111001000
110101110011100000100000110111001001001111010101000110011001111010000000100100100101001010000111000010001000100101101010110011100111110111011110101011011001111001000
110101110011100000100000110111001001001111000100010001001001111010000000100100100101001010000111000010001110110111000111110011100111110111011110101011011001111001000
110101110011100000100000110111001001001111000100010001001001111010000000100100100101001010000111011011111111110111000111110011100111110111011110101011011001111001000
110101110011100000100000110111001001001111010101000100100001111110011111011001011101001011000111000110001000100101101010110011100111110111011110101011011001111001000
110101110011100000100000110111001001001111000100010001001001111010000000110111111000110011100111110100110011011111011111100011100010100111110100101101011100101000011
