001010010010100001011010010101101110000001110100001111001010110000011101100111000101000100101100011100000000011100001001011111010110101010111001011110110000001111111
001010010010100001011010010101101110000001110100001111001010110000011101100111000101000100101100011100000000011100001001011111010110101010111001011110011010101111111
001010010010100001011010010101101110000001110100001111001010110000011101100111000101000100101100011100000000011100001001011111010110101010111001011110001000001111111
001010010010100001011010010101101110000001110100001111001010110000011101100111000101000100101100011100000000011100001001011111010110101010111001011110101110110101001
001010010010100001011010010101101110000001110100001111001010110000011101100111000101000100101100011100000000011100001001011111010110101010111001011110110001001101001
001010010010100001011010010101101110000001110100001111001010110000011101100111000101000100101100011100000000011100001001011111010110101010111001011110101011100111111
001010010010100001011010010101101110000001110100001111001010110000011101100111000101000100101100011100000000011100001001011111010110101010111001011110101001001101001
001010010010100001011010010101101110000001110100001111001010110000011101100111000101000100101100011100000000011100001001011111010110101010111001011110011111110101001
001010010010100001011010010101101110000001110100001111001010110000011101100111000101000100101100011100000000011100001001011111010110101010111001011110000010110101001
001010010010100001011010010101101110000001110100001111001010110000011101100111000101000100101100011100000000011100001001011111010110101010111001011110000010101001101
001010010010100001011010010101101110000001110100001111001010110000011101100111000101000100101100011100000000011100001001011111010110101010111001011110011111110111111
001010010010100001011010010101101110000001110100001111001010110000011101100111000101000100101100011100000000011100001001011111010110101010111001011110110011100111111
001010010010100001011010010101101110000001110100001111001010110000011101100111000101000100101100011100000000011100001001011111010110101010111001011000000101000000110
001010010010100001011010010101101110000001110100001111001010110000011101100111000101000100101100011100000000011100001001011111010110101010111001001000000101000000110
001010010010100001011010010101101110000001110100001111001010110000011101100111000101000100101100011100000000011100001001011111010110101010111001011000001000001111111
001010010010100001011010010101101110000001110100001111001010110000011101100111000101000100101100011100000000011100001001011111010110101010111001011110000001100010110
001010010010100001011010010101101110000001110100001111001010110000011101100111000101000100101100011100000000011100001001011111010110101010111001011110101001010011100
