001000101110101100111100011100111101011011000100101111111010111110011111010100101001000000000111110101011011110000001111100011111100101110101001000110000100011010010
001000101110101100111100011100111101011011000100101111111010111110011111010100101001000000000111110101011011110000001111100011111100101111001101000101111111011010010
001000101110101100111100011100111101011011000100101111111010111110011111010100101001000000000111110101011011110000001111100011111100101111100101100101101011010100110
001000101110101100111100011100111101011011000100101111111010111110011111010100101001000000000111110101011011110000001111100011111100101111001010100111101000011010110
001000101110101100111100011100111101011011000100101111111010111110011111010100101001000000000111110101011011110000001111100011111100101110101101000101111111011010010
001000101110101100111100011100111101011011000100101111111010111110011111010100101001000000000111110101011011110000001111100011111100101111001010001011111011010100110
001000101110101100111100011100111101011011000100101111111010111110011111010100101001000000000111110101011011110000001111100011111100101111001010100111101000001001010
001000101110101100111100011100111101011011000100101111111010111110011111010100101001000000000111110101011011110000001111100011111100101111001010001111100111100010110
001000101110101100111100011100111101011011000100101111111010111110011111010100101001000000000111110101011011110000001111100011101001111111001101000101111111011010010
001000101110101100111100011100111101011011000100101111111010111110011111010100101001000000000111110101011011110000001111100011111100101111001010100111101000011010010
001000101110101100111100011100111101011011000100101111111010111110011111010100101001000000000111110101011011110000001111100011111100101111011100001011111011010100110
001000101110101100111100011100111101011001011000101111111010111110011111010100101001000000000111110101011011110000001111100011111100101110101001000110000100011010010
001000101110101100111100011100111101011011000100101111111010111110011111010100101001000000000111110101011011110000001111100011111100101111111100001011111011010100110
001000101110101100111100011100111101011011000100101111111010111110011111010100101001000000000111110101011011110000001111100011111111010011011100001011111011010100110
001000101110101100111100011100111101011011000100101111111010111110011111010100101001000000000111110101011011110000001111100011111100101110110001011001101010111100110
001000101110101100111100011100111101011011000100101111111010111110011111010100101001000000000111110101011011110000001111100011111100101110101001000101101011010100110
001000101110101100111100011100111101011011000100101111111010111110011111010100101001000000000111110101011011110000001111100011111100101111001010100111101000011010111
