00010111110111111100111100111000001011101001011011100100111110000010110110001100100111000110011101111011100111110011011101111100101111010110110111010101101100010100111100111101001000
00010111110111111100111100111000111010101111101110001111101000101111101100111001001100010000110000100001010010011000001011010001110101100011011100001111111001011100000000010111000111
00010111110111111100111100111000001011101001011011100100111110000010110110001100100111000110011101111011100111110011011101111100101111010110110111011001010100000110110101111101000111
00010111110111111100111100111000001001011110111011110100100000011000100000101111111100000100001011001001000111111110111110110010100000101110011111000000000011100010011010010111000111
00010111110111111100111100111000010110110011101110001111101000101111101100111001001100010000110000100001010010011000001011010001110101100011011100001111111001011100000000010111000111
00010111110111111100111100111000010100111001101011110010000000011000100000101111111100000100001011001001000111111110111110110010100000101110011111000000000011100010011010010111000111
00010111110111111100111100111001001011000011101110001111101000101111101100111001001100010000110000100001010010011000001011010001110101100011011100001111111001011100000000010111000111
00010111110111111100111100111000001011101001011011100100111110000010110110001100100111000110011101111011100111110011011101111100101111010110110111011011011010010010001010011000011010
00010111110111111100111100111000111010101111101110100001011100101111101100111001001100010000110000100001010010011000001011010001110101100011011100001111111001011100000000010111000111
00010111110111111100111100111000010001100001101110001111101000101111101100111001001100010000110000100001010010011000001011010001110101100011011100001111111001011100000000010111000111
00010111110111111100111100111000001011101001011011100100111110000010110110001100100111000110011101111011100111110011011101111100101111010110110111010011111001000111000001010111000111
00010111110111111100111100111000001011101001011011100100111110000010110110001100100111000110011101111011100111110011011101111100101111010110110111010101111001111110011011011111010110
00010111110111111100111100111000001011101001011011100100111110000010110110001100100111000110011101111011100111110011011101111100101111010110110111010011111001000111000101010111000111
00010111110111111100111100111000001011101001011011100100111110000010110110001100100111000110011101111011100111110011011101111100101111010110110111011001010100000110000000001001011111
00010111110111111100111100111000001011101001011011100100111110000010110110001100100111000110011101111011100111110011011101111100101111010110110111011001010100000110110101111101001000
00010111110111111100111100111000001011101001011011100100111110000010110110001100100111000110011101111011100111110011011101111100101111010110110110111010001110101100111000101111000111
00010111110111111100111100111000001011101001011011100100111110000010110110001100100111000110011101111011100111110011011101111100101111010110110111011001010100100111011101110110111011
