00001000111010010000010010101010101110010100011100101001100000011101010011110001100011100111001101010010111101000111100101000101000011110111001100101010110110001100011110011110000011
00001000111010010000010010101010101110010100011100101001100000011101010011110001100011100111001101010010111101000111100101000101000011110111011001101101111010100100011110011110000011
00001000111010010000010010101010101110010100011100101001100000011101010011110001100011100111001101010010111101000111100101000101000011110111001100101001111011110010101010011100000011
00001000111010010000010010101010101110010100011100101001100000011101010011110001100011100111001101010010111101000111100101000101000011110111100111101110000100100101011111001110000011
00001000111010010000010010101010101110010100011100101001100000011101010011110001100011100111001101010010111101000111100101000101000011110111011001101101111010100100011101110101110011
00001000111010010000010010101010101110010100011100101001100000011101010011110001100011100111001101010010111101000111100101000101000011110111011001100000100010000010001000111011010111
00001000111010010000010010101010101110010100011100101001100000011101010011110001100011100111001101010010111101000111100101000111111101100000001010110111100000001101101011110010100011
00001000111010010000010010101010101110010100011100101001100000011101010011110001100011100111001101010010111101000111100101000101000011110111011001101101111010100100101010100010001011
00001000111010010000010010101010101110010100011100101001100000011101010011110001100011100111001101010010111101000111100101000101000011110111100111101110000100100101010101111111111100
00001000111010010000010010101010101110010100011100101001100000011101010011110001100011100111001101010010111101001111011101001010000100110001101101011000001011110000000000100100000011
00001000111010010000010010101010101110010100011100101001100000011101010011110001100011100111001101010010111101000111100100010011001010010101111001101100000000000010001000111011010111
00001000111010010000010010101010101110010100011100101001100000011101010011110001100011100111001101010010111101000111100101000101000011110111001100001111100010000010001000111011010111
00001000111010010000010010101010101110010100011100101001100000011101010011110001100011100111001101010010111101000111100101000101000011001111111000111011011000011111011110011110000011
00001000111010010000010010101010101110010100011100101001100000011101010011110001100011100111001101010010111101000111100100010011001010010101100010010111000010000010001000111011010111
00001000111010010000010010101010101110010100011100101001100000011101010011110001100011100111001101010010111101000111100101000101000011001111111000010010001100100010011101011110000011
00001000111010010000010010101010101110010100011100101001100000011101010011110001100011100111001101010010111101000111100101000101000011110111011001001011100001111000101000110101110011
00001000111010010000010010101010101110010100011100101001100000011101010011110001100011100111001101010010111101000111100101000101000011110111001100101001111001011110110100100001101101
