00100000100100110001111100000010101110000111000001000101011111010011010010010011011101010110010110001110011011010001001000100011101011100001010110110000101001111000111110110001100001
00100000100100110001111100000010101110000111000001000101011111010011010010010011011101001011001101100010011101100011011010010010010010100001110001100010100001101000100100101111000111
00100000100100110001111100000010101110000111000001000101011111010011010111001011111011110011011111100000110000000101101110001001001110010100100101010100010011111000111110110001100001
00100000100100110001111100000010101110000111000001000101011111010011010010010011011101110011011111100000110000000101101110001001001110010100100101010100010011111000111110110001100001
00100000100100110001111100000010101110001101101101100001001011010000100010001011110111001011001101100010011101100011011010010010010010100001110001100010100001101000100100101111000111
00100000100100110001111100000010101110000111000001000101011111010011010010010011011101010110100000001000011011111011110001111000100100101001100010001011011100000101110100100000000111
00100000100100110001111100000010101110000111000001000101011111010011010010010011011101001011001110010110111010011101011010110010011010000110010100100111001111001110100110001001000111
00100000100100110001111100000010101110000111000001000101011111010011010010010011000101000111110001001011011111001000111001110010011010000110010100100111001111001110100110001001000111
00100000100100110001111100000010101110000111000001000101011111010011010010010011011000101111100101011110011111110011000010001001001110010100100101010100010011111000111110110001100001
00100000100100110001111100000010101110000111000001000101011111010011010010010011011101011000000110100101011011010110100111011011110001011101000110111101110000010110111110001111000111
00100000100100110001111100000010101110000111000001000101011111010011010010010011011101010111110111011100111000100000010111011100001011100001010110110000101001111000111110110001100001
00100000100100110001111100000010101110000111000001000101011111010011010010010011011000100000010110001110011011010001001000100011101011100001010110110000101001111000111110110001100001
00100000100100110001111100000010101110000111000001000101011111010011010010010011011101111100110001001011011111001000111001110010011010000110010100100111001111001110100110001001000111
00100000100100110001111100000010101110001101101101100001001011010000100010001011110111100000001101010010101110000101000101011110011010000110010100100111001111001110100110001001000111
00100000100100110001111100000010101110000111000001000101011111010011010010010011011101001011001111010010011100011101011111110011101011100001010110110000101001111000111110110001100001
00100000100100110001111100000010101110000111000001000101011111010011010010010011000100100111110001001011011111001000111001110010011010000110010100100111001111001110100110001001000111
00100000100100110001111100000010101110000111000001000101011111010011010010010011011001111000101101101111000101010101000011001100001011100001010110110000101001111000111110110001100001
