11010011000011100001100000000110111001000111010011100001010111010010100100101101000111100001010000001101010111011000011011011100101001001111101001001101001101110100110111111000010101
11010011000011100001100000000110111001000111010011100001010111010010100100101101000111100001010000001101010111011000011011011100101001001111101001100101111001101000110111111000010101
11010011000011100001100000000110111001000111010011100001010111010010100001110101100001101101101000110110100000001000110100010011101000010000111011100101111001101000110111111000010101
11010011000011100001100000000110111001000111010011100001010111010010100100101101000111100001010000001101010111001101111001000111111100101000101000011010011101010001110100000000001111
11010011000011100001100000000110111001000111010011100001010111010010100100101101000111100001010000001101010111001101111001000111111100101000101000000010111100110110101011110110111101
11010011000011100001100000000110111001000111010011100001010111010010100100101101000111100001010000001101010111001101111001000111111100101000101000011010011100110110101011110110111101
11010011000011100001100000000110111001000111010011100001010111010010100100101101000111100001010000001101011010111111000100111000001000011001101110000101101011101000110111111000010101
11010011000011100001100000000110111001000111010011100001010111010010100100101101000111100001010000001101010111011000011011011100101001001111101010001101111100110110101011110110111101
11010011000011100001100000000110111001000111010011100001010111010010100100100001000001110001111100000011101000001000110100010011101000010000111011100101111001101000110111111000010101
11010011000011100001100000000110111001000111010011100001010111010010100100101101000111100001010000001101101001100010010100000111111100101000101000000010111100110110101011110110111101
11010011000011100001100000000110111001000111010011100001010111010010100100101101000111100001010000001101011010111111000101111101010110011101000011010101101011101000110111111000010101
11010011000011100001100000000110111001000111010011100001010111010010100100101101000111100001010000001101010111010010101110111100101001001111101001001101001101110100110111111000010101
11010011000011100001100000000110111001000111010011100001010111010010100100101101000111100001010000001101101001100010010100000111111100101000101000011010011100110110101011110110111101
11010011000011100001100000000110111001000111010011100001010111010010100100101101000111100001010000001101011010111111000101111101010110011101000011001101001101110100110111111000010101
11010011000011100001100000000110111001000111010011100001010111010010100100101101000111100001010000001101010111011000011011011100101001001111101001100110001011101000110111111000010101
11010011000011100001100000000110111001000111010011100001010111010010100001110101100001101101101000110110100000001000110100010011101011000011010001100101111001101000110111111000010101
11010011000011100001100000000110111001000111010011100001010111010010100100101101000111100001010000001101010111001101111001000111111100101000101000011010011100110110101011110110111101
