00111111101111000111100010101100101110000100010010100010001000000000000100011011100011010110111101110111010101100010000101100000101000010010110111000000000010101010101001011000110101
00111111101111010010001001111010000011011110100111001001011110101101011110101110001000000000010000101101100000001001010011001101110010100111011100010110101111110000011100001101100111
01101001100111000111100010101100101110000100010010100010001000000000000100011011100011010110111101110111010101100010000101100000101000010010110111000000000010101010101001011000110101
00111111101110100111100010101100101110000100010010100010001000000000000100011011100011010110111101110111010101100010000101100000101000010010110111000000000010101010101001011000110101
00111111101111000111000010101100101110000100010010100010001000000000000100011011100011010110111101110111010101100010000101100000101000010010110111000000000010101010101001011000110101
00111111101111001110100010101100101110000100010010100010001000000000000100011011100011010110111101110111010101100010000101100000101000010010110111000000000010101010101001011000110101
00111111101111000111100010101100101110000100010010100010001000000000000100011011100011010110111101110111010101100010000101100000101000010111101101110011001010011000111111111101100111
00111111101110101010001001111010000011011110100111001001011110101101011110101110001000000000010000101101100000001001010011001101110010100111011100010110101111110000011100001101100111
00111111101111010010101001111010000011011110100111001001011110101101011110101110001000000000010000101101100000001001010011001101110010100111011100010110101111110000011100001101100111
00111111101111011011100010101100101110000100010010100010001000000000000100011011100011010110111101110111010101100010000101100000101000010010110111000000000010101010101001011000110101
00111111101111010001000010101100101110000100010010100010001000000000000100011011100011010110111101110111010101100010000101100000101000010010110111000000000010101010101001011000110101
00111111101111001000001001111010000011011110100111001001011110101101011110101110001000000000010000101101100000001001010011001101110010100111011100010110101111110000011100001101100111
00111111101111000111100010101100101110000100010010100010001000000000000100011011100011010110111101110111010101100010000101100000101000010010110111000001010100100010111111111101100111
00111111101111011011001001111010000011011110100111001001011110101101011110101110001000000000010000101101100000001001010011001101110010100111011100010110101111110000011100001101100111
00111111101111000100001001111010000011011110100111001001011110101101011110101110001000000000010000101101100000001001010011001101110010100111011100010110101111110000011100001101100111
00111111101111010001111000000001000000011000010010100010001000000000000100011011100011010110111101110111010101100010000101100000101000010010110111000000000010101010101001011000110101
00111111101111000111100010101100101110000100010010100010001000000000000100011011100011010110111101110111010101100010000101100000101000010010110111000000000010101010101001011000110101
