00111101101001101101010011001100001010000101000001011100110011010111001000100011001110011101111110101110010111001101101000100011010111000001110100101101000110101001011101000001101100
00111101101001101101010011001100001010000000010010111111001011010111001000100011001110011101111110101110010111001101101000100011010111000001110100101101000110101001011101000001101100
00111101101001101101010011001100001010000101001010011001001010010001101111110011100001000011100111100011010111110011100110001110101001000001100100101101000110101001011101000001101100
00111101101001101101010011001100001010000101000000101000001100010111001000100011001110011101111110101110010111001101101000100011010111000001110100101101000110101001011101000001101100
00111101101001101101010011001100001010000101001010011001001010010001101111110011100001000011100111100010010000000110101010110011010111000001110100101101000110101001011101000001101100
00111101101001101101010011001100001010000101001010011001110000001010001000100011001110011101111110101110010111001101101000100011010111000001110100101101000110101001011101000001101100
00111101101001101101010011001100001010000101000001011100110011001011100101010011001110011101111110101110010111001101101000100011010111000001110100101101000110101001011101000001101100
00111101101001101101010011001100001010000101000001011101100010001111101110011110011110011101111110101110010111001101101000100011010111000001110100101101000110101001011101000001101100
00111101101001101101010011001100001010000101000001011100110011010111001000100011001110011101111110101110010111001101101000100011010111000001100100101101000110101001011101000001101100
00111101101001101101010011001100001010000101001010011001001011010111001000100011001110011101111110101110010111001101101000100011010111000001110100101101000110101001011101000001101100
00111101101001101101010011001100001010000101001010011001110000001101110000011111101001100000111000111000100111111000110001001110101001000001100100101101000110101001011101000001101100
00111101101001101101010011001100001010000101001010011001011011001001001110000001110000101011001110111001100110111001101111001110101001000001100100101101000110101001011101000001101100
00111101101001101101010011001100001010000101001010011001001010010001101111110011100001000011100111101110010111001101101000100011010111000001110100101101000110101001011101000001101100
00111101101001101101010011001100001010000101001010011001001010010000100110011110011110011101111110101110010111001101101000100011010111000001110100101101000110101001011101000001101100
00111101101001101101010011001100001010000101001010011001001010101110001011000110000110010011000011011010011100010010111111100011010111000001110100101101000110101001011101000001101100
00111101101001101101010011001100001010000101001010011001000001011100000110001001001100110010111111011001100110111001101111001110101001000001100100101101000110101001011101000001101100
00111101101001101101010011001100001010000101000001011100110011010111001000100011001110011101111110101110010111001101101000100011010111000001110100101101000110101001011101000001101100
