00010011000010110011111000100010100011101011110111001000000000001001001111011001000100110010110000101011111110111111010010001101001101111011101001100111011000010100001110011100111001
00010011000010110011111000100010100011010000100111010010110010011010001001001100010110000000001011010011011001101000000110101100010010111001001110100010101101110001101100001101101111
00010010111000010110111000000110000010000011010011101010100100101000101001001100010110000000001011010011011001101000000110101100010010111001001110100010101101110001101100001101101111
00010011000010110011111000100010100011101011110111001000000000001001001111011001000100110010110000101011111110111111010010001101001101111011101001100111011000010100001110010001101111
00010011000010110011111000100010100011101011110101111011110011010001110001111111110100110010110000101011111110111111010010001101001101111011101001100111011000010100001110011100111001
00010011000010110011111000100010100011101011110001111111010011111010111101101100101111100100011101110001001011010100000100100000010111001110000010110001110101001110111011111101101111
00010011000010110011111000100010100011101011110101111011110011010001110000110010010001011001010001001110001100001100101110001101001101111011101001100111011000010100001110011100111001
00010011000010110011111000100010100011101011110111001000000000001001001111011001000100110010110000101011111110111111010010001101001101111011110111100001010011001100110111000010011111
00010011000010110011111000100010100011101011110111001000000000001001001111011001000100110010110000101011111110111111010010001101001101111011101001100111011000010100001110010100011111
00010011111001010000111100001101101101101000001010111001011010111001000111011001000100110010110000101011111110111111010010001101001101111011101001100111011000010100001110011100111001
00010011000010110011111000100010100011101001100111100110110100100001110101101100101111100100011101110001001011010100000100100000010111001110000010110001110101001110111011111101101111
00010011000010110011111000100010100011010000100111010010110010011010001001001100010110000000001011010011011001101000000110101100010010111001111000001110101111011101111111001101101111
00010011000010110011111000100010100011101010100110001110011100000000010101101100101111100100011101110001001011010100000100100000010111001110000010110001110101001110111011111101101111
00010010111000010110111000000110000010000011010011101010100100101000101001001100010110000000001011010011011001101000000110101100010010111001111000001110101111011101111111001101101111
00010011000010110011111000100010100011101010101100111111010011111010111101101100101111100100011101110001001011010100000100100000010111001110000010110001110101001110111011111101101111
00010011111001010000111100001101101101101000001010111001011010111001000111001111011111100100011101110001001011010100000100100000010111001110000010110001110101001110111011111101101111
00010011000010110011111000100010100011101011110111001000000000001001001111011001000100110010110000101011111110111111010010001101001101111011101001100111011000010100001110011100111001
