11111110011011100110011110010110011000010010011011010011000001110001010100100100100011001001000110110111111001101101100011001100101100111000001110111111100111000001
11111110011011100110011110010110011000010010011011010011000001110001010100100100100011001001000110110111001001110100001111101111011100011101100010000011100111000001
11111110011011100110011110010110011000010010011011010011000001110001010100100100100011010010010110100010000001000101110111000100111010101010110010000011100111000001
11111110011011100110011110010110011000010010011011010011000001110001010100111101011001001000110010100111011000110100110111101100010101100010000010001111010111000001
11111110011011100110011110010110011000010010011011010011000001110001010101110111111101100001110110010011001100101010110011001100101100111000001110111111100111000001
11111110011011100110011110010110011000010010011011010011000001110001010100110010011001001000110010100111011000110100110111101100010101100010000010001111010111000001
11111110011011100110011110010110011000010010011011010011000001110001010100111101011001001000110010100111011000110001001000000110001000111101001001011110000111000001
11111110011011100110011110010110011000010010011011010011000001110001010100100100100011001001000110110111001001110100001111101111011100010011110011011111110111000001
11111110011011100110011110010110011000010010011011010011000001110001010100100101111111011010000000110000111100001111010011000001110000001110100001111110110111000001
11111110011011100110011110010110011000010010011011010011000001110001010100111000101011011111010100010000001000110001001000000110001000111101001001011110000111000001
11111110011011100110011110010110011000010010011011010011000001110001010100110010011001001000110010100111011000110001001000000110001000111101001001011110000111000001
11111110011011100110011110010110011000010010011011010011000001110001010100110010001111011010000000110000111100001111010011000001110000001110100001111110110111000001
11111110011011100110011110010110011000010010011011010011000001110001010100100100100011001001000110110111111001101101100010010110011110101111110101101001010111000001
11111110011011100110011110010110011000010010011011010011000001110001010100111101010100110001111000000011001100101010110011001100101100111000001110111111100111000001
11111110011011100110011110010110011000010010011011010011000001110001010100100101111111011010000000110000111100001111010111111100011011111001110001110001010111000001
11111110011011100110011110010110011000010010011011010011000001110001010100110010001111011010000000110000111100001111010111111100011011111001110001110001010111000001
11111110011011100110011110010110011000010010011011010011000001110001010100100100101000111010110101010100111010100111001110111100011011111001110001110001010111000001
