10111100101111010010000110001011000001001100111101101101110001011010001010111110101001111110010110101010001100101111100100000001001000000010110101111101011110000101
10100011110001100001010110110010010011101111110010100011100110101011101000100101000001101101100010010110010000110000100010100100111001010101111100001111010010111101
10100011110001100001010110110010010011101111110010100011100110101011101000100101000001101101100010010110010000110000100010100101111101011001101000111101011111000101
10100011110001100001010110110010010011101111110010100011100110101011101000100101000001101101100010010110010000110001110101010011101110101110111000111101011111000101
10100011110001100001010110110010010011101111110010100011100110101011101000100101000001101101100010010110010000110001110101010011100101010100101010101000011001000101
10100011110001100001010110110010010011111011001111011000000111101001011010110110010100111000111011001101000101001011111010111101001001000110001011010110101001000101
10100011110001100001010110110010010011101111110010100011100110101011101000100101000001101101100010010110010000110000100010100100111001010101111100000110101001000101
10111100101111010010000110001011000001001100111101101101110001011010001010111110101001111110010110101010001100101111100100000000110001010110001011010110101001000101
10100011110001100001010110110010010011101111110010100011100110101011101000100101000001101101100010010110010000110000100010100100110101011011111100000110101001000101
10100011110001100001010110110010010011101111110010100011100110101011101000100101000001101101100010010110010000110000100010100101111010101100010010101000011001000101
10100011110001100001010110110010010011101111110010100011100110101011101000100101000001101101100010010110010000110001110101010011100101010101001000111101011111000101
10111100101111010010001100100101100010100101010111100010110001110000001010111110101001111110010110101010001100101111100100000001001000000010110101111101011110000101
10100011110001100001010110110010010011111011001111011000000111101001011010110110010100111000111011001101000101001011111010111101001000001100010011110011100100000101
10100011110001100001010110110010010011101111110010100011100110101011101000100101000001101101100010010110010000110001110101010011101001011011000010101000011001000101
10100011110001100001010110110010010011101111110010100011100110101011101000100101000001101101100010010110010000110000100010100100111111101011111100000110101001000101
10111100101111010010001100100101100010100101010110100110111101101011110110011111000001101101100010010110010000110000100010100100111001010101111100001111010010111101
10100011110001100001010110110010010011101111001101001000000110110100101010010101011000011010100010010110010000110001110110101101100001111011000001110010100000000011
