00100111101011010101111101111000111011001111001010000010000101000011110110100110010111000110010001111001101101101110110011000000110100000000000101111111110000100110
00100111101011010101111101111000111011001111001010000010000101000011110110100110010111000110111110110001000111011011100010111011011101101001000101101001100010011010
00100111101011010101111101111000111011001111001010000010000101000011110110100110010111000110111110110001000111010101111101010001111100110000101000010011111100100000
00100111101011010101111101111000111011001111001010000010000101000011110110100110010111000110011110100110000000101010010111000101100010110100000101111111110000100110
00110000100101001001111101111000111011001111001010000010000101000011110110100110010111000110010001111001101101101110110011000000110100000000000101111111110000100110
00100111101011010101111101111000111011001111001010000010000101010010010001111000001001000010010001111001101101101110110011000000110100000000000101111111110000100110
00100111101011010101111101111000111011001111001010000010000101000011110110100110010111000110010001111001101101101110110011000000110100111101100101000010001110100110
00100111101011010101111101111000111011001111001010000010000101010010010001111000001001000010011110011000101111011100100100100000100010110100000101111111110000100110
00100111101011010101111101111000111011001111001010000010000101000011110110100110010111000110010001111001101101101110110011000000111001110111000001000111011101110011
00100111101011010101111101111000111011001111001010000010000101000011110110100110010111000110011110101110111001010101111101010001111100110000101000010011111100100000
00100111101011010101111101111000111011001111001010000010000101000011110110100110010111000110110001010010100011100101010110110100111100110000101000010011111100100000
00100111101010011000100001110101100100000101001010000010000101000011110110100110010111000110010001111001101101101110110011000000110100000000000101111111110000100110
00111100111111101001111101111000111011001111001010000010000101000011110110100110010111000110010001111001101101101110110011000000110100000000000101111111110000100110
00110000111110011110000111111000111011001111001010000010000101000011110110100110010111000110010001111001101101101110110011000000110100000000000101111111110000100110
00100111101011010101111101111000111011001111001010000010000101000011110110100110010111000110111110110001000111010101111101010001111100110000101000010011111100110110
00100111101011010101111101111000111011001111001010000010000101000011110110100110010111000110111110110001000111011011101111110001111001101100001101101001100010011010
00100111101011010101111101100000011011000000011111010111100001010010001001000101110010000111001111010010100100100101110100101001101101010111001111101011001011111001
