00100100011011101010001111011011011100111001010111001011110100000101000111100001101110000000101101000110111101101010001101110000100011110010000001111101000111111100
00100100011011101010001111011011011100111001010111001011110100000101000111100001101110000001111010010110110011001001101110100110000111101111011101101101000111111100
00100100011011101010001111011011011100111001010111001011110100000101000111100001101110000000101101000110111100101000111111100111001000010000011011000000000111111100
00100100011011101010001111011011011100111001010111001011110100000101000111100001101110000001010001110000000100000101100010001100111111110010110111101101100111111100
00100100011011101010001111011011011100111001010111001011110100000101000111100001101110000001010110101001011100101000111111100111001000010000011011000000000111111100
00100100011011101010001111011011011100111001010111001011110100000101011110110101001110100011011010010110110011001001101110100110000111101111011101101101000111111100
00100100011011101010001111011011011100111001010111001011110100000101011110001110011001010001010110101001011100101000111111100111001000010000011011000000000111111100
00100100011011101010001111011011011100111001010111001011110100000101000111100001101110000000101101000110111100101000111111100111001000010000011011000011100010001100
00100100011011101010001111011011011100111001010111001011110100000101011101101100000000011110101001101000111100101000111111100111001000010000011011000000000111111100
00100100011011101010001111011011011100111001010111001011110100000100100000011010000101000101101011100001100000001101110100011111101000100010111000110011000111111100
00100100011011101010001111011011011100111001010111001011110100000101000111100001101110000000101101000110111100101000111111100111001000100010111000110011000111111100
00100100011011101010001111011011011100111001010111001011110100000101000111100001101110000001010110101001011100101000111111100111001000010000011011000011100010001100
00100100011011101010001111011011011100111001010111001011110100000101011110001110011001010001010110101001011100101000111111100111001000010000011011000011100010001100
00100100011011101010001111011011011100111001010111001011110100000101000111100001101110000001011001001010111000010011001110011111101000100010111000110011000111111100
00100100011011101010001111011011011100111001010111001011110100000101000111100001101110000001010110101001011100101000111111100111001000100010111000110011000111111100
00100100011011101010001111011011011100111001010111001011110100000101011101101100000000011110101001101000111100101000111111100111001000010000011011000011100010001100
00100100011011101010001111011011011100111001010111001011110100000101000111100001101110000001010110101001011100101000111111100111001000010001010001011010101001011101
