01000111100100011100001001010000011110000000010111001100000000110110110100101011110110000100111010101010010000001010101001000000011111111011011110111001110101010101
01000111100110011100001001010000011110000000010111001100000000110110110100101011110110000100111010101010010000001010101001000000011111111011011110111001110101010101
01000111100100011100001001010000011110000000010111001100000000110110110100101011110110000100111001101010010000001010101001000000011111111011011110111001110101010101
01000111101100100110001001010000011110000000010111001100000000110110110100101011110110000100111010101010010000001010101001000000011111111011011110111001110101010101
01000111100100011100001001010000011110000000010111001100000001000000011011101011110110000100111010101010010000001010101001000000011111111011011110111001110101010101
01000111110010011100001001010000011110000000010111001100000000110110110100101011110110000100111010101010010000001010101001000000011111111011011110111001110101010101
11011000100110101011111001010000011110000000010111001100000000110110110100101011110110000100111010101010010000001010101001000000011111111011011110111001110101010101
01000111100111001100001001010000011110000000010111001100000000110110110100101011110110000100111010101010010000001010101001000000011111111011011110111001110101010101
01001010100110011011111001010000011110000000010111001100000000110110110100101011110110000100111010101010010000001010101001000000011111111011011110111001110101010101
01000111100111101011111001010000011110000000010111001100000000110110110100101011110110000100111010101010010000001010101001000000011111111011011110111001110101010101
01000111100100011100001001010000011110000000010111001100000000111101110100101011110110000100111010101010010000001010101001000000011111111011011110111001110101010101
01000111100100011100001001010000011110000000010101000000111000100110110100101011110110000100111010101010010000001010101001000000011111111011011110111001110101010101
01000111100100011100001001010000011110000000010111001100000000101010001100000101010110000100111010101010010000001010101001000000011111111011011110111001110101010101
01000111110011101100001001010000011110000000010111001100000000110110110100101011110110000100111010101010010000001010101001000000011111111011011110111001110101010101
01000111100100110001001001010000011110000000010111001100000000110110110100101011110110000100111010101010010000001010101001000000011111111011011110111001110101010101
01000111100100011100001001010000011110000000010111001100000000110110110100101011110110000100111111010110000000100001000001000000011111111011011110111001110101010101
01000111100100011100001001010000011110000000010111001100000000110110110100101011110110000100111010101010010000001010101001000000011111111011011110111001110101010101
