11011100101000111000111001110110111111001000001100000110000001000000100010110111110001011001000110001101101100001101010011001010011000010101000011110001110011101010
00111001000001010011000101010110001110101000001100000110000001000000100010110111110001011001000110001101101100001101010011001010011000010101000011110001110011101010
00111001000001010011000110110010010000101000001100000110000001000000100010110111110001011001000110001101101100001101010011001010011000010101000011110001110011101010
01000101011100100011100011000011101000101000001100000110000001000000100010110111110001011001000110001101101100001101010011001010011000010101000011110001110011101010
00111001000001010000001001000101111110001100011100000110000001000000100010110111110001011001000110001101101100001101010011001010011000010101000011110001110011101010
00111001000001010011000101010110111111001000001100000110000001000000100010110111110001011001000110001101101100001101010011001010011000010101000011110001110011101010
11011100101000111000111001110110111111001000001100000110000001000000100010110111110001011001000110001101101100001101010011001010011000010101000000010111111011110001
00111001000001010000001001000101111111001000001100000110000001000000100010110111110001011001000110001101101100001101010011001010011000010101000011110001110011101010
00111001000001010011111011111000110100101000001100000110000001000000100010110111110001011001000110001101101100001101010011001010011000010101000011110001110011101010
11011100001000101100111111110101010000101000001100000110000001000000100010110111110001011001000110001101101100001101010011001010011000010101000011110001110011101010
01000101011100110010111010100100111100111011001100000110000001000000100010110111110001011001000110001101101100001101010011001010011000010101000011110001110011101010
11011100101000111000111001110110111111001000001100000110000001000000100010110111110001011001000110001101101100001101010011001010001000010101000011110001110011101010
11011100101000111000111001110110111111001000001100000110000001000000100010110111110001011001000110001101101100001101010011001010000111111100010111010001110011101010
11011100101000111000111001110110111111001000001100000110000001000000100010110111110001011001000110001101101100001101010011001010011000011010110111000111111111111010
11011100101000111000111001110100001000101000001100000110000001000000100010110111110001011001000110001101101100001101010011001010011000010101000011110001110011101010
11011100101000111000111001110110111111001001001100000110000001000000100010110111110001011001000110001101101100001101010011001010011000010101000011110001110011101010
11011100101000111000111001110110111111001000001100000110000001000000100010110111110001011001000110001101101100001101010011001010011000010101000011110001110011101010
