11000000111110010010010000011101111010010111011010100010111100011001111110100100010001100111001111101110001101010100100111010110001001001010111110101000010011000111
11000000111110010010010000011101111010010111011010100010111100011001111110100100010001100111001111101110001101010100100111010110001001001010111101101101010100110111
11000000111110010010010000011101111010010111011010100010111100011001111110100100010001100111001111101110001101010100100111010110001111010000010100111011101000110111
11000000111110010010010000011101111010010111011010100010111100011001111110100100010001100111001111101110001101010100110000010001100000100011001001100100111001000111
11000000111110010010010000011101111010010111011010100010111100011001111110100100010001100111001111101110001101010100110000010001100000100011001001100100000100110111
11000000111110010010010000011101111010010111011010100010111100011001111110100100010001100111001111101110001101010100100111010110001111010000010100011010000100110111
11000000111110010010010000011101111010010111011010100010111100011001111110100100010001100111001111101110001101010100100111010110001001001010111110100101010011000111
11000000111110010010010000011101111010010111011010100010111100011001111110100100010001100111001111101110001101010100100111010110001001001010111110000100000100110111
11000000111110010010010000011101111010010111011010100010111100011001111110100100010001100111001111101110001101010100100111010110001001001010111110000100011111111101
11000000111110010010010000011101111010010111011010100010111100011001111110100100010001100111001111100000111000000010011001100001010101111100000111101101010100110111
11000000111110010010010000011101111010010111011010100010111100011001111110100100010001100111001111101110001101010100110000010001100000100011001001100101110100110111
11000000111110010010010000011101111010010111011010100010111100011001111110100100010001100111001111101110001101010100100111010110001001001010111101110011010100110111
11000000111110010010010000011101111010010111011010100010111100011001111110100100010001100111001111101110001101010100100111010110001111010000010100000101010100110111
11000000111110010010010000011101111010010111011010100010111100011001111110100100010001100111001111101110001101010100100111010110001001001010111110100101010010110111
11000000111110010010010000011101111010010111011010100010111100011001111110100100010001100111001111101110001101010100100111010110001001001010111110001000111001000111
11000000111110010010010000011101111010010111011010100010111100011001111110100100010001100111001101110000001000000010011001100001010101111100000111101101010100110111
11000000111110010010010000011101111010010111011010100010111100011001111110100100010001100111001111101110001101010100100111010110001111010000011010110010011111111101
