00010100001010101101011010100010011101100010011010110110101010100001111100010100111011101111010001001001000111110001001010001001101110000111001001111011101011101010
01001000111000000111111010100010011101100010011010110110101010100001111100010100111011101111010001001001000111110001001010001001101110000111001001111011101011101010
00011110010000000111111010100010011101100010011010110110101010100001111100010100111011101111010001001001000111110001001010001001101110000111001001111011101011101010
01001000111000000110000010100010011101100010011010110110101010100001111100010100111011101111010001001001000111110001001010001001101110000111001001111011101011101010
01001000111001101010000010100010011101100010011010110110101010100001111100010100111011101111010001001001000111110001001010001001101110000111001001111011101011101010
00010100001010000111111010100010011101100010011010110110101010100001111100010100111011101111010001001001000111110001001010001001101110000111001001111011101011101010
00010100001010101100011011100010011101100010011010110110101010100001111100010100111011101111010001001001000111110001001010001001101110000111001001111011101011101010
00010100001010101100011100010111101011100010011010110110101010100001111100010100111011101111010001001001000111110001001010001001101110000111001001111011101011101010
01001000111000000110110110110100011011000111001010110110101010100001111100010100111011101111010001001001000111110001001010001001101110000111001001111011101011101010
00010100101010100001011010100010011101100010011010110110101010100001111100010100111011101111010001001001000111110001001010001001101110000111001001111011101011101010
00011110010010001101111010100010011101100010011010110110101010100001111100010100111011101111010001001001000111110001001010001001101110000111001001111011101011101010
00010100001010110111111010100010011101100010011010110110101010100001111100010100111011101111010001001001000111110001001010001001101110000111001001111011101011101010
01001111001101110101111010100010011101100010011010110110101010100001111100010100111011101111010001001001000111110001001010001001101110000111001001111011101011101010
00010100001010101010111110100010011101100010011010110110101010100001111100010100111011101111010001001001000111110001001010001001101110000111001001111011101011101010
00010100001010010001011010100010011101100010011010110110101010100001111100010100111011101111010001001001000111110001001010001001101110000111001001111011101011101010
01001000111000011101011010100010011101100010011010110110101010100001111100010100111011101111010001001001000111110001001010001001101110000111001001111011101011101010
00010100001010101101011010100010011101100010011010110110101010100001111100010100111011101111010001001001000111110001001010001001101110000111001001111011101011101010
