11100011010001001010110100011011100101001100101001011101001101111101110111100111010000010101010100100100101111101101100000100110011011111000001100010001000010001111
11100011010001001010110100011011100101001100101001011101001101111101110111100111010000010101010100100100101111101101100000100110000100000001011000110001000010001111
11100011010001001010110100011011100101001100101001011101001101111101110111100111010000010101010100100100101111101101100000100110000100001001001110100011010010001111
11100011010001001010110100011011100101001100101001011101001101111101110111100111010000010101010100100100101111101101100000100110011011111000000010110100000010001111
11100011010001001010110100011011100101001100101001011101001101111101110111100111010000010101010100100100101111101101100000100110011011111000000011110111110101011111
11100011010001001010110100011011100101001100101001011101001101111101110111100111010000010101010100100100101111101101100000100110011011111000000010110001000010001111
11100011010001001010110100011011100101001100101001011101001100100000010100110110100000101100101000101100111001111111011001111100101001101101110100110001000010001111
11100011010001001010110100011011100101001100101001011101001101111101110111100111010000010101010100100100101111101101100000100110011011111000111010110001000010001111
11100011010001001010110100011011100101001100101001011101001101111101110111100111010000010101010100100100101111101101100000100110011011111000011111000010000010001111
11100011010001001010110100011011100101001100101001011101001101111101110111100111010000010101010100100100101111101101100100001000100010011110110100100100000010001111
11100011010001001010110100011011100101001100101001011101001101111101110111100111010000010101010100100100101111101101100000100110000100000000111010110001000010001111
11100011010001001010110100011011100101001100101001011101001101111101110111100111010000011101010100100100101111101101100000100110011011111000001100010001000010001111
11100011010001001010110100011011100101001100101001011101001101111101110111100111010000010101010100100100101111101101100000100110011000011111001000110001000010001111
11100011010001001010110100011011100101001100101001011101001101111101110111100111010000010101010100100100101111101101100000100110011010011000001100010001000010001111
11100011010001001010110100011011100101001100101001011101001100100000010100110110100001011000010011011010110100110100001011001111111010010111100000000100100000001010
11100011010001001010110100011011100101001100101001011101001101111101110111100111010000010101010100100100101111101101100000100110011011111000000010100100100000001010
11100011010001001010110100011011100101001100101001011101001101111101110111100111010000010101010100100100101111101101100100001000100010011110110100100100001010001010
