00001110011001000010001100101100000111100011000010000000101001110010100110101100011000101100010000101010110100010101000110101101010111001110010100101110000010100111
00001110011001000010001100101100000111100011000010000000101001110000111111111000111011100001000111101010110100010101000110101101010111001110010100101110000010100111
00001110011001000010001100101100000111100011000010000000101001110010100110101100011000101100010111010100000100010101000110101101010111001110010100101110000010100111
00001110011001000010001100101100000111100011000010000000101001110000111111111000111000000111110000101010110100010101000110101101010111001110010100101110000010100111
00001110011001000010001100101100000111100011000010000000101001110011011010110101101000001001000011001000110100010101000110101101010111001110010100101110000010100111
00001110011001000010001100101100000111100011000010000000101001110000111111111000111011100010011001000000110100010101000110101101010111001110010100101110000010100111
00001110011001000010001100101100000111100011000010000000101001111111011100110110110111010100001000001010110100010101000110101101010111001110010100101110000010100111
00001110011001000010001100101100000111100011000010000000101001110000111111111000111000000100010000101010110100010101000110101101010111001110010100101110000010100111
00001110011001000010001100101100000111100011000010000000101001110011011010110001111001010011010000001010110100010101000110101101010111001110010100101110000010100111
00001110011001000010001100101100000111100011000010000000101001111111011100110110110111011010001011110100000100010101000110101101010111001110010100101110000010100111
00001110011001000010001100101100000111100011000010000000101001110000111111111000111000000011110011011001011101011110001001101110001101001110010100101110000010100111
00001110011001000010001100101100000111100011000010000000101001110000111111111000111011111001101111010100000100010101000110101101010111001110010100101110000010100111
00001110011001000010001100101100000111100011000010000000101001110000111111111000111000000100000111111010110100010101000110101101010111001110010100101110000010100111
00001110011001000010001100101100000111100011000010000000101001110000111111111000111101000000100011011001011101011110001001101110001101001110010100101110000010100111
00001110011001000010001100101100000111100011000010000000101001110000111111111000111010110101011111001010110100010101000110101101010111001110010100101110000010100111
00001110011001000010001100101100000111100011000010000000101001110011011010110101101000001001000011000000110100010101000110101101010111001110010100101110000010100111
00001110011001000010001100101100000111100011000010000000101001110000111111111000111011100001000111101010110100010101000110101101010111001110010100101110000010100111
