01011110010110101101000100011011101111100101011110101001100011010111011100111010011101111100111111101110010000000101101100100011100100110111010001110101100111111000
01001000101000111001000110110010011110000111010100110011001001000100111100111010011101111100111111101110010000000101101100100011100100110111010001110101100111111000
01001000101000111001000110110010011110000111100101111011110110111010111100111010011101111100111111101110010000000101101100100011100100110111010001110101100111111000
01001000101000111001000110110010011110000111100101110010011000100101000000101110001010011000001010011101101100010110110011100101011100110111010001110101100111111000
01011110010110101101000100011011101111100101011110101001100011010111011100111010011101111100111111010000111111001110010100000000001110110010010001110101100111111000
01001000101000111001000110110010011110000111010100110011001001000100111100111010011101111100111111010000111111001110010100000000001110110010010001110101100111111000
10111100110000000100001100010110011011010111001001001100001111011000111100111010011101111100111111101110010000000101101100100011100100110111010001110101100111111000
01001000101000111001000110110010011110000111100101110010011000100101000010010100000100000000001010011101101100010110110011100101011100110111010001110101100111111000
01001000101000111001000110110010011110000111100101110010011000100101000100000001001100010101101011110000010000000101101100100011100100110111010001110101100111111000
01011110010110101101000100011011101111100101010111001000111110011111011100111010011101111100111111101110010000000101101100100011100100110111010001110101100111111000
01001000101000111001000110110010011110000111100101110010011000100101000010110110001011011101010101110001011100011100000101001110111010001101100010110101100111111000
01001000101000111001000110110010011110000111100101111011110110111010111100111010011101111100111111010000111111001110010100000000001110110010010001110101100111111000
01011110010110101101000100011011101111100101011110101001100011010111011100111010011101111100111111101110010100101010010100010000001110110010010001110101100111111000
01011110010110101101000100011011101111100101011110101001100011010111011100111010011101111100111111010000111111001110010100000001000111001101111111110101100111111000
01001000101000111001000110110010011110000111010100110011001001000100111100111010011101111100111111101110010100101010010100010000001110110010010001110101100111111000
01001000101000111001000110110010011110000111010100110011001001000100111100111010011101111100111111010000111111001110010100000001000111001101111111110101100111111000
10000100001111011001000110110010011110000111100101110010011000100101000010110110001010100000100001111010111010101011000111111011100100110111010001110101100111111000
