10101010010000110010011000110100110000000100111010001001001101011101101110001101010010101000000001000101011101011111101011010110001110000001000101110010010010011000
00011010010000110010011000110100110000000100111010001001001101011101101110001101010010101000000001000101011101011111101011010110001110000001000101110010010010011000
01111101110001110000101010100011011000000100111010001001001101011101101110001101010010101000000001000101011101011111101011010110001110000001000101110010010010011000
10101010010000110010011000110100110000000100111000001001001101011101101110001101010010101000000001000101011101011111101011010110001110000001000101110010010010011000
10101010010000110010011000110101101100110010000010001001001101011101101110001101010010101000000001000101011101011111101011010110001110000001000101110010010010011000
10101010010000111111011000110100110000000100111010001001001101011101101110001101010010101000000001000101011101011111101011010110001110000001000101110010010010011000
10101010010000110010011000110100110001010000010010001001001101011101101110001101010010101000000001000101011101011111101011010110001110000001000101110010010010011000
10101010010000110010011000110100110000000100111010001001001101011101101110001101010010101000000001000101011101011111101011010110001110000001000101110111001111011100
10110100101010110010011000110100110000000100111010001001001101011101101110001101010010101000000001000101011101011111101011010110001110000001000101110010010010011000
10101010010000110010011000110100110000000100111010001001001101011101101010000100101000011111100011000101011101011111101011010110001110000001000101110010010010011000
10101010010000110010011000110100110000000100111010001001001101011101101110001101010010101000000001000101011101011111101011010110000000111110000101110010010010011000
10101010010000110010011000110100110000000100111010001001001101011101101110001101010010101000000001000101011101011111101011010110001010110110000101110010010010011000
10101010010000110010011000110100110000000100111010001001001101011101101110001101010010101000000001000101011101011111100001010110001110000001000101110010010010011000
10101010010000110010011000110100110000000100111010001001001101011101101110001101010010101000000001000101011101011111101011010110001110000001000101110010010010011100
10101010010000110010011000110100110000000100111001101110001011011101101110001101010010101000000001000101011101011111101011010110001110000001000101110010010010011000
10101010010000110010011000110100110000000100111010001001001101011101101110001101010010101000000001000101011101011111101011010110001110000000101011001101001111011100
10101010010000110010011000110100110000000100111010001001001101011101101110001101010010101000000001000101011101011111101011010110001110000001000101110010010010011000
