10001010010011001100000010011001010110100010011110001100011110000001110110001011101000000000010010110000000000000111101101101000111111111011111111111010100100011000
10001010010011001100000010011001010110100010011110001100011110000001110110001011101000000000010010110000000000000111101101101000111111111011111111111011010010011010
10001010010011001100000010011001010110100010011110001100011110000001110110001011101000000000010010110000000000000111111011111010000010001111001011011000010011111000
10001010010011001100000010011001010110100010011110001100011110000001110110001011101000000000010010110000000000000111101101101000111111111011111111111111011100111000
10001010010011001100000010011001010110100010011110001100011110000001110110001011101000000000010010110000000000000111101101101000111110111001001101101010010101111000
10001010010011001100000010011001010110100010011110001100011110000001110110001011101000000000010010110000000000000111101101101000111110111001001101101000111001010000
10001010010011001100000010011001010110100010011110001100011110000001110110001011101000000000010010110000000000000111101101101000111111111011111111111010010101111000
10001010010011001100000010011001010110100010011110001100011110000001110110001011101000000000010010110000000000000111101101101000111111111011111100001010010101111000
10001010010011001100000010011001010110100010011110001100011110000001110110001011101000000000010010110000000000000111101101101000111111111011111111111111011100101001
10001010010011001100000010011001010110100010011110001100011110000001110110001011101000000000010010110000000000000111101101101000111111111011111111111111010011001000
10001010010011001100000010011001010110100010011110001100011110000001110110001011101000000000010010110000000000000111101010101101000111111110000101000000000100100100
10001010010011001100000010011001010110100010011110001100011110000001110110001011101000000000010010110000111110100100011010001000110011111101111110111010010101111000
10001010010011001100000010011001010110100010011110001100011110000001110110001011101000000000010010110000000000000111101101101000111111111011111111111111011100101000
10001010010011001100000010011001010110100010011110001100011110000001110110001011101000000000010010110000000000000111101101101000111111111011111111111011010010011000
10001010010011001100000010011001010110100010011110001100011110000001110110001011101000000000010010110000000000000111101101101000111111111011111111111111011101000010
10001010010011001100000010011001010110100010011110001100011110000001110110001011101000000000010010110000000000000111101101101000111111111011111111111011010010101000
10001010010011001100000010011001010110100010011110001100011110000001110110001011101000000000010010110000000000000111101101101000111111111011111111111011010010011011
