01001111110001011101010000010001010111110100011111111011011001101110001010100100010001010111011011110111101111001011110110110101110010011011100001101010011100111011
01001111110001011101010000010001010111110100011111111011011001101110001010100100010001010111011011011100100100110110000011101011110010011011100001101010011100111011
01001111110001011101010000010001010111110100011111111011011001101110001010100100010001010111011011110111101111001011001001001111110010111011100001101010011100111011
01001111110001011101010000010001010111110100011111111011011001101110001010100100010001010111011011110111101111001011110111001101110010011011100001101010011100111011
01001111110001011101010000010001010111110100011111111011011001101110001010100100010001010111011011110111101111001011001001001111110111000000100001101010011100111011
01001111110001011101010000010001010111110100011111111011011001101110001010100100010001010111011011110111101111001011111111110111000000011011100001101010011100111011
01001111110001011101010000010001010111110100011111111011011001101110001010100100010001010111011011110111101111001011110110110101110010111011100001101010011100111011
01001111110001011101010000010001010111110100011111111011011001101110001010100100010001010111011011110111101111001011110111001111111110110111110001100100111100111011
01001111110001011101010000010001010111110100011111111011011001101110001010100100010001010111011011110111101111001011110110110101110010011011100001100100111100111011
01001111110001011101010000010001010111110100011111111011011001101110001010100100010001010111011011110111101111001011110111001111111110101110101000101010011100111011
01001111110001011101010000010001010111110100011111111011011001101110001010100100010001010111011011110111101111001011110110110101110010010111011000101010011100111011
01001111110001011101010000010001010111110100011111111011011001101110001010100100010001010111011011110111101111001011111111110101110010011011100001101010011100111011
01001111110001011101010000010001010111110100011111111011011001101110001010100100010001010111011011110111101111001011110111001111110010011011100001101010011100111011
01001111110001011101010000010001010111110100011111111011011001101110001010100100010001010111011011110111101111001010000011101011110010011011100001101010011100111011
01001111110001011101010000010001010111110100011111111011011001101110001010100100010001010111011011110111101111001011110110110101110010011011100010101101000010000001
01001111110001011101010000010001010111110100011111111011011001101110001010100100010001010111011011110111101111001011110111001111111110101111000110100011011001011010
01001111110001011101010000010001010111110100011111111011011001101110001010100100010001010111011011110111101111001011110110110101110010011011100001101010011100111011
