10111000001000010001101111010011001011001011111000110010101111011110111010000100101001011110011001011011011000011101001110110011111100111001011001001011110101011010
10111000001000001110011001110111001011001011111000110010101111011110111010000100101001011110011001011011011000011101001110110011111100111001011001001011110101011010
10111000001000010001101111010011001011001011111000110010101111011110111010000100101001010011010000001101111010111001011110110000100010111101001101001011110101011010
10111000001000010001101111010011001011001011111000110010101111011110111010000100101001010001000000001101111010111001011110110000100010111101001101001011110101011010
10111000001000010001101111010011001011001011111000110010101111011110111010000100101001011110000000001101111010111001011110110000100010111101001101001011110101011010
10111000001000001110011001110111001011001011111000110010101111011110111010000100101001010011010000001101111010111001011110110000100010111101001101001011110101011010
10111000001000001110011001110111001011001011111000110010101111011110111010000100101001010001000000001101111010111001011110110000100010111101001101001011110101011010
10111000001000001110011001110111001011001011111000110010101111011110111010000100101001011110000000001101111010111001011110110000100010111101001101001011110101011010
10111000001000010001101111010011001011001011111000110010101111011110111010000100101001011110100010000101111010111001011110110000100010111101001101001011110101011010
10111000001000010001101111010011001011001011111000110010101111011110111010000100101001010001000001011011011000011101001110110011111100111001011001001011110101011010
10111000001000010001101111010011001011001011111000110010101111011110111010000100101001010010000000001101111010111001011110110000100010111101001101001011110101011010
10111000001000010001101111010011001011001011111000110010101111011110111010000100101001011110100011011011011000011101001110110011111100111001011001001011110101011010
10111000001000010001101111010011001011001011111000110010101111011110111010000100101001011110011010110111010010011101001110110011111100111001011001001011110101011010
10111000001000010001101111010011001011001011111000110010101111011110111010000100101001011110011001011011011000011101001110110011111100111101010001011101011001001000
10111000001000001110011001110111001011001011111000110010101111011110111010000100101001010001000001011011011000011101001110110011111100111001011001001011110101011010
10111000001000001110011001110111001011001011111000110010101111011110111010000100101001011110011001011011011000011101001110110011111100111101010001011101011001001000
10111000001000001110110001101001001011001011111000110010101111011110111010000100101001010001000001011011011000011101001110110011111100111001011001001011110101011010
