11010011111111110010011101001000010100110101101001000110010000101100100010011111111111101001001011000111100011111000101110010110110010111011000001011101011111110100
11010011111111110010011101001000010100110101101001000110010000101100100010011111111110000101100111001101110110110110101110010110110010111011000001011101011111110100
11010011111111110010011101001000010100110101101001000110010000101100100010011111111110011001000111100111111001111000101110010110110010111011000001011101011111110100
11010011111111110010011101001000010100110101101001000110010000101100100010011111111111101000010111101000000110110110101110010110110010111011000001011101011111110100
11010011111111110010011101001000010100110101101001000110010000101100100010011111111110011010011111111110010101111000101110010110110010111011000001011101011111110100
11010011111111110010011101001000010100110101101001000110010000101100100010011111111110011001111111011110010010101000101110010110110010111011000001011101011111110100
11010011111111110010011101001000010100110101101001000110010000101100100010011111111110011010011100011010001101111000101110010110110010111011000001011101011111110100
11010011111111110010011101001000010100110101101001000110010000101100100010011111111110011110001010111100111010110110101110010110110010111011000001011101011111110100
11010011111111110010011101001000010100110101101001000110010000101100100010011110000010000100011000110011001110110110101110010110110010111011000001011101011111110100
11010011111111110010011101001000010100110101101001000110010000101100100010011111111110011000010110110100101101111000101110010110110010111011000001011101011111110100
11010011111111110010011101001000010100110100010101011011111111011011011100111000101110010101011100010000101001111000101110010110110010111011000001011101011111110100
11010011111111110010011101001000010100110101101001000110010000101100100010011111111110000101100111001101110110100001100001100001011100101100110001011101011111110100
11010011111111110010011101001000010100110101101001000110010000101100100010011111111111010010101101010001010111100011010011110110110010111011000001011101011111110100
11010011111111110010011101001000010100110101101001000110010000101100100010011111111110011010011100001011011011101110001000011000011001101011000001011101011111110100
11010011111111110010011101001000010100110101101001000110010000101100100010011111111110011001000100000101110110100001100001100001011100101100110001011101011111110100
11010011111111110010011101001000010100110101101001000110010000101100100010011111111110000001000011001000101101111000101110010110110010111011000001011101011111110100
11010011111111110010011101001000010100110101101001000110010000101100100010011111111111101001001011000111100011111000101110010110110010111011000001011101011111110100
