01010101010010000000101110101110100111100001000111110001110011011100001100111011111111010001101110010010110101000111100001100001000011101110101010011011000101100000
01010101010010000000101110101110100111100001000111110001110011011100001100111011111111010001101110010010110101000111100001100001001110000011000011110001111011110000
01010101010010000000101110101110100111100001000111110001110011011100001100111011111111010001101110010010110101000111100001100001001110000011000011111001011011110000
01011110011100000000101110101110100111100001000111110001110011011100001100111011111111010001101110010010110101000111100001100001000011101110101010011011000101100000
01011110011100000000101110101110100111100001000111110001110011011100001100111011111111010001101110010010110101000111100001100001001110000011000011110001111011110000
01011110011100000000101110101110100111100001000111110001110011011100001100111011111111010001101110010010110101000111100001100001001110000011000011111001011011110000
01010101010010000000101110101110100111100001000111110001110011011100001100111011111111010001101110010010110101000110100101010001110101110111011011001010111011110000
01010101010010000000101110101110100111100001000111110001110011011100001100111011111111010001101110010010110101000111100001100001000011101110101010011011111011110000
01010101010010000000101110101110100111100001000111110001110011011100001100111011111111010001101110010010110101000111101110100111010010001011010101100011000101100000
01010101010010000000101110101110100111100001000111110001110011011100001100111011111111010001101110010010110101000111100001100001000011101110101010011011000010100110
01010101010010000000101110101110100111100001000111110001110011011100001100111011111111010001101110010000011011100100010101101010101101111010000001001011000101100000
01011110011100000000101110101110100111100001000111110001110011011100001100111011111111010001101110010010110101000111100001100001000011101110101010011011000010100110
01011111110100000000101110101110100111100001000111110001110011011100001100111011111111010001101110010010110101000111100001100001000011101110101010011011000101100000
01010101010010000000101110101110100111100001000111110001110011011100001100111011111111010001101110010010110101000111100001100001000011101011010101100011000101100000
01011111111100000000101110101110100111100001000111110001110011011100001100111011111111010001101110010010110101000111100001100001000011101110101010011011000101100000
01011110101100000000101110101110100111100001000111110001110011011100001100111011111111010001101110010010110101000111100001100001000011101110101010011011000101100000
01010110111100000000101110101110100111100001000111110001110011011100001100111011111111010001101110010010110101000111100001100001000011101011010101100011000101100000
