11010010000110011111110010010110011001000001001000110110000111010001000110000100001110110100101101100111100001010000100111111111010000011110001110110110100001100101
11010010000110011111110010010110011001000001001000110110000111010001000110000100001110110100101101100111100001010000100111111111010000011110001110110110101110111000
11010010000110011111110010010110011001000001001000110110000111010001000110000100001110110100101101100111100001010000100111111111010000011110001110110111001011100101
11010010000110011111110010010110011001000001001000110110000111010001000110000100001110110100101101100111100001010000100111111111010000011110001110110111001001110101
11010010000110011111110010010110011001000001001000110110000111010001000110000100001110110100101101100111100001010000100111111111010000011110001110110111000100111000
11010010000110011111110010010110011001000001001000110110000111010001000110000100001110110100101101100111100001010000100111111111010000011110001110110111011011100101
11010010000110011111110010010110011001000001001000110110000111010001000110000100001110110100101101100111100001010000100111111111010000011110001110110110101011100101
11010010000110011111110010010110011001000001001000110110000111010001000110000100001110110100101101100111100001010000100111111111010000011110001110110110011011100101
11010010000110011111110010010110011001000001001000110110000111010001000110000100001110110100101101100111100001010000100111111111010000011110000010001100100001110101
11010010000110011111110010010110011001000001001000110110000111010001000110000100001110110100101101100111100001010000100111111111010000011010101111000110100001100101
11010010000110011111110010010110011001000001001000110110000111010001000110000100001110110100101101100111100001010000100111111111010000011110001110110111000110100101
11010010000110011111110010010110011001000001001000110110000111010001000110000100001110110100101101100111100001010000100111111111010000011110000010001111010110100101
11010010000110011111110010010110011001000001001000110110000111010001000110000100001110110100101101100111100001010000100111111111010000011110001110110110100001110101
11010010011100001010000101101111101100001001001000110110000111010001000110000100001110110100101101100111100001010000100111111111010000011110001110110110100001100101
11010010011100001010000101101111101100001001001000110110000111010001000110000100001110110100101101100111100001010000100111111111010000011110001110110110101110111000
11010010000110011111110010010110011001000001001000110110000111010001000110000100001110110100101101100111100001010000100111111111010000011110001111001000100001100101
11010010000110011111110010010110011001000001001000110110000111010001000110000100001110110100101101100111100001010000100111111111010000011110001110110110100001100101
