11001100001011101100001001000100100111001000000110011110110111001010011000111100000110001011011111000101011000010001101100111101011011011100000001010111000010010001
11001100001011101100001001000100100111001000000110011110110111001010011000111100000110001011011111000101011000010001101101101101110111111111101010110001100110100001
11001100001011101100001001000100100111001000000110011110110111001010011000111100000110001011011111000101011000010001101101001110010011100100111000100101001010000111
11001100001011101100001001000100100111001000000110011110110111001010011000111100000110001011011111000101011000010001101101001001010011011100000001010111000010010001
11001100001011101100001001000100100111001000000110011110110111001010011000111100000110001011011111000101011000010001101100100100011100111001111110111001000010010001
11001100001011101100001001000100100111001000000110011110110111001010011000111100000110001011011111000101011000010001101101000011100000110001001111010111000010010001
11001100001011101100001001000100101000111000000110011110110111001010011000111100000110001011011111000101011000010001101100111101011011011100000001010111000010010001
11001100001011101100001001000100100111001000000110011110110111001010011000111100000110001011011111000101011000010001101101000000000101011100000001010111000010010001
11001100001011101100001001000100100111001000000110011110110111001010011000111100000110001011011111000101011000010001101101000011100001011100000001010111000010010001
11001100001011101100001001000100101000111000000110011110110111001010011000111100000110001011011111000101011000010001101101001110010011100100111000100101001010000111
11001100001011101100001001000100100111001000000110011110110111001010011000111100000110001011011111000101011000010001101101001001100110011101111011100101110101000001
11001100001011101100001001000100100111001000000110011110110111001010011000111100000110001011011111000101011000010001101110010010100101011101111011100101110101000001
11001100001011101100001001000100100111001000000110011110110111001010011000111100000110001011011111000101011000010001101101000011100001011100110101101000011010000111
11001100001011101100001001000100100111001000000110011110110111001010011000111100000110001011011111000101011000010001101101001001100110011101111011100101110101000000
11001100001011101100001001000100100111001000000110011110110111001010011000111100000110001011011111000101011000010001101101000011101101011101111011100101110101000001
11001100001011101100001001000100100111001000000110011110110111001010011000111100000110001011011111000101011000010001101110010010100101011101111011100101110101000000
11001100001011101100001001000100100111001000000110011110110111001010011000111100000110001011011111000101011000010001101101000011100001011100110101101000011011111100
