01011100000110001110000000000110000110100001011000111110000101111011011100101101101100001101000010000111000100101111100110100101011000010011101001111111101100010011
01011100000110001110000000000110000110100000011011011011010110101110000000011011010101101011110101101001100101110110000101001100100101010010110001010010000011001110
01011100000110001110000000000110000110101000001100011111100101001111000010101001000011000101100100110000010100101111100110100101011000010011101001111111101100010011
01011100000110001110000000000110000110100000100100100011100101001111000010101001000011000101100100110000010100101111100110100101011000010011101001111111101100010011
01011100000110001110000000000110000110100000011010001100010001100101011000000011110010110111000010000111000100101111100110100101011000010011101001111111101100010011
01011100000110001110000001010010100110001011111100111011010110101110000000011011010101101011110101101001100101110110000101001100100101010010110001010010000011001110
01011100000110001110000000000110000110100001011011011011010110101110000000011011010101101011110101101001100101110110000101001100100101010010110001010010000011001110
01011100000110001110000000000110000110101111111001100111010110101110000000011011010101101011110101101001100101110110000101001100100101010010110001010010000011001110
01011100000110001110000000000110000110101111111001100001010110101110000000011011010101101011110101101001100101110110000101001100100101010010110001010010000011001110
01011100000110001110000000000110000110100101000001001111010110101110000000011011010101101011110101101001100101110110000101001100100101010010110001010010000011001110
01011100000110001110000000000110000110100001011000111110001101101101001110010001001111000011001000100011000001110011010000011110110101011110111001000100010001110000
01011100000110001101100100000011000001000001011000111110000101111011011100101101101100001101000010000111000100101111100110100101011000010011101001111111101100010011
01011100000110001110000000000110000110100000011010001101010001100101011000000011110010110111000010000111000100101111100110100101011000010011101001111111101100010011
01011100000110001110000001111010011011000001011000111110000101111011011100101101101100001101000010000111000100101111100110100101011000010011101001111111101100010011
01011100000110001110000000000110000110101111111000111110000101111011011100101101101100001101000010000111000100101111100110100101011000010011101001111111101100010011
01011100000110001110000000000100100001000001011000111110000101111011011100101101101100001101000010000111000100101111100110100101011000010011101001111111101100010011
01010001111100100000100001010001001111001001111110111010101100011011101001010110001110011010010110100010101101110110000101001100100101010010110001010010000011001110
