01001101000100001110101010110110110010111110001111110010011101000100111011001010010100111010101111001000010001100010010001101101100101011100010111111101000100000111
01001101000100001101110110111110101011110001111100001001101101100001000001001010010100111010101111001000010001100010010001101101100101011100010111111101000100000111
01001101000100001110101010110111010100110111101100001001101101100001000001001010010100111010101111001000010001100010010001101101100101011100010111111101000100000111
01001101000100001110101010110110110010111110001111110010111101001000111011001010010100111010101111001000010001100010010001101101100101011100010111111101000100000111
01001101000100001110101010110110110010111110001111110010101101100001000001001010010100111010101111001000010001100010010001101101100101011100010111111101000100000111
01001101000100001110101010110110110010111110001111001101111101100001000001001010010100111010101111001000010001100010010001101101100101011100010111111101000100000111
01001101000100001110101010110110110010111110001111110011010001001000111011001010010100111010101111001000010001100010010001101101100101011100010111111101000100000111
01001101000100001110101010110110110010111110001111001101100000000101101011001010010100111010101111001000010001100010010001101101100101011100010111111101000100000111
01001101000100001110101010110110110010111110001111011011001101011010000001001010010100111010101111001000010001100010010001101101100101011100010111111101000100000111
01001101000100001110101010110110110010111110001111110011110101100001000001001010010100111010101111001000010001100010010001101101100101011100010111111101000100000111
01001101000100001110101010110110110010111110001111110001111100000110000001001010010100111010101111001000010001100010010001101101100101011100010111111101000100000111
01001101000100001110101010110110110010111110001111110001101101100001000001001010010100111010101111001000010001100010010001101101100101011100010111111101000100000111
01001101000100001110101010110110110010111110001111100101111101100001000001001010010100111010101111001000010001100010010001101101100101011100010111111101000100000111
01001101000100001110101010110110110010111110001111001101011000001011001010011101000010010100101111001000010001100010010001101101100101011100010111111101000100000111
01001101000100001110101010110110110010111110001111110000001100011110000011000111110111110000010100111000010001100010010001101101100101011100010111111101000100000111
01001101000100001110101010110110110010111110001111110011110000111111010011001010010100111010101111001000010001100010010001101101100101011100010111111101000100000111
11111011100011000000111000001011011100110010011011011000101101100001000001001010010100111010101111001000010001100010010001101101100101011100010111111101000100000111
