01000101000001011101000101100111101110110000001000100100100111110011000110100011100010101110101011101000111010010111100000110000011110010000110001110010000111111010
01000100111001011101000101100111101110110000001000100100100111110011000110100011100010101110101011101000111010010111100000110000011110010000110001110010000111111010
01000101000101001101000101100111101110110000001000100100100111110011000110100011100010101110101011101000111010010111100000110000011110010000110001110010000111111010
00101101000001011101000101100111101110110000001000100100100111110011000110100011100010101110101011101000111010010111100000110000011110010000110001110010000111111010
01000101000001011101000101100111101110110000001001000011100111110011000110100011100010101110101011101000111010010111100000110000011110010000110001110010000111111010
00101101010011010010101000100111101110110000001000100100100111110011000110100011100010101110101011101000111010010111100000110000011110010000110001110010000111111010
00101101000111111110111011100111101110110000001000100100100111110011000110100011100010101110101011101000111010010111100000110000011110010000110001110010000111111010
01000101000001011101000101100111101110110000001000100100100111110011000110100011100010101110101011101000111011010111100000110000011110010000110001110010000111111010
01000101000001011101000101100111101110110000001000110111010110001011101000010101100010101110101011101000111010010111100000110000011110010000110001110010000111111010
01000101000001011101000101100111110111110000001000100100100111110011000110100011100010101110101011101000111010010111100000110000011110010000110001110010000111111010
01000101000001011101000101100111101110110000001001001010000110110001000110100011100010101110101011101000111010010111100000110000011110010000110001110010000111111010
01000101000001011101000101100111101110110000001000100100100111110011000110100101100010101110101011101000111010010111100000110000011110010000110001110010000111111010
01000101000101000011111111100111101110110000001000100100100111110011000110100011100010101110101011101000111010010111100000110000011110010000110001110010000111111010
01000101000001011101000101100111111110011010001000100100100111110011000110100011100010101110101011101000111010010111100000110000011110010000110001110010000111111010
00111001011101111101000101100111101110110000001000100100100111110011000110100011100010101110101011101000111010010111100000110000011110010000110001110010000111111010
01000101000001011101000101100111101110110000001000100100100111110011000110100011100010101110101011101000111010010111100000110000011110010000110001110011101111111010
00101101000001011101000101100111101110110000001000100100100111110011000110100011100010101110101011101000111010010111100000110000011110010000110001110010000111111010
