10100110100000101011111010010110110101000010110101101101110111011101100001101001101001110011111010001101001101111111001111001110110000101110000100101000100111010000
10100110100000101011111010010110110101000010110101101101110111011101100001101001101001110011111010001101001101111100010011001110110000101110000100101000100111010000
10100110100000101011111010010110110101000010110101101101110111011101100001101001101001111111010100101111010000001000010011001110110000101110000100101000100111010000
10100110100000101011111010010110110101000010110101101101110111011101100001101001101001110011111010001101001101111100000001000100110000101110000100101000100111010000
10100110100000101011111010010110110101000010110101101101110111011101100001101001101001110011111010001101001101111111000110010011001000101110000100101000100111010000
10100110100000101011111010010110110101000010110101101101110111011101100001101001101001110011111010001101001101111111000001100110110000101110000100101000100111010000
10100110100000101011111010010110110101000010110101101101110111011101100001101001101001111111010100101111010000001011000011001110110000101110000100101000100111010000
10100110100000101001111010010110110101000010110101101101110111011101100001101001101001110011111010001101001101111111001111001110110000101110000100101000100111010000
10100110100000101011111010010110110101000010110101101101110111011101100001101001101001110011111010001101001101111111100101011101000010101110000100101000100111010000
10100110100000101011111010010110110101000010110101101101110111011101100001101001101001110011111010001101001101111100000001001100111111111110000100101000100111010000
10100110100000101011111010010110110101000010110101101101110111011101100001101001101001110011111010001101001101100100010011001110110000101110000100101000100111010000
10100110100000101011111010010110110101000010110101101101110111011101100001101001101001110011111010001101001100001110011111111110110000101110000100101000100111010000
10100110100000101011111010010110110101000010110101101101110111011101100001101001101001110011111010001101001101111100111110100001010000101110000100101000100111010000
10100110100000101011111010010110110101000010110101101101110111011101100001101001101001110011111010001111111010101111000110010011001000101110000100101000100111010000
10100110100000101011111010010110110101000010110101101101110111011101100001101001101001110011111010001101001101111111001111010011001000101110000100101000100111010000
10100110100000101011111010010110110101000010110101101101110111011101100001101001101001110011111010001101001101111111001111111001000111111110000100101000100111010000
10100110100000101011111010010110110101000010110101101101110111011101100001101001101001110011111010001101001101111100010011001110110000101110000100101000100111010000
