10010111101111000100000101000011101011110010011111110010101001110100001001011110010011101101010100000101001110101011010010100101101100001101001110101011101010100101
10010111100011000100000101000011101011110010011111110010101001110100001001011110010011101101010100000101001110101011010010100101101100001101001110101011101010100101
10010111101111000100000101000011101011110010011111110011001101100100101001011110010011101101010100000101001110101011010010100101101100001101001110101011101010100101
10010111101111000100000101000011101011110010011111110010101001110100001001011110010011101101010100000101001110101011010010100101101100001101001110101011101010100000
10010100010100000011100101000011101011110010011111110010101001110100001001011110010011101101010100000101001110101011010010100101101100001101001110101011101010100101
10010111101111000100000101000011101011110010011111110010101001110100001001011110010011101101010100000101101101101011010010100101101100001101001110101011101010100101
10010111001111000100000101000011101011110010011111110010101001110100001001011110010011101101010100000101001110101011010010100101101100001101001110101011101010100101
10010101101111000100000101000011101011110010011111110010101001110100001001011110010011101101010100000101001110101011010010100101101100001101001110101011101010100101
10010111101111000100000101001001110001101100100101110010101001110100001001011110010011101101010100000101001110101011010010100101101100001101001110101011101010100101
10010111101111000100000101000011101011110010011111110010101001111101011000000110000011101101010100000101001110101011010010100101101100001101001110101011101010100101
10010111101111000100000101000011101011110010011111110010100100110000001001011110010011101101010100000101001110101011010010100101101100001101001110101011101010100101
10010101011111000100000101000011101011110010011111110010101001110100001001011110010011101101010100000101001110101011010010100101101100001101001110101011101010100101
10010111101111000100000101000011101011110010011111110010111011000010001001011110010011101101010100000101001110101011010010100101101100001101001110101011101010100101
10010111101111000100000101000011101011110010011110010010100000011110001001011110010011101101010100000101001110101011010010100101101100001101001110101011101010100101
10010111100001001000111100010011101011110010011111110010101001110100001001011110010011101101010100000101001110101011010010100101101100001101001110101011101010100101
10010111101111000100000101000011101011110010011111110011001101101010001001011110010011101101010100000101001110101011010010100101101100001101001110101011101010100101
10010111101111000100000101000011101011110010011111110010101001110100001001011110010011101101010100000101001110101011010010100101101100001101001110101011101010100101
