10000110000100010111100011101100110101001110111001111001000100010111000110110110011001001110100000001000101111110010011010111110001010100000111010010000010111000110
10000110000100001110111110100111101001100101010001011000010110100011011000000010011110111001110000001000101111110010011010111110001010100000111010010000010111000110
10000110000100010111100011110011111111101010111100111110100100011000100011010011010111100001101111101100001011110010011010111110001010100000111010010000010111000110
10000110000100010111100011010010000011110111011111011111101001001001010000000011000110000111100010100110101111110010011010111110001010100000111010010000010111000110
10000110000100010111100011100010011010101000001110101001001010111100011010100111000011111111101111101100001011110010011010111110001010100000111010010000010111000110
10000110000100010111100011010001100110101010110010010101001100110000101111010001000011111111101111101100001011110010011010111110001010100000111010010000010111000110
10000110000100010111100010100100111010011100000111110111010100011000100011010011010111100001101111101100001011110010011010111110001010100000111010010000010111000110
10000110000100010111100010100111011111000001100110110101100111010111000110110110011001001110100000001000101111110010011010111110001010100000111010010000010111000110
10000110000100010111100011010001100110101010110011000010010100000110011011011011010111100001101111101100001011110010011010111110001010100000111010010000010111000110
10000110000100001110111110100111101001100101010001011001111111001000000000011010101101001010101101000010001011110010011010111110001010100000111010010000010111000110
10000110000100010111100011110011111111101010111100101111001100110000101111010001000011111111101111101100001011110010011010111110001010100000111010010000010111000110
10000110000100001110110100001101100110111000010111111001100100010111000110110110011001001110100000001000101111110010011010111110001010100000111010010000010111000110
10000110000100010111100011010001100110101010110010010101001100110000101111010101101010010101100100000011111100101111000110100111101010100110100101101110101101000011
10000110000100010111100011010001100110101010110010010101001101001100000011111000001111011010000010000000101100101111000110100111101010100110100101101110101101000011
10000110000100010111100011010001100110101010110010010101001100110000101111010101101010010101100000110001001011110010011010111110001010100000111010010000010111000110
10000110000100010111100010100111011111000001100110110101100110001111100101100011010111100001101111101100001011110010011010111110001010100000111010010000010111000110
10000110000100001100100011000011001010100111110000000011011011001101011110111111101010110010100000001000101111110010011010111110001010100000111010010000010111000110
