10011010100100111111100110110111111011110011100110100111001100101101001111011110011011001100000100011010110111001010000111101100101111001011000111010101111101011000
10011010100100111111100110110111111011110011100110100111001100101101001111011110011011001000000100011010110111001010000111101100101111001011000111010101111101011000
11010010100100111111100110110111111011110011100110100111001100101101001111011110011011001100000100011010110111001010000111101100101111001011000111010101111101011000
10011011101111110111001110110111111011110011100110100111001100101101001111011110011011001100000100011010110111001010000111101100101111001011000111010101111101011000
11101010000001001111100110110111111011110011100110100111001100101101001111011110011011001100000100011010110111001010000111101100101111001011000111010101111101011000
10011010100100111111100110110111111011110011100110100111001100101101001111011110011011001100000100011010110111110000000111101100101111001011000111010101111101011000
10011010000111010111001110110111111011110011100110100111001100101101001111011110011011001100000100011010110111001010000111101100101111001011000111010101111101011000
01010010100100111111100110110111111011110011100110100111001100101101001111011110011011001100000100011010110111001010000111101100101111001011000111010101111101011000
00011010100100111111100110110111111011110011100110100111001100101101001111011110011011001100000100011010110111001010000111101100101111001011000111010101111101011000
01100010100100111111100110110111111011110011100110100111001100101101001111011110011011001100000100011010110111001010000111101100101111001011000111010101111101011000
10010010000001001111100110110111111011110011100110100111001100101101001111011110011011001100000100011010110111001010000111101100101111001011000111010101111101011000
10011010100100111111100110110111111011110011100110100111001100101101001111011110011011001100000100011010110111000010100111101100101111001011000111010101111101011000
10011010100100111111100100011110111011110011100110100111001100101101001111011110011011001100000100011010110111001010000111101100101111001011000111010101111101011000
11111011101111110111001110110111111011110011100110100111001100101101001111011110011011001100000100011010110111001010000111101100101111001011000111010101111101011000
11010010100100111111100110110111111011110011100110100111001100101101001111011110011011001000000100011010110111001010000111101100101111001011000111010101111101011000
10011010100100111111100110110111111001000111100100100111001100101101001111011110011011001100000100011010110111001010000111101100101111001011000111010101111101011000
10011010100100111111100110110111111011110011100110100111001100101101001111011110011011001100000100011010110111001010000111101100101111001011000111010101111101011000
