00100010011000010010100010101001100000011011100100100000011001100000000101100001001001011111001101111100000111011010001001011101111100111110001110011001110110111111
00100010011000010010100010101001100000011011100100100000011001100111110000011100000011110001110000001000001100010111011001011101111100111110001110011001110110111111
00100010011000010010100010101001100000011011100100100000011001100001001101101000001001111001111010011111001100110001011001011101111100111110001110011001110110111111
00100010011000010010100010101001100000011011100100100000011001100000000101100001001001010100101010010001101011101101100110101010101100111110001110011001110110111111
00100010011000010010100010101001100000011011100100100000011100101000000000100011011011010110101111100000011111000011010010010111111100111110001110011001110110111111
00100010011000010010100010101001100000011011100100100000011001101111100110001110111110111011010100001101100010100000010101011101111100111110001110011001110110111111
00100010011000010010100010101001100000011011100100100000011001100000000101100001001001010100101010010001101011101100010010010111111100111110001110011001110110111111
00100010011000010010100010101001100000011011100100100000011001101111100110001110111110111010001011001111010101000000010101011101111100111110001110011001110110111111
00100010011000010010100010101001100000011011100100100000011001110001101000101011101101011010101101000010011101011000100110101010101100111110001110011001110110111111
00100010011000010010100010101001100000011011100100100000011001100111110000011100000011110001110000001000001100010111011000101010101100111110001110011001110110111111
00100010011000010010100010101001100000011011100100100000011001100000000101100001001001010100101010010001101011101101011000110011111001110000001110011001110110111111
00100010011000010010100010101001100000011011100100100000011100101000000000100011011010000100010000011100110001011010010101011101111100111110001110011001110110111111
00100010011000010010100010101001100000011011100100100000011001100001001101101000001001111001111010011111001100110001011000110011111001110000001110011001110110111111
00100010011000010010100010101001100000011011100100100000011100101000000000100011011011010110101111100111101011101111110110101010101100111110001110011001110110111111
00100010011000010010100010101001100000011011100100100000011001100000000101100001001001010100101010010001101011101100010101011101111100111110001110011001110110111111
00100010011000010010100010101001100000011011100100100000011001110001101000101011101101011010101111100111101011101111110110101010101100111110001110011001110110111111
00100010011000010010100010101001100000011011100100100000011001100011100001100001101000010010111100000100001111001100001000100100110000110110011000001011001010000000
