01011001101100000000000011011000000011101010110000110010101101000000010000101010000100100001100111010110011100100010110101111000101111110000000000111001001110110011
01011001101100000001000010111001011000011010110000110010101101000000010000101010000100100001100111010110011100100010110101111000101111110000000000111001001110110011
01011001101100000001001010110000100101010000110000110010101101000000010000101010000100100001100111010110011100100010110101111000101111110000000000111001001110110011
01011001101100000001001010101111001010101100001000101001000000110000010000101010000100100001100111010110011100100010110101111000101111110000000000111001001110110011
01011001101100000000001000011101011100011010110000110010101101000000010000101010000100100001100111010110011100100010110101111000101111110000000000111001001110110011
01011001101100000001000010010101101011011010110000110010101101000000010000101010000100100001100111010110011100100010110101111000101111110000000000111001001110110011
01011001101100000000000011011000000011101010110000110010101101000000010000101010000100100001100111010110011100100010110101111000111111100001100111111001001110110011
01011001101100000001001010101111001010110000110000110010101101000000010000101010000100100001100111010110011100100010110101111000101111110000000000111001001110110011
01011001101100000001000010111001011000011010110000110010101101000000010000101010000100100001100111010110011100100010110101111000111111100001100111111001001110110011
01011001101100000001001010110000100101011010110000110010101101000000010000101010000100100001100111010110011100100010110101111000101111110000000000111001001110110011
01011001101100000001001010101111001010100110110000110010101101000000010000101010000100100001100111010110011100100010110101111000101111110000000000111001001110110011
01011001101100000000000011001001100100110100001000101001000000110000010000101010000100100001100111010110011100100010110101111000101111110000000000111001001110110011
01011001101100000001001010111001011000011010110000110010101101000000010000101010000100100001100111010110011100100010110101111000101111110000000000111001001110110011
01011001101100000000000010010101101011011010110000110010101101000000010000101010000100100001100111010110011100100010110101111000101111110000000000111001001110110011
01011001101100000000000011011000000011101010110000110010101101000000010000101010000100100001100111010110011100100010110101111000100110001111000110100101000110110011
01011001101100000000000011011000000011101010110000110010101101000000010000101010000100100001100111010110011100100010110101111000010001011111000110100101000110110011
01011001101100000001000010111001011000011010110000110010101101000000010000101010000100100001100111010110011100100010110101111000000001001110001110010011000010001010
