11011000100000011111110001001111101010001101101111000010000101111101001101101100010000101000010111101110100110001010101100101110101110111111010001100000010011110001
11011000100000011111110001001111101010001101101111000010000101111101001101101100010000101000010111101110100110001010101100001011011111011010000011100000010011110001
11011000100000011111110001001111101010001101101111000010000101111101001101101100010000101000010111101110100110000000101110110000100001100000000011100000010011110001
11011000100000011111110001001111101010001101101111000010000101111101001101101100010000101000010111100011000101101010101100101110101110111111010001100000010011110001
11011000100000011111110001001111101010001101101111000010000101111101001101101100010000101000010111101110100110001010101100101110101110111111010001100010010011110001
11011000100000011111110001001111101010001101101111000010000101111101001101101100010000101000010111101110100110001111100000000001001001010001110100110000010011110001
11011000100000011111110001001111101010001101101111000010000101111101001101101100010000101000010111101110100110001011101101111110101110111111010001100000010011110001
11011000100000011111110001001111101010001101101111000010000101111101001101101100010000101000010111101110100110001001011100101110101110111111010001100000010011110001
11011000100000011111110001001111101010001101101111000010000101111101001101101100010000101000010111101110100110001011101110011100111001010001110100110000010011110001
11011000100000011111110001001111101010001101101111000010000101111101001101101100010000101000010111101110100110001010111001011110000000101100111011100010010011110001
11011000100000011111110001001111101010001101101111000010000101111101001101101100010000101000010111101110100110010010011100101110101110111111010001100000010011110001
11011000100000011111110001001111101010001101101111000010000101111101001101101100010000101000010111101110100110000001011100101110101110111111010001100000010011110001
11011000100000011111110001001111101010001101101111000010000101111101001101101100010000101000010111101110101010110010000111111011000000101100111011100010010011110001
11011000100000011111110001001111101010001101101111000010000101111101001101101100010000101000010111101110100110000100110011111010000101100111001100110010010011110001
11011000100000011111110001001111101010001101101111000010000101111101001101101100010000101000010111101110100110001010101100101110101110111111010001101100100110101100
11011000100000011111110001001111101010001101101111000010000101111101001101101100010000101000010111101110100110001000000010011111001110101000001101110000001101001011
11011000100000011111110001001111101010001101101111000010000101111101001101101100010000101000010111101110100110001010101100101110101110111111010001100000010011110001
