00100011010101111100011001011111100001100110000011011111011010101101001111000111000010010111100110011011100011110001001011110010100000101011001101011100000010110011
00100011010101111100011001011111100001100110000011011111011010101101001111000111000010010111100110011011100010101001111111110111110000101011001101011100000010110011
00100011010101111100011001011111100001100110000011011111011010101101001111000111000010010111100111000101001000101101001111110111110000101011001101011100000010110011
00100011010101111100011001011111100001100110000011011111011010101101001111000111000010010001101010110000010100011011110110000000100000101011001101011100000010110011
00100011010101111100011001011111100001100110000011011111011010101101001111000111000010010111100110011011100011110000010011110010100000101011001101011100000010110011
00100011010101111100011001011111100001100110000011011111011010101101001111000111000010010111100110011010001010100101101011110010100000101011001101011100000010110011
00100011010101111100011001011111100000001101011011011111011010101101001111000111000010010111100110011011100011110001001011110010100000101011001101011100000010110011
00100011010101111100011001011111100001100110001001111100101010001001001110010010011100010101000100110101100011110001001011110010100000101011001101011100000010110011
00100011010101111100011001011111100001100110000011011111011010101101001111000111000010010111100110011011100011110001000111110010100000101011001101011100000010110011
00100011010101111100011001011111100001100110000011011111011010101101001111000111000010010111100110011010110001111101110011110010100000101011001101011100000010110011
00100011010101111100011001011111100001100110000011011111011010101101001111000111000010010111100110011011100011110001000111110111110000101011001101011100000010110011
00100011010101111100011001011111100001100110000011011100000001001111110011001011001010000001110100100110010111111010110100110010100000101011001101011100000010110011
00100011010101111100011001011111100001111100001011011111011010101101001111000111000010010111100110011011100011110001001011110010100000101011001101011100000010110011
00100011010101111100011001011111100001100110000011011111011010101101001111000111000010010111100110011011100011001111100100010010100000101011001101011100000010110011
00100011010101111100011001011111100001000101111001011111011010101101001111000111000010010111100110011011100011110001001011110010100000101011001101011100000010110011
00100011010101111100011001011111100001100110000011011111011010101101001111000111000010010111100110011011100011001010000110110010100000101011001101011100000010110011
00100011010101111100011001011111100001100110000011011111011010101101001111000111000010010111100110011011100011110001001011110010100000101011001101011100000010110011
