010101101110011110111000110100110000001101100000100010000111011011001000100011000101001010111001110001011001110001010011000110110001001100101111010000101000101101000110010111011001
010101101110011110111000110100110000001101100000100010000111011010110100111010110100110110100001110001000111101110101001010110010111011110110010011100101000101101000110010111011001
010101101110011110111000110100110000001101100000100010000111011010110100111010110100110110100001111110001101110000101111000110110001001100101111010000101000101101000110010111011001
010101101110011110111000110100110000001101100000100010000111011011001000100011000101001010111001111110001101110000101111000110110001001100101111010000101000101101000110010111011001
010101101110011110111000110100110000001101100000100010000111011011100011111011101001111110001101110011100011101011110011000110110001001100101111010000101000101101000110010111011001
010101101110011110111000110100110000001101100000100010000111011010110100111010110100110110100001110001100110001101000100000010100001101000010000111111101001011110110010111010111010
010101101110011110111000110100110000001101100000100010000111011010011111100000110101001010111001110001011001110001010011000110110001001100101111010000101000101101000110010111011001
010101101110011110111000110100110000001101100000100010000111011101110001011111111000111101010111011110001101110000101111000110110001001100101111010000101000101101000110010111011001
010101101110011110111000110100110000001101100000100010000111011101110001011111111000111101010111010001100110001101000100000010100001101000010000111111101001011110110010111010111010
010101101110011110111000110100110000001101100000100010000111011101101100100111101010000010001101001011011001110001010011000110110001001100101111010000101000101101000110010111011001
010101101110011110111000110100110000001101100000100010000111011101110000001001110001011000000101010011100011101011110011000110110001001100101111010000101000101101000110010111011001
010101101110011110111000110100110000001101100000100010000111011011001000100011000101001010111001110001100110001101000100000010100001101000010000111111101001011110110010111010111010
010101101110011110111000110100110000001101100000100010000111011101111110100100111110000101011011111011011001110001010011000110110001001100101111010000101000101101000110010111011001
010101101110011110111000110100110000001101100000100010000111011010110100111010110100110110100001010011100011101011110011000110110001001100101111010000101000101101000110010111011001
010101101110011110111000110100110000001101100000100010000111011011001000100011000100010011011000010011100011101011110011000110110001001100101111010000101000101101000110010111011001
010101101110011110111000110100110000001101100000100010000111011010110100111010110101101111000000010011100011101011110011000110110001001100101111010000101000101101000110010111011001
010101101110011110111000110100110000001101100000100010000111011011101100011101000001000011111001110001011001110001010011000110110001001100101111010000101000101101000110010111011001
