100000001100110001000001001101001110010110110111100100100000101110000011010101101111101110110010011100100010001100111100000110101100111000111010100111101000111011001000000000101101
100000001100110001000001001101001110010110110111100100100000101110000011010101101111101110110010011100100010001100111100000110101100111000110000111100101111001000000001101100000110
100000001100110001000001001101001110010110110111100000100000101110000011010101101111101110110010011100100010001100111100000110101100111000111010100111101000111011001000000000101101
100000001100110001000001001011001110010110110111100100100000101110000011010101101111101110110010011100100010001100111100000110101100111000111010100111101000111011001000000000101101
100000000010010000100011001101001110010110110111100100100000101110000011010101101111101110110010011100100010001100111100000110101100111000111010100111101000111011001000000000101101
100000001100110001000001000111111111011010110111100100100000101110000011010101101111101110110010011100100010001100111100000110101100111000111010100111101000111011001000000000101101
100000001100110001000001001101001110010110110111100100100000101110000011010101101111101110110010011100100010001100111100000110101100111000111010100111101000101000000001101100000110
100000001100110001000001001101001110010110110111100100100000101110000011010101101111101110110010011100100010001100111100000110101100111000111010100111101000111011001010101100111110
100000001100110001000001001110100101000000011010111110010101000101010101111000110101011011011001001010001111010110001001101101111010010101100000010010000011100110110001100011010110
100000001100110001000001001101001110010110110111100100100000101110000011010101101111101110110010011100100010001100111100000110101100111000111010100111101000110000000001101100000110
100000001100110001001110101111101110010110110111100100100000101110000011010101101111101110110010011100100010001100111100000110101100111000111010100111101000111011001000000000101101
100000001100110001000001001011011011111100011111100100100000101110000011010101101111101110110010011100100010001100111100000110101100111000111010100111101000111011001000000000101101
100000001100110001000001001101001110010110110111100100100000101110000011010101101111101110110010011100100010001100111100000110101100111000111010100111101111111011001000000000101101
100000101001010100011111001101001110010110110111100100100000101110000011010101101111101110110010011100100010001100111100000110101100111000111010100111101000111011001000000000101101
100000001100110001000001001101001110010110110111100100101010011111001111010101101111101110110010011100100010001100111100000110101100111000111010100111101000111011001000000000101101
100000001100110001000001001101001110010110110111100100100000101110000011010101101111101110110010001011001011011101000100000110101100111000111010100111101000111011001000000000101101
100000001100110001000001001101001110010110110111100100100000101110000011010101101111101110110010011100100010001100111100000110101100111000111010100111101000111011001000000000101101
