000101000111011011011011011100000001101111011011001001010000110010001010101010011110000111000001010110110110101111010001100011011000000001010101101111000011111101011010100010001001
000101000111011011011011011100000001101111011011001001010000110010001010101010011110000111000001010110110110101111010001100011011000000001010101100101100111010011000000001101000001
000101000111011011011011010110000000110011110110010011100101011001011100000111000100110010101010000000011011110101100100001000001110101100001111010000001000011101010100010110100001
000101000111011011011011010110000000110011110110010011100101011001011100000111000100110010101010000000011011110101100100001000001110101100001111010000001110011011010101010001000001
000101000111011011011011011100111100010000100101111100110010101010011001000100111100000001001000110100000110001001001110001111001001011000000010010100000100001110000000001101000001
000101000111011011011011011100000111001000011100011001011101011001011100000111000100110010101010000000011011110101100100001000001110101100001111010000001000011101010100010110100001
000101000111011011011011011100111100010000100101111001101010011110100010110001000111110110011000011101001110001001001110001111001001011000000010010100000100001110000000001101000001
000101000111011011011011011101001010000010111000011100000110000010111010110000000100110010101010000000011011110101100100001000001110101100001111010000001000011101010100010110100001
000101000111011011011011010110000000110011110110010011100101011001011100000111000100110010101010000000011011110101100100001000001110101100001100000010100111011010011110001101000001
000101000111011011011011011100000001101111011011001001010000110010001010101010011110000111000001010110110110101111010001100011011000000001010101101111000011000101010100001101000001
000101000111011011011011011100000001101111011011001001010000110010001010101010011110000111000001010110110110100001001110001111001001011000000010010100000100001110000000001101000001
000101000111011011011011011101001100010001111100010011110100001111001011000110100011101001010000111111000001001011001011111110100010111111000111010000001110011011010101010001000001
000101000111011011011011011100000111001000011100011001011101011001011100000111000100110010101010000000011011110101100100001000001110101100001111010000001110011011010101010001000001
000101000111011011011011011110100100100010011110110000001010000101100110110111100000101101100010100010010110101111010001100011011000000001010101101111000011111101011010100010001001
000101000111011011011011011101001010000010111000011100000110000010111010110000000100110010101010000000011011110101100100001000001110101100001111010000001110011011010101010001000001
000101000111011011011011011100000001101111011011001001010000110010001010101010011110000111000001010110110110101111010001100011011000000001010101100101100011001011100110011111111101
000101000111011011011011011101001101110001000000101111110100001111011011001011001011010111111100100110111011001111010001100011011000000001010110110111001100001100110011010011100100
