001001011111000010000111000010001011110110101001000100100111100110110100101111100010000111000010010101001111101100010000100001110001100111111111101110101000001110010000011001011110
001001011111000010000111000010001011110110101001000100100111100110110100101111100010000111000010010101001111101100010000100001110001100111111111101110111101110010001101000101111110
001001011111000010000111000010001011110110101001000100100111100110110100101111100010000111000010010101001111101100010000100001110001100111111111101110111101100111100101101111011110
001001011111000010000111000010001011110110101001000100100111100110110100101111100010000111000010010101001111101100010000100001110001100111111110011010001000110101100100111011011110
001001011111000010000111000010001011110110101001000100100111100110110100101111100010000111000010010101001111101100010000100001110001100111111111101110001000110101100100111011011110
001001011111000010000111000010001011110110101001000100100111100110110100101111100010000111000010010101001111101100010000100001110001100111111111101110111100001110010000011001011110
001001011111000010000111000010001011110110101001000100100111100110110100101111100010000111000010010101001111101100010000100001110001100111111100101000001010011010001110011001011110
001001011111000010000111000010001011110110101001000100100111100110110100101111100010000111000010010101001111101100010000100001110001100111111111101110111100011011111010101111011110
001001011111000010000111000010001011110110101001000100100111100110110100101111100010000111000010010101001111101100010000100001110001100111111111101100011000110101100100111011011110
001001011111000010000111000010001011110110101001000100100111100110110100101111100010000111000010010101001111101100010000100001110001110101111100010110110000001110010000011001011110
001001011111000010000111000010001011110110101001000100100111100110110100101111100010000111000010010101001111101100010000100001110001001010100111000100011000110101100100111011011110
001001011111000010000111000010001011110110101001000100100111100110110100101111100010000111000010010101001111101100010000100001110001100111111111101110111010101010010000011001011110
001001011111000010000111000010001011110110101001000100100111100110110100101111100010000111000010010101001111101100010000100001110001100111111110011010101000001110010000011001011110
001001011111000010000111000010001011110110101001000100100111100110110100101111100010000111000010010101001111101100010000100001110001100111111111101110010110011010001110011001011110
001001011111000010000111000010001011110110101001000100100111100110110100101111100010000111000010010101001111101100010000100001110001100111111100101010011010001110010000011001011110
001001011111000010000111000010001011110110101001000100100111100110110100101111100010000111000010010101001111101100010000100001110001100111111111101110111100011010111000100101011110
001001011111000010000111000010001011110110101001000100100111100110110100101111100010000111000010010101001111101100010000100001110001100111111111101110111100011010101100100111100100
