010010111010001010100110111011101010011001001101101011010111110100111001101001010001010111010100000101101100110111111101110100010000011000101110001001000001011000001001100010111011
010010111010001010100110111011101010011001001101100111001011011001010110100110011100101101111100010010110000110101111111001000110011001011000001011110110011010100110001110000001101
010010111010001010100110111011101010011001101000000010000011010100011100000010011000001001000101101100011011011101111111001000110011001011000001011110110011010100110001110000001101
010010111010001010100110111011101010011001001101100111001110010111010011000010011000001001000101101100011011011101111111001000110011001011000001011110110011010100110001110000001101
010010111010001010100110111011101010011001001101100111001011011001010110100110011100101101111100011010111011000111111101110100010000011000101110001001000001011000001001100010111011
010010111010001010100110111011101010011001001101100111001011011001010110100110011100101101111100111001110111101010110011001000110011001011000001011110110011010100110001110000001101
010010111010001010100110111011101010011001001101100111001011011001010110100110011100101101111100010010110011011101111111001000110011001011000001011110110011010100110001110000001101
010010111010001010100110111011101010011001001101100111001011011001010110100110011100101101111000000011001011011101111111001000110011001011000001011110110011010100110001110000001101
010010111010001010100110111011101010011001001101100111001110000110111011111110110101001101001001111110000100110111111101110100010000011000101110001001000001011000001001100010111011
010010111010001010100110111011101010011001001101100111001011001100010001010011001101100100100011000001011100100111111101110100010000011000101110001001000001011000001001100010111011
010010111010001010100110111011101010011001001101100111001011011110100100110110000110101100000010001100011011011101111111001000110011001011000001011110110011010100110001110000001101
010010110110001010100110111011101010011001001101101011010111110100111001101001010001010111010100000101101100110111111101110100010000011000101110001001000001011000001001100010111011
010010111010001010100110111011101010011001101000000010000011010100111001101001010001010111010100000101101100110111111101110100010000011000101110001001000001011000001001100010111011
010010111010001010100110111011101010011001101000000010000001111010001010101101100011001101110111110001000100110111111101110100010000011000101110001001000001011000001001100010111011
010010111010001010100110111011101010011001001101100111001011011001010110100110011100101101111100111000100011110010111010010100100001100111001100110010010111100011001101110000001101
010010111010001010100110111011101010011001001101100111001011011001010110100110011100101101101001110001000100110111111101110100010000011000101110001001000001011000001001100010111011
010010111010001010100110111011101010011001001101100111001011011001010110100110011100101101111100011010111011000111111101110100010000011000101110001001000001011000001001100010111011
