111110100110001101000110101110001000110100100000110110110000111111111110111101001001101011100100001010100111100110000011001000100110101100101100001010101000100100000001110011001110
111110100110001101000110101110001000110100100000110110110000111111111110111101001001101011100100100110100101110001110001101110010110100111010000001010101000100100000001110011001110
111110100110001101000110101110001000110100100000110110110000101010011100100011110010010111110010110001110010011100101100010100111000011010100100001010101000100100000001110011001110
111110100110001101000110101110001000110100100000110110110000111111111110111101001000010101111000110001101000101011000100000101000000001010001010110101110010001010111100000100101110
111110100110001101000110101110001000110100100000110110110000111111111110111101001001101011100100001010110111011010001000100101111110111100000100001010101000100100000001110011001110
111110100110001101000110101110001000110100100000110110110000111111111110111101001000011111001001000111000101110001110001101110010110100111010000001010101000100100000001110011001110
111110100110001101000110101110001000110100100000110110110000111111111110111101001000010101111000001100010110101010100101011101101111110000010100010010101000100100000001110011001110
111110100110001101000110101110001000110100100000110110110000101010010110010100110010001000110100000110111111111011100000100000111000011010100100001010101000100100000001110011001110
111110100110001101000110101110001000110100100000110110110000111111111110111101000111110101101011101011100111010100101000010100111000011010100100001010101000100100000001110011001110
111110100110001101000110101110001000110100100000000011001101100000011001010100010111111000110010110001110010011100101100010100111000011010100100001010101000100100000001110011001110
111110100110001101000110101110001000110100100000110110110000101010010110010100010010100111111110000001111000110001111101000101101111111000010100010010101000100100000001110011001110
111110100110001101000110101110001000110100100000110110110000111111111110111101001000010101111111110100001100100000001001101011001010010100111000001010101000100100000001110011001110
111110100110001101000110101110001000110100100000110110110000111111111110111101001000010101111000001100010100100100111000001001000110011010010100010010101000100100000001110011001110
111110100110001101000110101110001000110100100000110100011111011100111010000111110111000100010010100110100101110001110001101110010110100111010000001010101000100100000001110011001110
111110100110001101000110101110001000110100100000110110110000111111111110111101001001101011100100100001110011010001001010011110010110100111010000001010101000100100000001110011001110
111110100110001101000110101110001000110100100000110110110000111111111110111101001000010101111000011011000100010011101000100000111000011010100100001010101000100100000001110011001110
111110100110001101000110101110001000110100100000110100010101100000101001111000011011111101001010110010001010001100101011101011111011001110011101111100111100100101010111111001000101
