000110101000111110000000001011100001110110010001111111100011010100011011100001111101101110011100101100111001010010010000000101101001100010010000001100011100000101110100011111010100
000110101000111110000000001011100001110110010001111111100011010100011011100001111101101110011100101100111001010010010000000011010011111000100000110101100100010100010011011010010000
000110101000111110000000001011100001110110010001111111100011010100011011100001111101101110011100101100111001010010010000000011010011111000110000011001000100010100010011011010010000
000110101000111110000000001011100001110110010001111111100011010100011011100001111101101110011100101100111001010010010000000011010011111000110110100100111101011100000011001010010000
000110101000111110000000001011100001110110010001111111100011010100011011100001111101101110011100101100111001010010010000000101101001100010010000001111011111001011111111010110010000
000110101000111110000000001011100001110110010001111111100011010100011011100001111101101110011100101100111001010010010000000101101000110100011000011001000100010100010011011010010000
000110101000111110000000001011100001110110010001111111100011010100011011100001111101101110011100101100111001010010010000000101101001100010110000101110001000010100010011011010010000
000110101000111110000000001011100001110110010001111111100011010100011011100001111101101110011100101100111001010010010000000011011010011111110010101011001011110000001010101010010000
000110101000111110000000001011100001110110010001111111100011010100011011100001111101101110011100101100111001010010010000000101101001100011111100001000011101011100000011001010010000
000110101000111110000000001011100001110110010001111111100011010100011011100001111101101110011100101100111001010011101111100001011010101011011010010110111111110010111110111110010000
000110101000111110000000001011100001110110010001111111100011010100011011100001111101101110011100101100111001010010010000000011010011111000110101000001100010010100010011011010010000
000110101000111110000000001011100001110110010001111111100011010100011011100001111101101110011100101100111001010010010000000101101001100010010101010100111101011100000011001010010000
000110101000111110000000001011100001110110010001111111100011010100011011100001111101101110011100101100111001010010010000000101101001100010010001111000110001101011100000011110100101
000110101000111110000000001011100001110110010001111111100011010100011011100001111101101110011100101100111001010010010000000011010011111010011001010010001101101100000011110100101010
000110101000111110000000001011100001110110010001111111100011010100011011100001111101101110011100101100111001010010010000000101101001100010110001010010001101101100000011110100101010
000110101000111110000000001011100001110110010001111111100011010100011011100001111101101110011100101100111001010010010000000101101001100010010000001100011100000101110100011110100101
000110101000111110000000001011100001110110010001111111100011010100011011100001111101101110011100101100111001010010010000000101101001100010010000001100011100000101110100011111010100
