100110001110010101011000001010101011100111010111110010011110010000001000001110010111011111101010110100101000001100110000010011000001110000010100000110101111011101111000010101110001
100110001110010101011000001010101011100111010111110010011110010000001000001110010111011111101010110100101000001100110000010011000001110000100001001001001100010001101100010101110001
100110001110010101011000001010101011100111010111110010011110010000001000001110010111011111101010110100101000001100110000010011000001110000100001001001011000100101111000010101110001
100110001110010101011000001010101011100111010111110010011110010000001000001110010111011111101010110100101000001100110000010011000001110000100001001001011001110011110100010101110001
100110001110010101011000001010101011100111010111110010011110010000001000001110010111011111101010110100101000001100110000010011000001110000100001001001011001110001110110111001100010
100110001110010101011000001010101011100111010111110010011110010000001000001110010111011111101010110100101000001100110000010011000001110000100001001001011001110001101100010101110001
100110001110010101011000001010101011100111010111110010011110010000001000001110010111011111101010110100101000001100110000010011000001110000100001001001001100010011101110111001100010
100110001110010101011000001010101011100111010111110010011110010000001000001110010111011111101010110100101000001100110000010011000001110000100001001001011001110001110110000000110001
100110001110010101011000001010101011100111010111110010011110010000001000001110010111011111101010110100101000001100110000010011001110110010110011100110101111011101111000010101110001
100110001110010101011000001010101011100111010111110010011110010000001000001110010111011111101010110100101000001100110000010011000001110000100001001001011001110001110100010101110001
100110001110010101011000001010101011100111010111110010011110010000001000001110010111011111101010110100101000001100110000010011000001110000100001001001011001110000001100010101110001
100110001110010101011000001010101011100111010111110010011110010000001000001110010111011111101010110100101000001100110000010011000001110000100001001001011001110011110010101110110001
100110001110010101011000001010101011100111010111110010011110010000001000001110010111011111101010110100101000001100110000010011000001110000100001000011101000111101111000010101110001
100110001110010101011000001010101011100111010111110010011110010000001000001110010111011111101010110100101000001100110000010011000001110000100001001001001100010011101100010101110001
100110001110010101011000001010101011100111010111110010011110010000001000001110010111011111101010110100101000001100110000010011000001110000010100000110101111011101111010111001100010
100110001110010101011000001010101011100111010111110010011110010000001000001110010111011111101010110100101000001100110000010011000001110000100001001001011001110011110100010111100001
100110001110010101011000001010101011100111010111110010011110010000001000001110010111011111101010110100101000001100110000010011000001110000100001001001011001110001110110111001100010
