011011000010111111101111111000111111110100110010010000001010010000000100011111011011000001000110101011100111100000110000100101111110100100000011100110001101100101110010010011101000
011100011101010011101000111111111001000011000101011100010111101101111101110001011001011001001110101100001100000100111110010110001010010101010100111011000100001010111000011000110000
011100011101010011101000111111111001000011000101011100010111101101111101110001011001011001001110101100001100000100111110010110001010010101010001101001011101011110011011101011010000
011011000010111111101111111000111111110100110010010000001010010000000100011111011011000001000110101011100111100000110000100001010101011001110010011111000010001101001101110011101000
011011000010111111101111111000111111110100110010010000001010010000000100011111011011000001000110101011100111100000110000100101111110100100000110111001010100100100000101101100111000
011011000010111111101111111000111111110100110010010000001010010000000100011111011011000001000110101011100111100000110000100101111111110010000110111100001100001001100001011000110000
011011000010111111101111111000111111110100110010010000001010010000000100011111011011000001000110101011100111100000110000100101111111011001110010011111000010001101001101110011101000
011011000010111111101111111000111111110100110010010000001010010000000100011111011011000001000110101011100111100000110000100101111111110010001010000001001100101001011000011000110000
011100011100010101001111100001010101111011000111010011111001111000011110101001111010110001101110000111111100001001001111011100011101011000010010100111010000010100111111101111111000
011100011101010011101000111111111001000011000101011100010111101101111101110001011001011001001110101100001100000100111110010110001010010101010100110001110101000110111101000011101000
011010100110111101011000011000100011010111010100011101100011101010111010010011100011101101100111001100001001110101101100010010011001110111011111010001001110001010111000011000110000
011011000010111111101111111000111111110100110010010000001010010000000101001001010101010100001010111000001010101010100011100001110000011011111000100010111110101000111101000011101000
011011000010111111101111111000111111110100110010010000001010010000000100011111011011000001000110101011100111100000110000100101111110100100000110111100001100001001100001011000110000
011011000010111111101111111000111111110100110010010000001010010000000100011111011011000001000110101011100111100000110000100101111110100110101111110010000001110110111011010011101000
011011000010111111101111111000111111110100110010010000001010010000000101001001010101010100001010111000001010101010100011100001110000011011111000100010111011000010010010110100111000
011011000010111111101111111000111111110100110010010000001010010000000100011111011011000001000110101011100111100000110000100001010101011001100100011001111011001001100001011000110000
011010001010001000110011111101110100000110011001100010110011000100101011000100100000000100000101010001010001010111001000111000000110011111111000001110111010000101001011010011101000
