000111100100000010110100101110010101111011100001110110000110010111000111110010000000100111010000111110000010110111011111100111000011100010100000101000110110001100101111011100000101
001111111001000011011011100000010001010011000100101100110011111100010001011111011010010010111011101000101111101101101010001100010101001111111010011101011101011000100100101000001101
000111100100000010110100101110010101111011100001110110000110010111000111110010000000100111010000111110000010110111011111100111000011100010100000101000110110001100101110111110010101
001111010111100000010110011001111100001111000001110110000110010111000111110010000000100111010000111110000010110111011111100111000011100010100000101000110110001100101111011100000101
001111111001000011011011100000010001010011000100101100110011111100010001011111011010010010111011101000101111101101101010001100010101001111111010011101011101011010000011100100100011
001111111001000011011011100000010001010011000100101100110011111100010001011111011010010010111011101000101111101101101010001100010101001111111010011101011101011010000010000110100101
000111100100000110111011110010101101110000010111000100110011111100010001011111011010010010111011101000101111101101101010001100010101001111111010011101011101011000100100101000001101
010001100111011011100000011101001101100000011101100010110001000101010001110111000010000000101011110100000100101011011111100111000011100010100000101000110110001100101111011100000101
000111100100000010110100101110010101111011100001110110000110010111000111110010000000100111010000111110000010110111011111100111000011100010100000101000110110001100101111011010001011
001111010111100000010110011001111100001111000001110110000110010111000111110010000000100111010000111110000010110111011111100111000011100010100000101000110110001100101110111110010101
001111111001000011011011100000010001010011000100101100110011111100010001011111011010010010111011101000101111101101101010001100010101001111111010011101011101011010000011101011010101
001111111001000011011011100000010001010011000100101100110011111100010001011111011010010010111011101000101111101101101010001100010101001111111010011101011101011010000011100100101001
000111100100000010110100101110010101111011100001110110000110010111000111110010000000100111010000111110000010110111011111100111000011100010100000101000110110001110001001110010111001
001111111001001100100111000000110011101010000101011110000110010111000111110010000000100111010000111110000010110111011111100111000011100010100000101000110110001100101111011100000101
001001010111001001001101111011010011001111110110011111011010000001101111010000011001010101011100001111001001101000001101001010000111010010101000000100110011010111101101110000010101
001111111001000011011011100000010001010011000100101100110011111100010001011111011010010010111011101000101111101101101010001100010101001111111010011101011101011010000011100010011101
001111010111100000101011011111100111011100011101010100000110010111000111110010000000100111010000111110000010110111011111100111000011100010100000101000110110001100101110111000000000
