000110101100101111101100101010100001000010111100101000101011000101000011000000001110011011110110010111101000100011110011010111010111000101001101000000100110110000101010010000100010
000110101100101111101100101010100001000010111100101000101011000101000011000000001110011011110110010111101000100110100001000101011011111101011111111100010001110011100101100100100010
000110101100101111101100101010100001000010111100100100001000001011000111101111000000110100000000111011111011101100001111001110100110010100110000001100011100111111101010010000100010
000110101100101111101100101010100001000010111100101000101011000101000011000000001110011011110110010111101000100111010110010000110111000011111100000011001101000100101000001010100010
000110101100101111101100101010100001000010111100100100001000001011000111101111000000110100000000111011111011101100011100000010110010111010111110111110111001000100101101100100100010
000110101100101111101100101010100001000010111100100100001000001011000111101111000000110100000000111011111011101010000000011011001011011001111011001111010110110000101010010000100010
000110101100101111101100101010100001000010111100101000101011000101000011000000001110011011110110010111101000100111110111101101100111001010110001000100010110110000101010010000100010
000110101100101111101100101010100001000010111100101000101011000101000011000000001110011011110110010111101000100110100001000101011011111101011011100111101110110000101010010000100010
000110101100101111101100101010100001000010111100101000101011000101000011000000001110011011110110010111101000100110100001000101011011111101011011001111010110110000101010010000100010
000110101100101111101100101010100001000010111100100100001000001011000111101111000000110100000000111011111011100101100101110010000101000111011111011011101110110000101010010000100010
000110101100101111101100101010100001000010111100100100001000001011000111101111000000110100000000111011111001111100110111001110100110010100110000001100011100111111101010010000100010
000110101100101111101100101010100001000010111100101000101011000101000011000000001110011011110110010111101000100110101011110100010110011011001001000100010110110000101010010000100010
000110101100101111101100101010100001000010111100101000101011000101001011100110101001000101011001111100110001110010001011010111010111000101001101000000100110110000101010010000100010
000110101100101111101100101010100001000010111100101000101011000101000011000000001110011011110110010111101000100001010100000000100010111011111000100010111110000011110010010000100010
000110101100101111101100101010100001000010111100100100001000001011000111101111000000110100000000111011111011010100110111001110100110010100110000001100011100111111101010010000100010
000110101100101111101100101010100001000010111100101000101011000101000011000000001110011011110110010111101000100100001010010001001011001100010110011010111001100011100010010000100010
000110101100101111101100101010100001000010111100100100001011001000110010111000010011001010110010000100000110110000110101110000011101110100100001111001101010111000111111100011001010
