111000001100000010000100110110100111101101101011110011100011010010110011010001100111001011011100100000011011000101010100001111100011001010110110111000110101011100000010111010101001
111000001100000010000100110110100111101101101011110011100011010010110011010001100010100010001010110000011011000101010100001111100011001010110110111000110101011100000010111010101001
111000001100000010000100110110100111101101101011110011100011010010110011010001100111001011011100100000011001101001000111001111100011001010110110111000110101011100000010111010101001
111000001100000010000100111011100100101000110110111011100011010010110011010001100111001011011100100000011011000101010100001111100011001010110110111000110101011100000010111010101001
111000001100000010000100110110100111101101101011110011100011010010110011010001100111001011011100100000011010101101010100001111100011001010110110111000110101011100000010111010101001
111000100111110000001001111000011010110010100011110011100011010010110011010001100111001011011100100000011011000101010100001111100011001010110110111000110101011100000010111010101001
111000001100000010000100110110100111101101101011110011100011010010110011010001100111001011011100100000011011000101010100001111100011001010110110111000110101011100001111010101100111
111000001100000010000100110110100111101101101011000001111110000110101111110011010000011111111110111001111010101101010100001111100011001010110110111000110101011100000010111010101001
111000001100000010000100110110100111100110011011110011100011010010110011010001100111001011011100100000011011000101010100001111100011001010110110111000110101011100000010111010101001
111000001100000010000100110110100111101101101011110011100011010010110011010001100111001011011100100000011011000101010100001111100011001010110110110010000100010000000010111010101001
111000001100000010000100110110100111101100100010011000101011010010110011010001100111001011011100100000011011000101010100001111100011001010110110111000110101011100000010111010101001
111000001100000010000100110110100111101101101011110011100011010010110011010001100010100010001010110000011010101101010100001111100011001010110110111000110101011100000010111010101001
111000001100000010000100110110100111101101101011110011100011010010110011010001100111001011011100100000011011000101010100001111101011101101101100111000110101011100000010111010101001
111000001100000010000100110110100111101101101011110011100011010010110011010001100111001011011100100000110011111001010100001111100011001010110110111000110101011100000010111010101001
111000001100000010000100110110100111101101101011110011100011010010110011010001100111001011011100100000011011000101010100001111100011001010110110111000110000001111101110110100111011
111000001100000010000100110110100111101101101011110011100011010010110011010001100010010011111010100000011011000101010100001111100011001010110110111000110101011100000010111010101001
111000001100000010000100110110100111101101101011110011100011010010110011010001100111001011011100100000011011000101010100001111100011001010110110111000110101011100000010111010101001
