101101110111001001011010000011001111111000000001000110000000100101011011011010111001011100011000000101001010110101011000110100101010100101011111100010011101111111101101000010001101
101101110111001001011010000011001111111000000001000110000000100101011011011010111001011100011000000101001010110101011000110100101010100101011111100010001000011101110111001011101101
101101110111001001011010000011001111111000000001000110000000100101011011011010111001011100011000000101001010110101011000110100101111001110101000101001011010001100100011100111101101
101101110111001001011010000011001111111000000001000110000000100101011011011010111001011100011000000101001010110101011000110100101010100101011110010111111001110011000111000110110000
101101110111001001011010000011001111111000000001000110000000100101011011011010111001011100011000000101001010110101011000110100101010100101011110010111111001110011000111001011101101
101101110111001001011010000011001111111000000001000110001000000101011011011010111001011100011000000101001010110101011000110100101010100101011111100010011101111111101101000010001101
101101110111001001011010000011001111111000000001000110000000100101011011011010111001011100011000000101001010110101011000101101011110011111100001001101111110110001100110001101110001
101101110111001001011010000011001111111000000001000110001000000101011011011010111001011100011000000101001010110101011000110100101010100101011111100010001000011101110111001011101101
101101110111001001011010000011001111111000000001000110000000100101011011011010111001011100011000000101001010110101011000110100101010100101011111100010001000011101110101000010001101
101101110111001001011010000011001111111000000001000110000000100101011011011010111001011100011000000101001010110101011000110100101010100101011110010111111001110100100111001011101101
101101110111001001011010000011001111111000000001000110000000100101011011011010111001011100011000000101001010110101011000110100101011000011011000101010100100001100100011100111101101
101101110111001001011010000011001111111000000001000110000000100101011011011010111001011100011000000101001010110101011000101101011110011111100000111000001111011000110111100111101101
101101110111001001011010000011001111111000000001000110000000100101011011011010111001011100011000000101001010110101011000110101010010110101111010100110001001000110000111100111101101
101101110111001001011010000011001111111000000001000110000000100101011011011010111001011100011000000101001010110101011000110100101010100101011111100010000111000000010001000010001101
101101110111001001011010000011001111111000000001000110000000100101011011011010111001011100011000000101001010110101011000110100101010100101011111100010001000011101110110100011001011
101101110111001001011010000011001111111000000001000110000000100101011011011010111001011100011000000101001010110101011000110100101010100101011111100010001000011101110101111011001011
101101110111001001011010000011001111111000000001000110000000100101011011011010111001011100011000000101001010110101011000110100101010100101011111100010001000011101110101111011001000
