100010001110111111110000110100000101110011010111000000000011110001110100100000101111011111110110001101101011101000111010101000111000000010101001111001010011001111101100011101000001
100010001110111111110000110100000101110011010111000000000011110001110100100000101111011100100001111000010101011101011000110001011000000010101001111001010011001111101100011101000001
100010001110111111110000110100000101110011010111000000000011110001110100100000101001110101100000111110101111011010010111001101000001000111011111111100011011110001100101100101000001
100010001110111111110000110100000101110011010111000000000011110001110100100010101101001100110011000000100011100010111011101001111110011101101110110000010000000011100110110101000001
100010001110111111110000110100000101110011010111000000000011110001110100100000101010000111101110000000100011100010111011101001111110011101101110110000010000000011100110110101000001
100010001110111111110000110100000101110011010111000000000011110001110100100000101111011100100001111000010101011101011000110001011000110100101001111001010011001111101100011101000001
100010001110111111110000110100000101110011010111000000000011110001111100101101001110000111101110000000100011100010111011101001111110011101101110110000010000000011100110110101000001
100010001110111111110000110100000101110011010111000000000011110001110100100000000001011111110110001101101011101000111010101000111000000010101001111001010011001111101100011101000001
100010001110111111110000110100000101110011010111000000000011110001000011101010011110101101111000110011100111010000010110001100000111011000011000110001011001111010000001101101000001
100010001110111111110000110100000101110011010111000000000011110001110100100000101111011111110110001101101011101000111010101000111000000010101001111001010011100100101000101101000001
100010001110111111110000110100000101110011010111000000000011110001110100100000101111011100100001111000010101011101011000110001011000000010101001111001010011100100101000101101000001
100010001110111111110000110100000101110011010111000000000011110001110100100000101001110101101010001111011000110011111111001011111111011011101101101001111111111001001001001101000001
100010001110111111110000110100000101110011010111000000000011100100010111111001011111111010110001101101111011111101100111000001111101100110000110110001100111110100011001101101000001
100010001110111111110000110100000101110011010111000000000011100100010111111001011111111010110001101101111011111101100111000001111110111100101001111001010011001111101100011101000001
100010001110111111110000110100000101110011010111000000000011100100010111111001011111111010110001101101111011111101100111000001111101100100101001111001010011001111101100011101000001
100010001110111111110000110100000101110011010111000000000011110001110100100000101001110101101010001111011000110011111111001011111111011001100101111111100100101011111011001110101001
100010001110111111110000110100000101110011010111000000000011110001110100100000101111011111000000100001011100011100110111111111000100101100011111000101111001110001011110010011011010
