110110011111000111010001001110100111010001111011111101111101011011110000010100001000000110001100011010010111101001111010101000111011001110010001001010100110101001011000101101000010
110110011111000111010001001110100111010001111011111101111101011011110000010100001000000110001111001010110100100111110000011001110111001110010001001010100110101001011000101101000010
110110011111000111010001001110100111010001111011111101111101011011110000010100001000000110001100010100101101101101110000011001110111001110010001001010100110101001011000101101000010
110110011111000111010001001110100111010001111011111101111101011011110000010100001000000110001100111010010111101001111010101000111011001110010001001010100110101001011000101101000010
110110011111000111010001001110100111010001111011111101111101011011110000010100001000000110001100010001000011101010110000011001110111001110010001001010100110101001011000101101000010
110110011111000111010001001110100111010001111011111101111101011011110000010100001000000110001111100010001101001001110000011001110111001110010001001010100110101001011000101101000010
110110011111000111010001001110100111010001111011111101111101011011110000010100001000000110011010100101100011101001111010101000111011001110010001001010100110101001011000101101000010
110110011111000111010001001110100111010001111011111101111101011011110000010100001000000110001100011010010000011001111010101000111011001110010001001010100110101001011000101101000010
110110011111000111010001001110100111010001111011111101111101011011110000010100001000000110001111000110101101101101110000011001110111001110010001001010100110101001011000101101000010
110110011111000111010001001110100111010001111011111101111101011011110000010100001000000110001100110001000011101010110000011001110111001110010001001010100110101001011000101101000010
110110011111000111010001001110100111010001111011111101111101011011110000010100001000000110001111000111111011011110111010101000111011001110010001001010100110101001011000101101000010
110110011111000111010001001110100111010001111011111101111101011011110000010100001000000110001100011010010111101001111010101000111011001000001110011100011010100011110010100011111000
110110011111000111010001001110100111010001111011111101111101011011110000010100001000000110001111000111111001000111100000011001110111001110010001001010100110101001011000101101000010
110110011111000111010001001110100111010001111011111101111101011011110000010100001000000110001100111111111100101010101111011010001101100101010100101001110001110101011111111101000010
110110011111000111010001001110100111010001111011111101111101011011110000010100001000000110001100010100100111001101111010101000111011001110010001001010100110101001011000101101000010
110110011111000111010001001110100111010001111011111101111101011011110000010100001000000110001111000101111011011110111010101000111011001110010001001010100110101001011000101101000010
110110011111000111010001001110100111010001111011111101111101011011110000010100001000000110001100011010010111101001111010101000111011001110010001001010100110101001011000101101000010
