101100100010100110000100001010001010000000100101001000010001111011000000011010010100110111001101010000001011110100110111011101111001100011110000101011001010101101100011001000001000
101100100010100110000100001010001010000000100101001000010010010010011100011110011111011001001001100000001011110100110111011101111001100011110000101011001010101101100011001000001000
101100100010100110000100001010001010000000100101001000010010010101000100110111000001110000001011100111000101111110011011011101111001100011110000101011001010101101100011001000001000
101100100010100110000100001010001010000000100101001000010001111011000000011010010100110111001101010000001011110100110111011101111001100011110001010111100101011111101111110011011000
101100100010100110000100001010001010000000100101001000010010010010011100011110011111011001101100100010100010111110011011011101111001100011110000101011001010101101100011001000001000
101100100010100110000100001010001010000000100101001000010000101110111111001101110000101101010000010001011010001010110111011101111001100011110000101011001010101101100011001000001000
101100100010100110000100001010001010000000100101001000010001011011000000011010010100110111001101010000001011110100110111011101111001100011110000101011001010101101100011001000001000
101100100010100110000100001010001010000000100101001000010000010000010110110111000001110000001011100111000101111110011011011101111001100011110000101011001010101101100011001000001000
101100100010100110000100001010001010000000100101001000010001111011000000011010011011000101100000110001101011000101110100111010001000110101011111000011001010101101100011001000001000
101100100010100110000100001010001010000000100101001000010010010111111000000111100011110001101011101101010101111111110000000011101110011001011010101011001010101101100011001000001000
101100100010100110000100001010001010000000100101001000010010010010011100011110011111011001001001100000001011110100110111011101111001100011110001010111100101011111101111110011011000
101100100010100110000100001010001010000000100101001000010000101110111111001101110000001110111010011000101101011000001101111000101011100001100110111011001010101101100011001000001000
101100100010100110000100001010001010000000100101001000010001111011000000011010011011000101100000110001101000100001101110100111101101111101110000101011001010101101100011001000001000
101100100010100110000100001010001010000000100101001000010000101110111111001101110000001110011110010101110101111100010001100111001010001010011010000100101010101101100011001000001000
101100100010100110000100001010001010000000100101001000010000101110111111001101110000001110011110010101110101111100010001100111001010001011110101100000010011101110000001001111101111
101100100010100110000100001010001010000000100101001000010010010000100000011111111101110011111110010000001011110100110111011101111001100011110000101011001010101101100011001000001000
101100100010100110000100001010001010000000100101001000010001111011000000011010010100110111001101101011100100100110010100101101110100100101100010010000010011101110000001001111101111
