100010011000010111101110110011000101111110010100100001111101001011100100100001001100110011010000000100001111011110111010101010111011011000111100000101101010000010010000100011000001
100010011000010111101110110011000101111110010100100001111101001011100100100001001100110011010000000100001111011110111010101010111011011000111100000101101101100010100110011110011101
100010011000010111101110110011000101111110010100100001111101001011100100100001001100110011010000000100001111011110111010101010111011011000111100000101101011111110000100110010001110
100010011000010111101110110011000101111110010100100001111101001011100100100001001100110011010000000100001111011110111010101010111011011000111100000101101101100010001101101011000001
100010011000010111101110110011000101111110010100100001111101001011100100100001001100110011010000000100001111011110111010101010111011011000111100000101101101011000101110011110011101
100010011000010111101110110011000101111110010100100001111101001011100100100001001100110011010000000100001111011110111010101010111011011000001011111110000101011111010010110100001101
100010011000010111101110110011000101111110010100100001111101001011100100100001001100110011010000000100001111011110111010101010111011011000111100000101101000111110110000101010101000
100010011000010111101110110011000101111110010100100001111101001011100100100001001100110011010000000100001111011110111010101010111011011000111100000101101011111110000100111010001110
100010011000010111101110110011000101111110010100100001111101001011100100100001001100110011010000000100001111011110111010101010111011011000111100000101101101100010100110011001101000
100010011000010111101110110011000101111110010100100001111101001011100100100001001100110011010000000100001111011110111010101010111011011000111100000101101101101100110000010000001000
100010011000010111101110110011000101111110010100100001111101001011100100100001001100110011010000000100001111011110111010101010111011011000111100000101010011010110010011101011000001
100010011000010111101110110011000101111110010100100001111101001011100100100001001100110011010000000100001111011110111010101010111011011000111100000101101010000010010010110011111000
100010011000010111101110110011000101111110010100100001111101001011100100100001001100110011010000000100001111011110111010101010111011011000111100000101101011111110000100110101111011
100010011000010111101110110011000101111110010100100001111101001011100100100001001100110011010000000100001111011110111010101010111011011000111100000101101000111110110010001000100111
100010011000010111101110110011000101111110010100100001111101001011100100100001001100110011010000000100001111011110111010101010111011011000111100000101101010000010010000100010001110
100010011000010111101110110011000101111110010100100001111101001011100100100001001100110011010000000100001111011110111010101010111011011000111100000101101011111110101111101010110111
100010011000010111101110110011000101111110010100011010001010011011001000010100011100110100011110111100000001001110110001001001000011010001110000000000101110110011111101100010001101
