011100111000001100101101001011100001010010000101001111110111001100011100110010001111011110110001001011010010010110100011010001000001100010111110000000000011001011001110011101101011
011100111000001100101101001011100001010010000101001111110111001100011100110010001111011110110001001010011011101100001001001010110110111010111011010011110110011000110110100110110001
011100111000001100101101001011100001010010000101001111110111001100011100110010001111011110110001001010011010001101110110111011100001100010111110000000000011001011001110011101101011
011100111000001100101101001011100001010010000101001111110111001100011100110010001111011110110001001011010010010110100011000100100011111010111011010011110110011000110110100110110001
011100111000001100101101001011100001010010000101001111110111001100011100110010001111011110110001001011010010010011110001010001000001100010111110000000000011001011001110011101101011
011100111000001100101101001011100001010010000101001111110111001100011100110010001111011110110001001010011010001101110110111000111001100111111011010011110110011000110110100110110001
011100111000001100101101001011100001010010000101001111110111001100011100110010001111011110110001001010011000100010001000111111000001100010111110000000000011001011001110011101101011
011100111000001100101101001011100001010010000101001111110111001100011100110010001111011110110001001010000100011100010001111001011101100010001101000011010100111110110000101000001001
011100111000001100101101001011100001010010000101001111110111001100011100110010001111011110110001001011010010101000110001010001000001100010111110000000000011001011001110011101101011
011100111000001100101101001011100001010010000101001111110111001100011100110010001111011110110001001011010010010011110001000100100011111010111011010011110110011000110110100110110001
011100111000001100101101001011100001010010000101001111110111001100011100110010001111011110110001001010011000100001100101110001000001100010111110000000000011001011001110011101101011
011100111000001100101101001011100001010010000101001111110111001100011100110010001111011110110001001011010010010110101010111010110110111010111011010011110110011000110110100110110001
011100111000001100101101001011100001010010000101001111110111001100011100110010001111011110110000010110101001010010110011101010110110111010111011010011110110011000110110100110110001
011100111000001100101101001011100001010010000101001111110111001100011100110010001111011110110001001010011010001100110100000000111001100111111011010011110110011000110110100110110001
011100111000001100101101001011100001010010000101001111110111001100011100110010001111011110110001001010011010001101110101010100010111100101000111100100100010100101101010111111100011
011100111000001100101101001011100001010010000101001111110111001100011100110010001111011110110001001010000100011010011000010000000111010100001011000000000011001011001110011101101011
011100111000001100101101001011100001010010000101001111110111001100011100110010001111011110110001001010011000100010001000111111000001100010111110000000000011001011001110011101101011
