111011110101111010010000100010001101110111110011101111100010011110000010100001111011010101110011011010001111111011110110110110001101111111010100100101101001010100000110100001010110
111011110101111010010000100010001101110111110011101111100010011110101001100101001011010101110011011010001111111011110110110110001101111111010100100101101001010100000110100001010110
111011110101111010010000100010001101110111110011101111100010011110001110000011101000100101110011011010001111111011110110110110001101111111010100100101101001010100000110100001010110
111011110101111010010000100010001101110111110011101111100010001000111011100000010110100001110001011010001111111011110110110110001101111111010100100101101001010100000110100001010110
111011110101111010010000100010001101110111110011101111100010001000111011100000010110010101110011011010001111111011110110110110001101111111010100100101101001010100000110100001010110
111011110101111010010000100010001101110111110011101111100010011110101001110110000000000101110011011010001111111011110110110110001101111111010100100101101001010100000110100001010110
111011110101111010010000100010001101110111110011101111101100011110000010100001111011010101110011011010001111111011110110110110001101111111010100100101101001010100000110100001010110
111011110101111010010000100010000011001001111001010001101110011110101001100101001011010101110011011010001111111011110110110110001101111111010100100101101001010100000110100001010110
111011110101111010010000100010001101110111110011101111100010011110101001100101001011001010110010110001101110111011110110110110001101111111010100100101101001010100000110100001010110
111011110101111010010000100010000011001001111001010001110001100110101001110110000000000101110011011010001111111011110110110110001101111111010100100101101001010100000110100001010110
111011110101111010010000100010000011001001101101011001111000111100101110000011101000100101110011011010001111111011110110110110001101111111010100100101101001010100000110100001010110
111011110101111010010000100010001101110111110011111000111010111110001110000011101000100101110011011010001111111011110110110110001101111111010100100101101001010100000110100001010110
111011110101111010010000100010000011001001111001010001110010110100011101100001001011010101110011011010001111111011110110110110001101111111010100100101101001010100000110100001010110
111011110101111010010000100010000011001001111001010001101110011110001110000011101000100101110011011010001111111011110110110110001101111111010100100101101001010100000110100001010110
111011110101111010010000100010001101110111110011101111100010001000111011100000010110011111000110101100100110101001110110000110011111101011011101011111001001010100000110100001010110
111011110101111010010000100010001101110111110011101111100010001000111011100000010110001010110010110001101110111011110110110110001101111111010100100101101001010100000110100001010110
111011110101111010010000100010001101110111110011101111100010011110000010100001111011010101110011011010001111111011110110110110001101111111010100100101101001010100000110100001010110
