010111111110101100110000010010010101001011100011101101100010111101001100101100110010001100000000100001000101010110101011010000001000011101011011001100100100010101110010100001000000
010111111110101100110001100111010100000100101111110011010010001110011011001100110010001100000000100001000101010110101011010000001000011101011011001100100100010101110010100001000000
010111111110101100110001100111010100000100101111110011010010001110011100101100110010001100000000100001000101010110101011010000001000011101011011001100100100010101110010100001000000
010111111110101100110001100111010100001011000100001110111001001010101100101100110010001100000000100001000101010110101011010000001000011101011011001100100100010101110010100001000000
010111111110101100110000010010010101001011100011101101100010111101001100101100110010001100000000100001000101010110101011010000001000011101011011001100100100010101110000001101010011
010111111110101100110001100111010100000100101111110011010010001110011011001100110010001100000000100001000101010110101011010000001000011101011011001100100100010101110000001101010011
010111111110101100110011111110010000010010110110101010001001100111011011001100110010001100000000100001000101010110101011010000001000011101011011001100100100010101110010100001000000
010111111110101100110001100111010100000101111001111010110001011111111100101100110010001100000000100001000101010110101011010000001000011101011011001100100100010101110010100001000000
010111111110101100110001100111010100000100101111110011010010001110011111011110111111000010111101111110001011001111101011100000001000011101011011001100100100010101110010100001000000
010111111110110101111011110100100001111010110010010100010100110100111100101100110010001100000000100001000101010110101011010000001000011101011011001100100100010101110010100001000000
010111111110101100110001100111010100000100101000110001101001000111110011001110011010001100000000100001000101010110101011010000001000011101011011001100100100010101110010100001000000
010111101100110010010110111001111011101110101100010100100110010001111011001100110010001100000000100001000101010110101011010000001000011101011011001100100100010101110010100001000000
010111111110110101111011110100100001111010110010010100100001010011011011001100110010001100000000100001000101010110101011010000001000011101011011001100100100010101110010100001000000
010111111110101100110001100111010100000100101111110011010010001110010000111110111111000010111101111110001011001111101011100000001000011101011011001100100100010101110010100001000000
010111111110101100110001100111010100000100101111110011010010001110011110100100111001010100000000100001000101010110101011010000001000011101011011001100100100010101110010100001000000
010111111110101100110000010010010101001010100101010100111110010111101101001110000011111111000110100000000101010110101011010000001000011101011011001100100100010101110010100001000000
010111111110101100110000010010010101001010100101010100111110011000111100101100110010001100000000100001000101010110101011010000001000011101011011001100100100010101110010100001000000
