110000110111110110111011010101010101010100111110001111100110101001110111011010110010100010000111000000100000110010011011110101101010111010101110110100000110111111110111010000101001
110101001111100110111011010101010101010100111110001111100110101001110111011010110010100010000111000000100000110010011011110101101010111010101110110100000110111111110111010000101001
110101001110110101110100111100001100111101000101100011100110101001110111011010110010100010000111000000100000110010011011110101101010111010101110110100000110111111110111010000101001
110101100101110110111011010101010101010100111110001111100110101001110111011010110010100010000111000000100000110010011011110101101010111010101110110100000110111111110111010000101001
110101110111110110111011010101010101010100111110001111100110101001110111011010110010100010000111000000100000110010011011110101101010111010101110110100000110111111110111010000101001
110000111001000101010101110001010101010100111110001111100110101001110111011010110010100010000111000000100000110010011011110101101010111010101110110100000110111111110111010000101001
110000111001000101010101101011000000000010000101000001000101011001001110001010110010100010000111000000100000110010011011110101101010111010101110110100000110111111110111010000101001
110000010010000001111011010101010101010100111110001111100110101001110111011010110010100010000111000000100000110010011011110101101010111010101110110100000110111111110111010000101001
110101000000011111101010101101010101010100111110001111100110101001110111011010110010100010000111000000100000110010011011110101101010111010101110110100000110111111110111010000101001
110100011001100010110100100011001010110100011110100111110010000001001011111110110010100010000111000000100000110010011011110101101010111010101110110100000110111111110111010000101001
110000111000001111101010101101010101010100111110001111100110101001110111011010110010100010000111000000100000110010011011110101101010111010101110110100000110111111110111010000101001
110000010011010110111011010101010101010100111110001111100110101001110111011010110010100010000111000000100000110010011011110101101010111010101110110100000110111111110111010000101001
110101000000000011110010110101101111100110011100110001100000111101101000101101011101110000000111000000100000110010011011110101101010111010101110110100000110111111110111010000101001
110000111001000101010000101001100111101010111110110001000101011001001110001010110010100010000111000000100000110010011011110101101010111010101110110100000110111111110111010000101001
110011000000100000111001111101010101010100111110001111100110101001110111011010110010100010000111000000100000110010011011110101101010111010101110110100000110111111110111010000101001
110000110111110110111011010101010101010100111110001111100110101001110111011010110010100010000111000000100000110010011011110101101010111000000111111111011100011110111111011010111000
110000110111110110111011010101010101010100111110001111100110101001110111011010110010100010000111000000100000110010011011110101101010111010101110110100000110111111110111010000101001
