000000111010110010111010110111011110110100001001000100100010010101001000100110100011000001110011101110000001111110100000110010011111010010010111110001010001110001100000000100111100
000000111010110010111010110111011110110100001001000100100010010101001000100110100011000001110011101110000001111110100000110010011111010010010111110001000100100101100110100110110010
000000111010110010111010110111011110110100001001000100100010010101001000100110100011000001110011101110000001111110100000110010011111010010010111110001010111110011000001011101100010
000000111010110010111010110111011110110100001001000100100010010101001000100110100011000001110011101110000001111110100000110010011111010010010111111000100111000000101001010001100010
000000111010110010111010110111011110110100001001000100100010010101001000100110100011000001110011101110000001111110100000110010011111010010010111111000110010100010110001011101100010
000000111010110010111010110111011110110100001001000100100010010101001000100110100011000001110011101110000001111110100000110010011111010010010111110001000100100101100110100110111010
000000111010110010111010110111011110110100001001000100100010010101001000100110100011000001110011101110000001111110100000110010011111010010010111111000110010100011000001011101100010
000000111010110010111010110111011110110100001001000100100010010101001000100110100011000001110011101110000001111110100000110010011111010010010111110001010001110010010100110001100010
000000111010110010111010110111011110110100001001000100100010010101001000100110100011000001110011101110000001111110100000110010011111010010010111110001010001110001100000000100111110
000000111010110010111010110111011110110100001001000100100010010101001000100110100011000001110011101110000001111110100000110010011111010010010111110001101111111111111010101011011010
000000111010110010111010110111011110110100001001000100100010010101001000100110100011000001110011101110000001111110100000110010011111010010010111110001010111110010010100110001100010
000000111010110010111010110111011110110100001001000100100010010101001000100110100011000001110011101110000001111110100000110010011111010010010111111000110010100001001001101011011010
000000111010110010111010110111011110110100001001000100100010010101001000100110100011000001110011101110000001111110100000110010011111010010010111110001010001000110101001010001100010
000000111010110010111010110111011110110100001001000100100010010101001000100110100011000001110011101110000001111110100000110010011111010010010111110001010001000111111111011010010010
000000111010110010111010110111011110110100001001000100100010010101001000100110100011000001110011101110000001111110100000110010011111010010010111110001010001110001100010101000101111
000000111010110010111010110111011110110100001001000100100010010101001000100110100011000001110011101110000001111110100000110010011111010010010111111000110010100010110100011010000110
000000111010110010111010110111011110110100001001000100100010010101001000100110100011000001110011101110000001111110100000110010011111010010010111110001010001110001100000000100111100
