110110011111111001111001011001100001100100111100100110010110111000110010010100001111111100000000010001110101111110101100010100000111101010100100001001101111101100110001000100101000
110110011111111001111001011001100001100100111100100110010110111000110010010100001111111100000000011100000011101011101001110110110110101010100100001001101111101100110001000100101000
110110011111111001111001011001100001100100111100100110010110111000110010010100001111111100000000011100000011101011101001110110110111101010100100001001101111101100110001000100101000
110110011111111001111001011001100001100100111100100110010110111000110010010100001111111100000000010001110101111110101100010100000111101000110101101101101110011110111001110111001001
110110011111111001111001011001100001100100111100100110010110111000110010010100001111111100000000010001110101111110101100010100101110101010100100001001101111101100110001000100101000
110110011111111001111001011001100001100100111100100110010110111000110010010100001111111100000000011100000011101011101001110110111000101010100100001001101111101100110001000100101000
110110011111111001111001011001100001100100111100100110010110111000110010010100001111111100000000011100000011101011101001110110010011101010100100001001101111101100110001000100101000
110110011111111001111001011001100001100100111100100110010110111000110010010100001111111100000000010001110101111110101100010100000110001110110011100110000001000011111001110111001001
110110011111111001111001011001100001100100111100100110010110111000110010010100001111111100000000010001110101111110101100010100000111110000010101000101001101001100110001000100101000
110110011111111001111001011001100001100100111100100110010110111000110010010100001111111100000000010001110101111110101100010100000111101000110101101101101111101100110001000100101000
110110011111111001111001011001100001100100111100100110010110111000110010010100001111111100000000010001110101111110101100010100101110101111010001111111001111101100110001000100101000
110110011111111001111001011001100001100100111100100110010110111000110010010100001111111100000000010001110101111110101110010001011000101010100100001001101111101100110001000100101000
110110011111111001111001011001100001100100111100100110010110111000110010010100001111111100000000010001110101111110101100010100101111101010100100001001101111101100110001000100101000
110110011111111001111001011001100001100100111100100110010110111000110010010100001111111100000000010001110101111110101100010100111111101010100100001001101111101100110001000100101000
110110011111111001111001011001100001100100111100100110010110111000110010010100001111111100000000010001110101111111010110010010101000101010100100001001101111101100110001000100101000
110110011111111001111001011001100001100100111100100110010110111000110010010100001111111100000000010001110101111110101110010001111100101010100100001001101111101100110001000100101000
110110011111111001111001011001100001100100111100100110010110111000110010010100001111111100000000010001110101111110101100010100000111101010100100001001101111101100110001000100101000
