101011110110010011110100001100010001111111011101100101101111001100011000110101000101011010011100110111010010100000101011110000100010001101100001011011000010110001100110100110010111
101011110110010011110100001100010001111111011101100101101111001100011000110101000101011010010000001011111100100100000001101101011000110011000110101111011011000110011111100110010111
101101110000001111100010010000000101100011011001001011111011010010111000110101000101011010011100110111010010100000101011110000100010001101100001011011000010110001100110100110010111
101011110110010011110100001100010001111111011101100101101111001100011000110101000101011010010000001011010010100000101011110000100010001101100001011011000010110001100110100110010111
101101110000001111100010010000000101100011011001001011111011010010111000110101000101011010010000001011111100100100000001101101011000110011000110101111011011000110011111100110010111
101011110110010011110100001100010001111111011101100101101111001100000110001010000001111100101001110101000100000000101011110000100010001101100001011011000010110001100110100110010111
101101110000001111100010010000000101100011011001001011111011010010111000110101000101011010010000001011010010100000101011110000100010001101100001011011000010110001100110100110010111
101011110110010011110100001100010001111111011101100101101111001100000110001010000001110011101101010000111111100101101100011110000011010011001000000010100001010010000001100110010111
101011110110010011110100001100010001111111011101100101101111001100011000110101000101011010011100110111010000001100111000111110100110100010010111111101101001110001100110100110010111
101011110110010011110100001100010001111111011101100101101111001100011000110101000101011010010000001011111100100110000010001111101010100100100011111011111011000110011111100110010111
101011110110010011110100001100010001111111011101100101101111001100011000110101000101011010010000001011111100100100000001101101011000110011000110101111011011101101011001110111101111
101011110110010011110100001100010001111111011101100101101111001100011000110101000101011010010000001011111100100100000001101101011000110011000110101111011011101101000100100110010111
101011110110010011110100001100010001111111011101100101101111001100011000110101000101011010011100110111010100100011110000001010011101011101011100111101000101000111011001111110001111
101101110000001111100010010000000101100011011001001011111011010010111000110101000101011010010000001011111100100100000001101101011000110011000110101111011011101101011001110111101111
101101110000001111100010010000000101100011011001001011111011010010111000110101000101011010011100110111010100100011110000001010011101011101011100111101000101000111011001111110001111
101011110110010011110100001100010001111111011101100101101111001100011000110101000101011010010000001011111100100100000001101101011000110011000110101111011011001000000011001111000000
000110100001000100001011011100110011001010000010110110001000111111110010010001000001110110000111111010111101111111111101111110110010001101100001010111000111111100110100000101000010
