000011100011101010111001111101111010101000001101100010101101111110110010011000010010001011111110111100010000111110111000010101111101000101010111110100011111110110101
101111110010001101000001111101111010101000001101100010101101111110110010011000010010001011111110111100010000111110111000010101111101000101010111110100011111110110101
000011100000100100110000111111001111001000001101100010101101111110110010011000010010001011111110111100010000111110111000010101111101000101010111110100011111110110101
101001101101100011110100010101000011101000001101100010101101111110110010011000010010001011111110111100010000111110111000010101111101000101010111110100011111110110101
101100111100000100110000111111001111001000001101100010101101111110110010011000010010001011111110111100010000111110111000010101111101000101010111110100011111110110101
101111110000100100110000111111001111001000001101100010101101111110110010011000010010001011111110111100010000111110111000010101111101000101010111110100011111110110101
000011100011101010111001111101111010101000001101100010101101111110110010011000010010001011111110111100010000111110111000000010000101000101010111110100011111110110101
000011100001110000110110100000100001101110010010001100010101011010110100000111001111011010011100100110000101110110111000010101111101000101010111110100011111110110101
000011100001011000010000010101000011101000001101100010101101111110110010011000010010001011111110111100010000111110111000010101111101000101010111110100011111110110101
000011100000100100110000111111001111001010010100010011100000111000101101110110000111011010011100100110000101110110111000010101111101000101010111110100011111110110101
000011100001110000110110100000100001101110010010001100010101011010110100000111001111011010011100100110000101110110101110111001101110010111101000110100011111110110101
000011100011101010111001111101111010101000001101100010101101111110110010011000010010001011111110111100010000111110111000010101111101011001111101100001010110100001010
000011100000100100110000111111001111001010010100010011100000111000101101110110001101101111111110111100010000111110111000010101111101000101010111110100011111110110101
101111110010001101000001111101111010101000001101100010101101111110110010011000010010001011111110111100010000111110111000000010000101000101010111110100011111110110101
000011100011101010111001111101111010101000001101100010101101111110110010011000010010001011111110111100010000111110111000010101111101000101010100010100011111110110101
000011100001110000110110100000100001101110010010001100010101011010110100000111001111011010011100100110000101110110101110101110010110011101010111110100011111110110101
010011111010111010110101110011101100111100110110110001000100110010100001000001101001110100100100101001001001011001111100010000110100111111010100010100110100111011011
