011010101111011000001110101000011000010101100101011001001111001000000110100001111000011010111110010101111100111000010010100010110010011100101000110110101110010100011
011010101111011000001110101000011000010101100101011001001111001000000110100001111000011010111110010101111100111011110010100010110010011100101000110110101110010100011
011010101111011000001110101000101000010101100101011001001111001000000110100001111000011010111110010101111100111000010010100010110010011100101000110110101110010100011
011010101111011000001110101000011000010101100101011001001111001000000110100001111000011010111110010101111100111000110010100010110010011100101000110110101110010100011
011010101111011000001110101000101000010101100101011001001111001000000110100001111000011010111110010101111100111011110010100010110010011100101000110110101110010100011
011010101111011000001110101000011000010101100101000000101011000100001101011101000011101010111001101011000001010010000010100010110010011100101000110110101110010100011
011010101111011000001110101000011000010101100101011001001111001000000110100001111000011010111110010101111100111000010110100010110010011100101000110110101110010100011
011010101111011000001110101000011000010101100101011001001111001000000110100001111000011010111110010101111100111001110110100010110010011100101000110110101110010100011
011010101111011000001110101000011000010101100101011001001111001000000110100001111000011010111110010101111100111001110010100010110010011100101000110110101110010100011
011010101111011000001110101000011000010101100101011001001111001000000110100001111000011010111110010101111100101010110010100010110010011100101000110110101110010100011
011010101111011000001110101000011001010101100101011001001111001000000110100001111000011010111110010101111100111000010010100010110010011100101000110110101110010100011
011010101111011000001110101000011000010101100101011001001111001000000110100001111000011010111110010101111100101101001010100010110010011100101000110110101110010100011
011010101111011000001110101000011000010101100101011001001111001000100111001111011001000100100110111100000111110110000010100010110010011100101000110110101110010100011
011010101111011000001110101000011000010101100101011001001111001000000110100001111000011010111110010101111100101010111010010001001111101000011100010111101110010100011
011010101111011000001110101000011000010101100101011001001111001000000110100001111000011010111110010101111100101111101111100010110010011100101000110110101110010100011
011010101111011000001110101000011000010101100101011001001111001000000110100001111000011010111110010101111100111001110110001000111110100000001010001111100010010100011
011010101111011000001110101000011000010101100101011001001111001000000110100001111000011010111110010101111100111000010010100010110010011100101000110110101110010100011
