011011011101010010001100101000100011011111000001011010011010110110001101010001001000011011011110100110010001110100101010110010111111100100010011100011001011000011101
011011011101010010001100101000100011011111000001011010011010110110001101010001001000011011011110100110010001110100101010110010111111100100010011110010101111101001100
011011011101010010001100101000100011011111000001011010011010110110001101010001001000011011011110100110010001110100101010110010101011000001010101000010101111101001100
011011011101010010001100101000100011011111000001011010011010110110001101010001001000011011011110100110010001110100101010110010111111100100010011110111011000111001100
011011011101010010001100101000100011011111000001011010011010110110001101010001001000011011011110100110010001110100101010110010111111100100010011110110101001011001100
011011011101010010001100101000100011011111000001011010011010110110001101010001001000011011011110100110010001110100101010110010111111100100010011100011001011000001100
011011011101010010001100101000100011011111000001011010011010110110001101010001001000011011011110100110010001110100101010110010111111100100010011110110000101100101000
011011011101010010001100101000100011011111000001011010011010110110001101010001001000011011011110100110010001110100101010110010111111100100010011110110101001011001000
011011011101010010001100101000100011011111000001011010011010110110001101010001001000011011011110100110010001110100101010110010111111100100010011110110101111101001100
011011011101010010001100101000100011011111000001011010011010110110001101010001001000011011011110100110010001110100101010110010111111100100010011110110101010011001100
011011011101010010001100101000100011011111000001011010011010110110001101010001001000011011011110100110010001110100101010110010111111100100010011110111001101110001100
011011011101010000001100101000100011011111000001011010011010110110001101010001001000011011011110100110010001110100101010110010111111100100010011100011001011000011101
011011011101010010001100101000100011011111000001011010011010110110001101010001001000011011011110100110010001110100101010110010111111100001010101000010101111101001100
011011011101010010001100101000100011011111000001011010011010110110001101010001001000011011011110100110010001110100101010110010111111100100010011100011001011000111101
011011011101010010001100101000100011011111000001011010011010110110001101010001001000011011011110100110010001110100101010110010111111100100010011111010111001000101100
011011011101010010001100101000100011011111000001011010011010110110001101010001001000011011011110100110010001110100101010110010111111100100010011110110101010011001000
011011011101010010001100101000100011011111000001011010011010110110001101010001001000011011011110100110010001110100101010110010111111100100010011100011001011000011101
