100101001000110111010100010111101111011001001111101111110100100011010010011001010101101010010001001111110000101010111001001011011011111110001010000100111011001011011
100101001000110111010100010111101111011001001111101111110100100011010010011001010101101010010001001111110000101111111001001011011011111110001010000100111011001011011
111111010110001111010100010111101111011001001111101111110100100011010010011001010101101010010001001111110000101010111001001011011011111110001010000100111011001011011
111111000000110111010100010111101111011001001111101111110100100011010010011001010101101010010001001111110000101010111001001011011011111110001010000100111011001011011
100101001000110111010100010111101111011001001111101111110100100011010010011001010101101010010001001111110000101101110000011100010101110111111000100100111011001011011
111111000100001111010100010111101111011001001111101111110100100011010010011001010101101010010001001111110000101010111001001011011011111110001010000100111011001011011
100101001000110111010100010111101111011001001111101111110100100011010010011001010101101010010001001111110000101010111001010101011001101100000110110001101100011001001
100101001000110111010100010111101111011001001111101111110100100011010010011001010101101010010001001111110000101010111001010101011001101100000110110001101100011011011
100101001000110111010100010111101111011001001111101111110100100011010010011001010101101010010001001111110000101101110000011100010101110111111000111110000100001111001
100101001000110111010100010111101111011001001111101111110100100011010010011001010101101010010001001111110000101101110000000001010111001101000111111111011011001011011
111111010110001111010100010111101111011001001111101111110100100011010010011001010101101010010001001111110000101111111001001011011011111110001010000100111011001011011
111111000000110111010100010111101111011001001111101111110100100011010010011001010101101010010001001111110000101111111001001011011011111110001010000100111011001011011
100101001000110111010100010111101111011001001111101111110100100011010010011001010111110100001101100110010010010110100000101000001101000111001110111100011011001011011
100101001000110111010100010111101111011001001111101111110100100011010010011001010101101010010001001111110000101101110000011100010101110111111000100101011011001011011
100101001000110111010100010111101111011001001111101111110100100011010010011001010101101010010001001111110000101101110000000011111011111110001010000100111011001011011
111111000100001111010100010111101111011001001111101111110100100011010010011001010101101010010001001111110000101111111001001011011011111110001010000100111011001011011
111111000001110111010100010111101111011001001111101111110100100011010010011001010101101010010001001111110000101101110011000010111000110000000001100111011011001011011
