111001110100110101010011110010100001010001111011101011011000010011110010110011001001111010011100110001001000111111001100110010011111001110010100011111110000000001011
111001110100110101010011110010100001010001111011010000111000010011110010110011001001111010011100110001001000111111001100110010011111001110010100011111110000000001011
111001110100110101010011110010100001010001111011010000010000010011110010110011001001111010011100110001001000111111001100110010011111001110010100011111110000000001011
111001110100110101010011110010111000011010000110000111101000010011110010110011001001111010011100110001001000111111001100110010011111001110010100011111110000000001011
111001110100110101010011110010111000000110000110000111101000010011110010110011001001111010011100110001001000111111001100110010011111001110010100011111110000000001011
111001110100110101010011110010100001001110010101011010111000010011110010110011001001111010011100110001001000111111001100110010011111001110010100011111110000000001011
111001110100110101010011110010100001010001111011101011110111100010010010110011001001111010011100110001001000111111001100110010011111001110010100011111110000000001011
111001110100110101010011110010100001001110010001011010111000010011110010110011001001111010011100110001001000111111001100110010011111001110010100011111110000000001011
111001110100110101010011110010100001010001111111011101110000010011110010110011001001111010011100110001001000111111001100110010011111001110010100011111110000000001011
111001110100110101010011110010100001010001111011101011011000010011110010110011001001111010011100110001001000111000101100110010011111001110010100011111110000000001011
111001110100110101010011110010100001010001111011101011011000010011110010110011001001111010011100110001001000111111001100110010011111001110010100011111110000011000011
111001110100110101010011110010100000000110000110000111101000010011110010110011001001111010011100110001001000111111001100110010011111001110010100011111110000000001011
111001110100110101010011110010100001111010000110000111101000010011110010110011001001111010011100110001001000111111001100110010011111001110010100011111110000000001011
111001110100110101010011110010100001010001111011101011011010001100011010011000101101111010011100110001001000111111001100110010011111001110010100011111110000000001011
111001110100110101010011110010100001001110110101011010111000010011110010110011001001111010011100110001001000111111001100110010011111001110010100011111110000000001011
111001110100110101010011110010111010101010000110000111101000010011110010110011001001111010011100110001001000111111001100110010011111001110010100011111110000000001011
111001110100110101010011110010100001010001111011101011011000010011110010110011001001111010011100110001001000111111001100110010011111001110010100011111110000000001000
