000000000010110000010001111110101001100010011111011000111111000010001000110100000111110011010100111000000001001000101011010000000001000111100110010110010010100010110
000000000010110000010001111110101001100010011111011000111111000010001000110100000111110011010100111000000001001000101011001001110000011010001111111101010010100010110
000000000010110000010001111110101001100010011111011000111111000010001000110100000111110011010100111000000001001000101011010000000000101100001001110101111010100010110
000000000010110000010001111110101001100010011111011000111111000010001000110100000111110011010100111000000001001000101011010000000000101100001001110111001010100010110
000000000010110000010001111110101001100010011111011000111111000010001000110100000111110011010100111000000001001000101011001011010111001100100101111011010010100010110
000000000010110000010001111110101001100010011111011000111111000010001000110100000111110011010100111000000001001000101011010010001101101011100000111011010111001010110
000000000010110000010001111110101001100010011111011000111111000010001000110100000111110011010100111000000001001000101011010010001101101001001100101000010010100010110
000000000010110000010001111110101001100010011111011000111111000010001000110100000111110011010100111000000001001000101011010000000000101100011101001100110010100010110
000000000010110000010001111110101001100010011111011000111111000010001000110100000111110011010100111000000001001000101011001001110000011010001111111101010111001010110
000000000010110000010001111110101001100010011111011000111111000010001000110100000111110011010100111000000001001000101011010010100110000101100111001110110000100010110
000000000010110000010001111110101001100010011111011000111111000010001000110100000111110011010100111000000001001000101011010010001101101001001100101000110111001010110
000000000010110000010001111110101001100010011111011000111111000010001000110100000111110011010100111000000001001000101011010010001101101011100011101010110000100010110
000000000010110000010001111110101001100010011111011000111111000010001000110100000111110011010100111000000001001000101011001001110000011010001111111110110000100010110
000000000010110000010001111110101001100010011111011000111111000010001000110100000111110011010100111000000001001000101011010000000001000111100110111011010111001010110
000000000010110000010001111110101001100010011111011000111111000010001000110100000111110011010100111000000001001000101011010000000001010010011010101100110000100010110
000000000010110000010001111110101001100010011111011000111111000010001000110100000111110011010100111000000001001000101011010000000001010011001011011101110111001010110
000000000010110000010001111110101001100010011111011000111111000010001000110100000111110011010100111000000001001000101011001001110000011010001111111110110111110011101
