011010010100100000110001001111001100111010010101111010001110100011111110110001001011111100100110010001000000110110011110111101101100110111101011010000111101101111010
011010010100100000110001001111001100111010010101111010001110100011111110110001001011111100100110010001110000110110011110111101101100110111101011010000111101101111010
011010010100100000110001001111001100111010010101111010001110100011111110110001001011111010111001111111000000110110011110111101101100110111101011010000111101101111010
011010010100100000110001001111001100111010010101111010001110100011111110110001001011111010111001111111001001110110011110111101101100110111101011010000111101101111010
011010010100100000110001001111001100111010010101111010001110100011111110110001001011111100101101011111000000110110011110111101101100110111101011010000111101101111010
011010010100100000110001001111001100111010010101111010001110100011111110110001001011111100101101011111001001110110011110111101101100110111101011010000111101101111010
011010010100100000110001001111001100111010010101111010001110100011111110110001001011100001000100010001000000110110011110111101101100110111101011010000111101101111010
011010010100100000110001001111001100111010010101111010001110100011111110110001001011111010110010110001000000110110011110111101101100110111101011010000111101101111010
011010010100100000110001001111001100111010010101111010001110100011111110110001001011111100100110010001100101110110011110111101101100110111101011010000111101101111010
011010010100100000110001001111001100111010010101111010001110100011111110110001001011111100100110010001010100110110011110111101101100110111101011010000111101101111010
011010010100100000110001001111001100111010010101111010001110100011111110110001001011111100100110010001101100110110011110111101101100110111101011010000111101101111010
011010010100100000110001001111001100111010010101111010001110100011111110110001001011111100100110010001001111111101000111001111100011000110111110010001111101101111010
011010010100100000110001001111001100111010010101111010001110100011111110110001001011111100100110001010101011111101000111001111100011000110111110010001111101101111010
011010010100100000110001001111001100111010010101111010001110100011111110110001001011111100100110010001100100110110011110111101101100110111101011010000111101101111010
011010010100100000110001001111001100111010010101111010001110100011111110110001001011111100100110010001111010001111100001010010110001110100111010010000111101101111010
011010010100100000110001001111001100111010010101111010001110100011111110110001001011111010111001111111010011111101000111001111100011000110111110010001111101101111010
011010010100100000110001001111001100111010010101111010001110100011111110110001001011100001000100110110011000000000100001010010110001110100111010010000111101101111010
