100100000110101111001100000101011001010001111110111110001011111100000111000011100000000000001101100111100001100100101100010001110011101010111110011010010111101101101
100100000110101111001100000101011001010001111110111110001011111100000111000011100000000000100100100010011011110001000110000101101101000001111001111011011110110001101
100100000110101111001100000101011001010001111110111110001011111100000111000101111111101110111011001111010111110000011111000111000101000010110010000001111101010100101
100100000110101111001100000101011001010001111110111110001011111100000111000011100000000000100100100010011011110001000110000101101101000001111001100001110010110001101
100100000110101111001100000101011001010001111110111110001011111100000111000011100000000000001110101001001000011110111110100100011100101011110000101000111111100001001
100100000110101111001100000101011001010001111110111110001011111100000111000011100000000000100100100010011011110001000110000101101101000001111001100001110010100001101
100100000110101111001100000101011001010001111110111110001011111100000111000101111111101110111011001100111011110001000110000101101101000001111001111011011110110001101
100100000110101111001100000101011001010001111110111110001011111100000111000011100000000000001110101001001000011110111110100100011100101001111011100001111001010111101
100100000110101111001100000101011001010001111110111110001011111100000111000011100000000000001110101001001000011110111110100100011100101011111011100001111001010111101
100100000110101111001100000101011001010001111110111110001011111100000111000101111111101110111011001111010110100111101000000101010100100011100011010101001111100000100
100100000110101111001100000101011001010001111110111110001011111100000111000011100000110101110101000110001110010000001100100011111110101111011110100001001111100000100
100100000110101111001100000101011001010001111110111110001011111100000111000011101011011000010111011100011000101101001110010011111000100011100011010101001111100000100
100100000110101111001100000101011001010001111110111110001011111100000111000101111111101110111011001100111101101110101000000101010100100011100011010101001111100000100
100100000110101111001100000101011001010001111110111110001011111100000111000011100000000000001110101001001000011110111110100100011100101001111011100001111000001011100
100100000110101111001100000101011001010001111110111110001011111100000111000011100000000000001110101001001000011110111110100100011100101011111011100001111000001011100
100100000110101111001100000101011001010001111110111110001011111100000111000011100000000000001101100111100001100100101100010001110011101010111110011010010000100110100
100100000110101111001100000101011001010001111110111110001011111100000111000011100000000000001110101001001000011110111110100100011100101001111011100001111001010111101
