011010000110100011110101010010010110011011111101011101111001110110110100011010110000101100110010001000010101010100010101000100011000101111100101100110111101110010010
011010000110100011100011010111000111111011001010111011111001110110110100011010110000101100110010001000010101010100010101000100011000101111100101100110111101110010010
011010000110100011110101010010010110011011001010111011111001110110110100011010110000101100110010001000010101010100010101000100011000101111100101100110111101110010010
011010000110100011110101010010010110011011111101011111111001110110110100011010110000101100110010001000010101010100010101000100011000101111100101100110111101110010010
011010000110100011110101010010010100100010111011110011111001110110110100011010110000101100110010001000010101010100010101000100011000101111100101100110111101110010010
011010000110100011110101010010010110011011111010010001000110110110110100011010110000101100110010001000010101010100010101000100011000101111100101100110111101110010010
011010000110111000100011010111000111111011001010111011111001110110110100011010110000101100110010001000010101010100010101000100011000101111100101100110111101110010010
011010000110100011110101010001001001101111011010111011111001110110110100011010110000101100110010001000010101010100010101000100011000101111100101100110111101110010010
011100101010110000100011010111000111111011001010111011111001110110110100011010110000101100110010001000010101010100010101000100011000101111100101100110111101110010010
011010000110100011110101010010010110011111001110011011111001110110110100011010110000101100110010001000010101010100010101000100011000101111100101100110111101110010010
011010000110100011110101010010110001011001111110100010001000111110010110110001110000101100110010001000010101010100010101000100011000101111100101100110111101110010010
011010000110100011110101110111000111111011001010111011111001110110110100011010110000101100110010001000010101010100010101000100011000101111100101100110111101110010010
011010000110100011110101010010010011000101010111010011111001110110110100011010110000101100110010001000010101010100010101000100011000101111100101100110111101110010010
011010000110100011110101010010110001011001111110100010001011110000101011110110100111010010111010001000010101010100010101000100011000101111100101100110111101110010010
011010000110100011110101010010010100100010111011110011010011011001111111000110010110110101011110001000010101010100010101000100011000101111100101100110111101110010010
011010000110100011110101010010010110011011111101011101111001110110110100011010110000101010110010001000010101010100010101000100011000101111100101100110111101110010010
011010000110100011110101010010010110011011111101011101111001110110110100011010110000101100110010001000010101010100010101000100011000101111100101100110111101110010010
