11011111111101011000110011010101001100111000101001100101011000110000100001000100111001011111111011110101000100110001100110100100001000011001001010001110011110111101110100010100110001
11011111111101011000110011010101001100111000101001100101011000110000100001000100111001011111111011110101000010011101011001101011111011101011110011010011100010111111011110110101110111
11011111111101011000110011010101001100111000101001100101011000110000100001000100111001011111111011110101000010011101011001101011111011101011110011010011100010111111011111011101110111
11011111111101011000110011010101001100111000101001100101011000110000100001000100111001011111111011110101000010011101001111010010111000101111000001001101011101100011010110110101110111
11011111111101011000110011010101001100111000101001100101011000110000100001000100111001011111111011110101000001110110001010000000011010000101011001000110001001100011110101010100110001
11011111111101011000110011010101001100111000101001100101011000110000100001000100111001011111111011110101000010011101010111101011011000011001001010001110011110111101110100010100110001
11011111111101011000110011010101001100111000101001100101011000110000100001000100111001011111111011110101000010011101010111101000011001111110001001010110011110111101110100010100110001
11011111111101011000110011010101001100111000101001100101011000110000100001000100111001011111111011110101000010011101010111011100001000011001001010001110011110111101110100010100110001
11011111111101011000110011010101001100111000101001100101011000110000100001000100111001011111111011110101000010011101010111011101100101001101011111111001101000110111011101010101110111
11011111111101011000110011010101001100111000101001100101011000110000100001000100111001011111111011110101000010011101010111101000011001111110001001010110011110100011100010110001100011
11011111111101011000110011010101001100111000101001100101011000110000100001000100111001011111111011110101000001110110101111001001010010101100100001001101011101100011010110110101110111
11011111111101011000110011010101001100111000101001100101011000110000100001000100111001011111111011110101000010011101010111011101100101001101011111111001110101011111011110110101110111
11011111111101011000110011010101001100111000101001100101011000110000100001000100111001011111111011110101000001110110101010110100001111100010011100000100011110111101110100010100110001
11011111111101011000110011010101001100111000101001100101011000110000100001000100111001011111111011110101000001110110101010110100000111011011111010101011101010101101110111110100110001
11011111111101011000110011010101001100111000101001100101011000110000100001000100111001011111111011110101000001110110101010110100001111100010011100000111111001100110100101011101110111
11011111111101011000110011010101001100111000101001100101011000110000100001000100111001011111111011110101000001110110001010000000011010000101011001000110001001100011110101010101110111
11011111111101011000110011010101001100111000101001100101011000110000100001000100111001011111111011110101000010011101111001100100001000011001001010001110011110111101110100010100110001
