10001111100010110001011000010110001111000100101101001101110001110100110110100001001111111010011110100001110110111101010110000000001010010100000011101101001110011010100001000110101001
10001111100010110001011000010110001111000100101101001101110001110100110110100001001111111010011110100001110110111101000111010110000011111000101100111100101111100010010110100000111001
10001111100010110001011000010110001111000100101101001101110001110100110110100001001111111010011110100001110110111101010110000000001010010100000011101101001110011010101001011001111101
10001111100010110001011000010110001111000100101101001101110001110100110110100001001111111010011110100001110110111101010111010110000011111000101100111100101111100010010110100000111001
10001111100010110001011000010110001111000100101101001101110001110100110110100001001111111010011110100001110110111101010110000000001010010100000011101101001110011010101010100000111001
10001111100010110001011000010110001111000100101101001101110001110100110110100001001111111010011110100001110110111101010110000000001010010100000011101101001110011010110101110011101001
10001111100010110001011000010110001111000100101101001101110001110100110110100001001111111010011110100001110110111101010110000000001010010100000011101101001110011010110101110100111001
10001111100010110001011000010110001111000100101101001101110001110100110110100001001111111010011110100001110110111101010110000000001010010100000011101101111001000111101010100000111001
10001111100010110001011000010110001111000100101101001101110001110100110110100001001111111010011110100001110110111101010110000000001010011000001010100010110111101100100000011000111001
10001111100010110001011000010110001111000100101101001101110001110100110110100001001111111010011110100001110110111101000111010110000011111000101100111100101111100010010110000011101001
10001111100010110001011000010110001111000100101101001101110001110100110110100001001111111010011110100001110110101000111010101010011010001000010100111010000010010100110111100011111001
10001111100010110001011000010110001111000100101101001101110001110100110110100001001111111010011110100001110110111101010111010110000011111000101100111100101111100010010110000011101001
10001111100010110001011000010110001111000100101101001101110001110100110110100001001111111010011110100001110110111101000111010110000011111000101100111100101111100010011110100000111001
10001111100010110001011000010110001111000100101101001101110001110100110110100001001111111010011110100001110110111101000111010110000011111000101100111100101111100010010100010011110011
10001111100010110001011000010110001111000100101101001101110001110100110110100001001111111010011110100001110110111101010110000000001010011000001010100010110111101100111011100011111001
10001111100010110001011000010110001111000100101101001101110001110100110110100001001111111010011110100001110000001010100111101111100110010100000011100100111010111011001010100000111001
10001111100010110001011000010110001111000100101101001101110001110100110110100001001111111010011110100001110110111101010110000000001010010100000011101101001110011010100010110110100000
