11000010111101010100101111000011000100101111111000000001000111001111100011000000011101101100100010101101100010110001010111011110111101011101111011100000010110111000000110010011001010
11000010110010011100011011111000101100100111100011101001100110000001100011101101010111101101010100010010110011100110111011011101010101101000000001011101001111011010100110011001000010
11000010111101010100101111000011000100101111111000000001000111001111100011000000011101000011111111101101111101011111101011010010110000110101111001011101001111011010100110011001000010
11000010110010011000001110011110110100100111100011101001100110000001100011101101010111101101010100010010110011100110111011011101010101101000000001011101001111011010100110011001000010
11000010111101010100101111000011011001100101101111010001001110111101111001111110001101001101111100101110110011100110111011011101010101101000000001011101001111011010100110011001000010
11000010110010010111101101010001011000011000010000000110000110111011011101000010100001000001000111000100000010010011110011100001010101101000000001011101001111011010100110011001000010
11000010110010010111101101010001011000011000010000000110000110111011011101000010100001000001000111000100000010010100011100100001110111000001000001011101001111011010100110011001000010
11000010111101010101101000100111000111100100101010101000000110000100100001100101110011001001100101001110010000101000111111110010011000010110101101001100000000001101100011011110100010
11000010111101010101101000100111000111011010011100111110101110000111000111010001111011111010000111101101111101011111101011010010110000110101111001011101001111011010100110011001000010
11000010110010010110101010110100010100101111111000000001000111001111100011000000011101101100100010101101100010110001010111011110111101011101111011100000010110111000000110010011001010
11000010111101010100101111000011011001011111001111001100010100000001000111010001111011111010000111101101111101011111101011010010110000110101111001011101001111011010100110011001000010
11000010110010011100011011111000010100101111111000000001000111001111100011000000011101101100100010101101100010110001010111011110111101011101111011100000010110111000000110010011001010
11000010111101010100101111111001101001110101001101101010010001100010111001110101110110111010001111110111010111011010000001110001001011111000111100000000010110111000000110010011001010
11000010110010010111101101010100100010110110111000000001000111001111100011000000011101101100100010101101100010110001010111011110111101011101111011100000010110111000000110010011001010
11000010111101010101101000100111000111100100101010101000000110000100100001100101110011001001100101001110010000101000111111110010011000010110101100111101010100000010000011011101001010
11000010111101010100101111000011000100101111111000000001000111001111100011000000011101000011111111101101111101110001010111011110111101011101111011100000010110111000000110010011001010
11000010110010011100011011111000101100111101000111101010011011001101001111010000011000011111001000010100100101000011101001011111000010100011000001011101001111011010100110011001000010
