10111001000110011111111111110111011111110100010101101110100000100010100011101110010101111011000100000111110110100110001111000000000101111001101010111000011111111100111001011110011110
10111001000110011111111111110111011111110100010101101110100000100010100011101110010101111011000100000111110110100110101000010110111000100001101010111000011111111100111001011110011110
10111001000110011111111111110111011111110100010101101110100000100010100011101110010101110010110001101000101111111001010100000011000100010000111001110111011111111100111001011110011110
10111001000110011111111111110111011111110100010101101110100000100010100011101110010101111011000100001100100011011000101100111001111010111111001010111000011111111100111001011110011110
10111001000110011111111111110111011111110100010101101110100000100010100011101110010101111011000100000111110110100110001111000000000000100001101010111000011111111100111001011110011110
10111001000110011111111111110111011111110100010101101110100000100010100011101110010101110011100000101011101011001011001001000110011011111101110011111000011111111100111001011110011110
10111001000110011111111111110111011111110100010101101110100000100010100011101110010101111011000100001100100011011000111011110010110001101000100100010111110100000001010001101001111110
10111001000110011111111111110111011111110100010101101110100000100010100011101110010101011001110101100011010100000010010011010011010011110001101010111000011111111100111001011110011110
10111001000110011111111111110111011111110100010101101110100000100010100011101110010101111011000100000111110110100110001110001100000100001010111101001101100001001001011011000110011110
10111001000110011111111111110111011111110100010101101110100000100010100011101110010101111011000100001100100011011000010101100010110110110111011010111000011111111100111001011110011110
10111001000110011111111111110111011111110100010101101110100000100010100011101110010101110011100000101011101011001011000101100100000001010111011010111000011111111100111001011110011110
10111001000110011111111111110111011111110100010101101110100000100010100011101110010101111011000100001100100011011000101101100001011100101001101010111000011111111100111001011110011110
10111001000110011111111111110111011111110100010101101110100000100010100011101110010101111011000100001100100011011000000010101110011011111101110011111000011111111100111001011110011110
10111001000110011111111111110111011111110100010101101110100000100010100011101110010101111011000100000111110110100110001010001101010000101111011010111000011111111100111001011110011110
10111001000110011111111111110111011111110100010101101110100000100010100011101110010101111011000100001100100011011100010111001100001000011000111001110111011111111100111001011110011110
10111001000110011111111111110111011111110100010101101110100000100010100011101110010101111011000100000100010101111101101100111001111010111111001010111000011111111100111001011110011110
10111001000110011111111111110111011111110100010101101110100000100010100011101110010101111011000100000111110110100110001110001100000100001010111101001101100001001001011011011000110010
