01001111011111111100011001011011011111001110000010011111011101110100010011110101011110101001100111000111000100100010101101100101110100110111011011110011010001010011000001001011000110
01001111011111111100011001011011011111001110000010011111011101110100010011111000000010101111011111111000101010100000010000000110010011110000110001011101011101110100110110111111101100
01001111011111111100011001011010001001000111100010010010000011111110000010010101110001110100100111000111000100100010101101100101110100110111011011110011010001010011000001001011000110
01001111011111111100011001011011011111001110000010011111011101110100010011111000000010101111011111111000101010100000010000000101111001111111100111101110001001101110000100010100100110
01001111011111110100010001101001101011000100111011100111001100010010110011100100000101001001110001001110101110010001111101100101110100110111011011110011010001010011000001001011000110
01001111011111111100011001011011011111001110000010011111011101110100010011110010110011100010110000100011011110111111111011100101110100110111011011110011010001010011000001001011000110
01001111011111110100010001101001101011000100111011011111101110001101010110000010110000001001110001001110101110010001111101100101110100110111011011110011010001010011000001001011000110
01001111011111111100011011011101100101101100100001000010010100110011010001111110001011001011111011000111000100100010101101100101110100110111011011110011010001010011000001001011000110
01001111011111111100011001011010001001000111100010011010001000100000111101010010111000001100100111000111000100100010101101100101110100110111011011110011010001010011000001001011000110
01001111011111110100010001101001101011000011101001110110101111000110111110100000001001011010100111000111000100100010101101100101110100110111011011110011010001010011000001001011000110
01001111011111111100011001011011011111001110000010011111011101110100010011111000000010101111011111111000101010100000010000000101111001111111100111101110001001110100110110111111101100
01001111011111111100011001011011011111001110000010011111011101110100010011110010110011100010010111110000000001100111010001100001010110110111010011010101111011111100100000100100110000
01001111011111111100011011011101100101101100100001000010010100110011010001111110001011001011100110101010110100001100000111001100001100000010111000000011010001010011000001001011000110
01001111011111111100011001011010001001000111100010011010001001000111000110011101001110101100101110100101011100101001001010010000110001110110111000000011010001010011000001001011000110
01001111011111111100011001011011011111001110000010011111011101110100010011111000000010101111011111111000101010100000010000000101111001111111100110101000100000011011111001001011000110
01001111011111111100011001011011011111001110000010011111011101110100010011110010110011100010010111110000000001100111010001100001010110110111010011010101111011110011000001001011000110
01001111011111111100011001110001001101011011001011100101000000001111110000011111001111111000110001001110101110010001111101100101110100110111011011110011010001010011000001001011000110
