01111111111110011010110100011001101000110101011000110011110111000101011111010101001101110110101100111011001000101110100111011001101011100111101011000110101000011100101111011001010111
01100000000110001000110111011001010101110001001000011111000101110010001001001101001101110110101100111011001000101110100111011001101011100111101011000110101000011100101111011001010111
01111101100100000100100001110110111000000010000000111111101010111001100101000111011000000001101100011101101001101001111001010110100111010111100101000110101000011100101111011001010111
01111111111110011010110100011001101000110101011000110011110111000101011111010101001101110110101100111011001000101110100111011001101011100111101011101100100101001010100010111100010111
01100000000110001000110111001111000101101111101101011000100001101000000101100000100110100000000001100001111101000101110001110100110001010010000000111011110111001010100010111100010111
01100000000110001000110111011001010101110001001000011111000101110010001001000110110010010000000100010111101110011100101011100001111001011011010100011101010001001100011111011001010111
01100000000110001000110111011001010101110001001000011111000101110010001001001101001101110110101100111011001000101110100111011001101011100111101011101100100101001010100010111100010111
01111111001000010001110001110011111100001111000011110000010110010011111100010111011000000001101100011101101001101001111001010110100111010111100101000110101000011100101111011001010111
01111111111110011010110100011001101000110101011000110011110111000101011111010101001101110110101100111011001000101110100111011001101011100111101011100110101000011100101111011001010111
01100000000110001000110111001111000101101111101101011000100001101000000101100000100110100000000001100001111101000101110001110100110001010010000000111011011110011100101111011001010111
01100000000110001000110111011001010101110001001000011111000101110010001001000110110010010000000100010111101110011100101011100001111001011011011101100000101001001100011111011001010111
01100000000110001000110111011001010101110001001000011111000101110010001001000110110010010000000100010111101110011100101011100001111001011011011101101110011100001101010000111100010111
01100000000110001000110111011001010101110001001000011111000101110010001001000110110010010000000100010111101110011100101011100001111001011011011101101110101000011100101111011001010111
01100000000110001000110111011001010101110001001000011111000101110010001001001101001101110110101100111011001000101110100111011001101011100111101011100110101000011100101111011001010111
01100000000110001000110111011001010101110001001000011111000101110010001001000110110010010000000100010111101110011100101011100001111001011011011101101110000011100010011111011001010111
01111101100100000010110101000011000110110001101100000110111010011101011010100000100110100000000001100001111101000101110001110100110001010010000000111011110111001010100010111100010111
01100000000110001000110111110011001101011111101101100100011100000001001100110010110011010111000001000111011100000010101111111011111101100010001110010000001000101011101010100111100010
