11111110000111111001100011101101100100111100101111100000011100000001101111010011111000101111100000111001111011111000011010011011001100001000001100011001110001010100010010010010100100
11111110000111111001100011101100110010111011111011100000000110100101101011111100110011011010110000111001111011111000011010011011001100001000001100011001110001010100010010010010100100
11111110000111111001100011101100110010111011111011100000000110100101110000100010111000010101010111100001111101110000101110011011001100001000001100011001110001010100010010010010100100
11111110000111111001100011101101100100110100011000001001101100101010101101111111101000111100111101000110000011110110111111111011001100001000001100011001110001010100010010010010100100
11111110000111111001100011101100110010111011111011100000000110100110010101001100110011011010110000111001111011111000011010011011001100001000001100011001110001010100010010010010100100
11111110000111111001100011101101111110000010000000010110110000010010111111011100100001110100110111100001111101110000101110011011001100001000001100011001110001010100010010010010100100
11111110000111111001100011101101100100110100011000001001101100101010101101111111101000111100000111000110110011111011010110111011001100001000001100011001110001010100010010010010100100
11111110000111111001100011101101100011001101011100100010001011001101110000100010111000010101010111100001111101110000101110011011001100001000001100011001110001010100010010010010100100
11111110000111111001100011101101111110000101010100010110101010110110111011111100110011011010110000111001111011111000011010011011001100001000001100011001110001010100010010010010100100
11111110000111111001100011101100110010111100101111100000011100000001101111010011111000101111100000111001111011111000011010011011001100001000001100011001110001010100010010010010100100
11111110000111111001100011101101111110000010000000010110110000010010111111000011010100011001011111100110000101001111000001000011110010100100100100100011011101010100010010010010100100
11111110000111111001100011101101100100110100011000001001101100101001001111111001011000010101010111100001111101110000101110011011001100001000001100011001110001010100010010010010100100
11111110000111111001100100110000101101010110000110001100001011001101110000100010111000010101010111100001111101110000101110011011001100001000001100011001110001010100010010010010100100
11111110000111111001100011101101100100111011111011100000000110100101101011111100110011011010110000111001111011111000011010011011001100001000001100011001110001010100010010010010100100
11111110000111111001100011101101111110000010000000010110110000010010111111000011100111001101010111100001111101110000101110011011001100001000001100011001110001010100010010010010100100
11111110000111111001100011101101111110000010000000010110110000010010111111000011010100011001011111100110000101001111000001000011001100001000001100011001110001010100010010010010100100
11111110000111111001100011101101100100111100101111100000011100000001101111010110100010010001011011001001001101111011111010110110001101111101001100100011011101010100010010010010100100
