010011100111101000110000000111001011010010010001001110110011110010111110100001100001101111111110100101001110010011111010010010001111010000010000000010110000000010011111010110111010
010011100111101000110000000111001011010010010001001110110011110010111110100001100001101111111110100101001110010011111010000111010111101010101110001000110100011100100101010000111000
010011100111101000110000000111001011010010010001001110110011110010111110100001100001101111111110100101001110010110111011001000011111100010001111101011010101100000010111000100101111
010011100111101000110000000111001011010010010001001110110011110010111110100001100001101111111110100101001110010011110001100000100100000011000001001010111000110010011111010110111010
010011100111101000110000000111001011010010010001001110110011110010111110100001100001101111111110100101001110010110000010000111010111101010101110001000110100011100100101010000111000
010011100111101000110000000111001011010010010001001110110011110010011110111010000101110110000010010011111000001011011000110100111100000100110100000101011110101100111111010110111010
010011100111101000110000000111001011010010010001001110110011110010111110100001100001101111111110100101001110010011110001100110010100010010101110001000110100011100100101010000111000
010011100111101000110000000111001011010010010001001110110011110010011110111010000101110110000010010011111010110010100011100101101111010000010000000010110000000010011111010110111010
010011100111101000110000000111001011010010010001001110110011110010011110111010000101110110000010001000011011011000000110100010011011100001001110001000110100011100100101010000111000
010011100111101000110000000111001011010010010001001110110011110010111110100001100001101111111110100110110111101001110101100101101111010000010000000010110000000010011111010110111010
010011100111101000110000000111001011010010010001001110110011110010111110100001100001101111111110100101001110010011111010000111001011000100010000000010110000000010011111010110111010
010011100111101000110000000111001011010010010001001110110011110010011110111010000101110110000010010011111000111100000010000111010111101010101110001000110100011100100101010000111000
010011100111101000110000000111001011010010010001001110110011110010011110111010000101110110000010010011111000001011011000101010100011111110110111011011100011011011111001011001101111
010011100111101000110000000111001011010010010001001110110011110010011110111010000101110110000010010011111000100101010101100101101111010000010000000010110000000010011111010110111010
010011100111101000110000000111001011010010010001001110110011110010011110111010000101110110000010010011111000001011011000110100111100000100110100000101011110101100100000010110101111
010011100111101000110000000111001011010010010001001110110011110010111110100001100001101111111110100110110111101101111100011011111111001110101111101011010101100000010111000100101111
010011100111101000110000000111001011010010010001001110110011110010011110111010000101110110000010010011111000001011011000110100111100000100110100000101011110100001110011001000110111
