001111001010100100010000101101001101110000010011100101011001111011111100101010010111011101000101110000110101000101001010110011001000100110000110101100101010101110111010001011100101
001111001010100100010000101101001101110000010011100101011011111101010001011000101111001011000011111101111001001100100101100101111010001110101010100101110110100010100110001011100101
011111001100001111000110011011111001001010000011011000101011100001110000100101011010010011111011101100011010011111110110001010110011011100001110111101111011110111001100010101100101
011111001100001111000100011110111111111100100111001111101110110000001000011101110010111100001111011110000010000100110111111110011000011100001110111101111011110111001100010101100101
011111001100001111000101011101101001001011111010010100000101101100101100001111001101110001010110100010001001011011111000010001010000111110001110111101111011110111001100010101100101
011111001100001111000110011011111001001010000011011000101011100001110000100101011010010011111011101001000101011010000001001101000011101110111001101011000100110101011111100010010001
011111001100001111000101011101101001001011111010010100000101101100000010010111000010111001001110000010101001101010000001001101000011101110111001101011000100110101011111100010010001
011111001100001111000101011101101011001100010100010100111010011010010101011110000110110100100000100011111101111101000011010111010001011000111001101011000100110101011111100010010001
011111001100001111000101011101101001001011111010010100000101101100101100001111001001111000111111010100001001101010000001001101000011101110111001101011000100110101011111100010010001
001111001010100100010000101101001101110000010011100101011011111101010001011000101111001011010111010110000110000100101000010101111010101110011001101011000100110101011111100010010001
011111001100001111000101011101101001010101011000111000000000011001001000000110110110000100100011101001000101011010000001001101000011101110111001101011000100110101011111100010010001
011111001100001111000110011011111001001010000011011000101011100001110000100101011010010011111011101100011010011111110110001010110011011100111001101011000100110101011111100010010001
011111001100001111001011111000011000100010110101010100110110011100110001110100010100010100100101110011111111101111111101010100001111111011010011110000010100100110110010111101111100
011111001100001111000110011011111001001010000011011000101011100001110000100101011010010011101000001101011100000100100100111100100110101111111001001011000100110101011111100010010001
001111001010100100010000101101001101110000010011100101011011111101010001011000101111001011010001111101000111101101101110011101000010101111111001001011000100110101011111100010010001
011111001100001111000100011110111111111100100111001111101110110000001000011101110010111111010001111101000111101101101110011101000010101111111001001011000100110101011111100010010001
001000001101010110011011100110111111011111000011010111011110001000001101111100010101011000010100111000111011110010011000001101001111011000111001101011000100110101011111100010010001
