001000011110001010000010110011101101110011110100000001111111011101011100010011010101110000001110111011100010010000001011001001000111111000111001000010001101000100111010011011100100
001000011110001010110001010111010101100001011000011001101111101011010101100011110011010100100011010000101000000101001100100101010001001100101010011011111101010001000101111100111100
001000011110001010000010110011101101110011110100000001111111011101011100010011010101110000001110111011100010010000001011001000101111001000001101110111100100111010011001011101000001
001000011110001010000010110011101101110011110100000001111111011101011100010011010101110000001110111011100010010000001011001000101111001000001101110111110011110100010010010011010100
001000011010010100010111111010011111111111011011010011001100001001110110111100100101110111111011010100110111111110100000100110101010001110010100010101110010001010011111010010100010
001000011110001010110001100001110110011100101101100100001111011101010001110100010111001010110000110111011000100101111001001011011010111011011001000101101011011111000011011111100100
001000011110001010000010110011101101110011110100000001111111011101011100010011010101110000001110111011100010010000001011001000101111001000001101111010011001100011110010101001011000
001000011010010100010111111010011111111111011011010111110011000011111010000001101000110111101010000110011001011000010111001001101110101111000101011001111010100111010101000000111100
001000011110001010000010110011101101110011110100000001111111011101011100010011010101110000001110111011100010010000001011001000101111001000001101110111100100111010101000111011000110
001000011110001010000010110011101101110011110100000001111111011101110001001000011001110111010101010111110110110101110111001111101110011110110100010101100001000111110110010000111010
001000011110001010111111100011011111110011101101101100000001010000110011000010001001100111010010000000100010100101110111001111101110011110110100010101100001000111110110010000111010
001000011010010100010111111010011111111111011001110010101111011011101010010111110000101110000000010110110100111101000000101011111101011011110111001110110010001010011111010010100010
001000011010011101010001001000011111010111011001000111011101011001100011110110010100111100001100100100101110001101101101000010001101011011011101001100000010010101100010010101011000
001000011010010100010111111010011111111111011011010111110011000011111010000001101000110111101010000110011001011000010111001001101110101111000101011001111010001101101001010010100010
001000011110001010000010110011101101110011110100000001111111011101110001001010100000001011100111001011110000010011011011001100001100001101100100101110000011110110001010000001000001
001000011110001010110001010111000001101011101000011010111110001000110111010001101000101010011011011000000001000001110000111001010110010100001011111101011001111001010001011101000001
001000011110001010110001010111010101100001011000011001101111101011010101100011110011010100100011010000101000000101001100101110011001110100010000110110111011000110100111001000010010
