111111000111011111101101001101001011011101000010001011000010001000100110000010001111110110110000100110010101011111001100011101110000110001011111010100110101001010110110101101010110
010011000101111011000010101101100000110010000010001011000010001000100110000010001111110110110000100110010101011111001100011101110000110001011111010100110101001010110110101101010110
000001010111011011000001110110110111100101010110010101011011100100011111010011000111110110110000100110010101011111001100011101110000110001011111010100110101001010110110101101010110
010010010001000011110010101100001101011101000010001011000010001000100110000010001111110110110000100110010101011111001100011101110000110001011111010100110101001010110110101101010110
000100001101110001100111101010001101011101000010001011000010001000100110000010001111110110110000100110010101011111001100011101110000110001011111010100110101001010110110101101010110
010100101001010010111110100001111001111101000010001011000010001000100110000010001111110110110000100110010101011111001100011101110000110001011111010100110101001010110110101101010110
010011000001010111101101000010111001011111101011001110000010001000100110000010001111110110110000100110010101011111001100011101110000110001011111010100110101001010110110101101010110
010111001101010000010011110101100111100101010110010101011011100100011111010011000111110110110000100110010101011111001100011101110000110001011111010100110101001010110110101101010110
000001010111011011000001110110110111101001111000101001000011111111111101001010010001111110010011101000110011101111110111100000110110111000111100100101000111000000000011111110110101
010011000101111011000010101110101101011101000010001011000010001000100110000010001111110110110000100110010101011111001100011101110000110001011111010100110101001010110110101101010110
001000100001110110001110101110001101011111101011001110000010001000100110000010001111110110110000100110010101011111001100011101110000110001011111010100110101001010110110101101010110
100111011101110001101010100010011010011011001010110001101011110000010000111010000001110100000110010111110110110101110101111110001000011000111100100101000111000000000011111110110101
001000100001110100110111011111100011001110111011010001101110010000011011001110101001111100001101110010000110100101101100111110100100101110101111010100110101001010110110101101010110
010011000000000011111011101001100000110010000010001011000010001000100110000010001111110110110000100110010101011111001100011101110000110001011111010100110101001010110110101101010110
010111001101000000100110001011011011111010111011010001101110010000011011001110101001111100001101110010000110100101101100111110100100101110101111010100110101001010110110101101010110
010011000101100000110001001000010101001001011001100101110001001100011110010001011101100000010010011100000000010000101001011101110000110001011111010100110101001010110110101101010110
111111000111011111101101001101001011011101000010001011000010001000100110000010001111110110110000100110010101011111001100011101110000110001011111010100110101001010110110101101010110
