100010100000010011101010110011011000101110100100010100000000101101011110000010010100101100011101011110101110010000111000101000111000001101110100100010000000001011010111100000000001
100010100000010011101010110011011000101110100100010100000000101101011110000010110101000111111000101011101010001101101110010100110101001011110100011100110000100100110111100000000001
100010100000010011101010110011011000101110100100010100000000101101011110000010010100101100011101011110101110010000111000101010001101000001101010010111010011110100111001010110000011
100010100000010011101010110011011000101110100100010100000010101011110011110100100111110001101101011011111100001100011011100001110110000011010000010011010000001011010111100000000001
100010100000010011101010110011011000101110100100010100000000101101011110000010010100101100100011100110100100101111010000100011111011101110010111011011011111100110100111110000111111
100010100000010011101010110011011000101110100100010100000000101101011110000010010100101100011101011110101110010000111000101010001101000001100001110000110001100010010010111111111011
100010100000010011101010110011011000101110100100010100000000101101010001010101000101000111111000101011101010001101101110010100110101001011110100011100110000100100110111100000000001
100010100000010011101010110011011000101110100100010100000000101101011110000010010010101010001001010010011101111000101001101001110110000011010000010011010000001011010111100000000001
100010100000010011101010110011011000101110100100010100000000101101000111100111101010111111001111000101110100100101100100100000101001111011011111011011011111100110100111110000111111
100010100000010011101010110011011000101110100100010100000000101101000111100110110010001001101111011100000101111110101110001111101001100000000000111010000000001011010111100000000001
100010100000010011101010110011011000101110100100010100000010101011110011110100100010000010111010111111000001100111100111100100110110000001100001110000110001100010010010111111111011
100010100000010011101010110011011000101110100100010100000010101011110011110100100010001011000011101100101011100110111100010110110100010000100010010111010011110100111001010110000011
100010100000010011101010110011011000101110100100010100000000101101011110000010111111010000101000010110001111110110000010011110100000101010100001110000110001100010010010111111111011
100010100000010011101010110011011000101110100100010100000000101101011111010101011111110011111010001101011101010111011001110001111011100111001000111101101111000010100001101011000011
100010100000010011101010110011011000101110100100010100000000101101000110110001110101101000010011000000110110111110100110111010111010010100110100101101101111000010100001101011000011
100010100000010011101010110011011000101110100100010100000010101011110011110100100111110001101101110101100001101100011110011001111000111101000011001001001111011100011101010110000011
100010100000010011101010110011011000101110100100010100000000101011110100001111111100000110101011010101101011111101010101110000000110000011100101000100011010111000101111100000000001
