011100000100011001010011001100011110011001010110000111001011001001101001010100000100111100010100010100010001000100010110111011010111011001100101011010111000101100000011011111001100
011100000100011001010011001100011110011001010110000111001000101110011010111010111011110001111011110101000010111001010101011111111110110000011010110110001011110101010111011001001011
011100000100011001010011001100011110011001011000010111010100100100001101011110101111110001111011110101000010111001010101011111111110110000011010110110001011110101010111011001001011
011100000100011001010011001100011110011001010110000111001100110101100111001010100011001111100101111001101000011000000001001100000101111010101111001001011011010010110001010101010110
011100000100011001010011001100011110011001010110000111001000101110011000110010101100101001000010100111111000111010101100001000110111011001100101011010111000101100000011011111001100
011100000100011001010011001100011110011001010110000111001011011011111010001110110100010000110101111000010101111001011111000111100000110010000001101011110100001010110001010101010110
011100000100011001010011001100011110011001010110000111011111111010110000101101010000010000011101100011100011000111101101100111010011011101100011011101100001010100111010101110101100
011100000100011001010011001100011110011001010110000111001000101110011010111010111011110001111011110101000010111001010101011111111110101001110111001000000110100010010011011111001100
011100000100011001010011001100011110011001010110000111001011011011111010010011101001010001011010111000010101110110010100101000011001100101110011110110111010111010000111011001001011
011100000100011001010011001100011110011001000110110010100101010100110101101011001001110010000000111000010101110110010100101000011001100101110011110110111010111010000111011001001011
011100000100011001010011001100011110011001010110000111001000101110111001000111011001101110111000000101110100111000001110100100101110011101101001101001100101100101010111011001001011
011100000100011001010011001100011110011001010110000111011111111010110000101101010000010000011101100011100011000111101101100111010010000001011000110110000000000000111010101110101100
011100000100011001010011001100011110011001010110000111001011001001001010101111011010110100001011011111000101110101110110100101100010010110011000110111111010001010000111011001001011
011100000100011001010011001100011110011001011000010111010100100100001101011110101111110001111011110101000010111001010101011111111110101001110111001000000110100010010011011111001100
011100000100011001010011001100011110011001010110000111001000101110011011100001001101101000011100101110110101011110110001011001110000001100001111000101011011010010110001010101010110
011100000100011001010011001100011110100100001010010100101111111000001000000001011011101101100101110010011111110010111000100000000010001100001111000101011011010010110001010101010110
011100000100011001010011001100011110011001010110000111001000101110011010111010111011110001111111110111011001101110010010100111011111011010000011001010110000010110100111011001001011
