110001110001101001111011000101000100100110010001011011001001100000011100001100110110101101011101100000010110100000111000110100000001010101000000000001000111000010101100000000000001
110001110001101001111011000101000100110111001011010001111011001111011011010110010100101101011101100000010110100000111000110100000001010101000000000001000111000010101100000000000001
110001110001101001111011000101000100110111001011010100110111001100000011100100001001111001010011010001010100100000111000110100000001010101000000000001000111000010101100000000000001
110001110001101001111011000101000100100110010011100010000001011000011100001100110110101101011101100000010110100000111000110100000001010101000000000001000111000010101100000000000001
110001110001101001111011000101000100110111001011010110011100000100001100001100110110101101011101100000010110100000111000110100000001010101000000000001000111000010101100000000000001
110001110001101001111011000101000100110111001011010100001111100111011100100110000100101101011101100000010110100000111000110100000001010101000000000001000111000010101100000000000001
110001110001101001111011000101000100110100110000001010010100100110011100100110000100101101011101100000010110100000111000110100000001010101000000000001000111000010101100000000000001
110001110001101001111011000101000100100110010001011011001001100000011100001100110110101101011101100000010110100000111000110100000001010101000000000001000111001010101000001101100010
110001110001101001111011000101000100100111011101101111110011101011100100001100110110101101011101100000010110100000111000110100000001010101000000000001000111000010101100000000000001
110001110001101001111011000101000100100111011111010110111011010011001011010110010100101101011101100000010110100000111000110100000001010101000000000001000111000010101100000000000001
110001110001101001111011000101000100110111001011010100110111011011001100100110000100101101011101100000010110100000111000110100000001010101000000000001000111000010101100000000000001
110001110001101001111011000101000100110110010111110100110011110110010100100110000100101101011101100000010110100000111000110100000001010101000000000001000111000010101100000000000001
110001110001101001111011000110111111101010111110001001110001100100011100001100110110101101011101100000010110100000111000110100000001010101000000000001000111000010101100000000000001
110001110001101001111011000101000100110111110110100010101000100000011100001100110110101101011101100000010110100000111000110100000001010101000000000001000111000010101100000000000001
110001110001101001111011000101000100100110010001011011001001100000011100001100110110101101011101100000010110100000111000110100000001010101000000000001000111001010101001010011100010
110001110001101001111011000101000100110111001011010100110001110000010111001010011001101011111100100111001001010100111000111000010111100111101011110000011001001001000100111101100010
110001110001101001111011000101000100110111001001010111001100010000001001101100000001111101011101100000010110100000111000110100000001010101000000000001000111000010101100000000000001
