110100110010110111001001001101101001110110010010000101000101001000100100010111001100010000100100101101111011000111110010111101000000111111010010101000000001101100011011101111100101
110100110010110111001001001101101001110110011110110111010101101001000000010111111111001011011000110101010011010000101101011111001011100010000110001000000001101100011011101111100101
110101101001110110000111001111100101000110010110101010010010000001010010010000101010000001100100001111000101110000101100110001001111100010000110001000000001101100011011101111100101
111110011010011001011010001111000011001100111101111001011110111111001110010001011100010011101001000010001010010110010100110011011001110001111110011101001001101100011011101111100101
110101101001110000110101001101001011000101111010011111011011100101100011000101111000011100001010010111101000010000010100001011001110000011110001001000000001101100011011101111100101
111110011010011001011010001111000011001100111101111001011110111111001110010001011100010011101010011000000101100011000001011010101111001010101000110101100101000100011011101111100101
110101101001110000110101001101001011000101111010011111011011100101000001000101010000110011101111011001010101001010000001101101110010011111000110001000000001101100011011101111100101
111110011010011001011010001111000011001100111101111001011110111111001110010001011100010011101010011000000101011101001001101101110010011111000110001000000001101100011011101111100101
110100110010110111001001001101101001110110010010000101000101001000100100010111001100010000100111110111110100110011100101000100010100001100000011011101001001101100011011101111100101
110101101001110000110101001101001011000101111010011111011011100101100011000101111000011100001100101011100010001000100010100111110100110111100110010000001001101100011011101111100101
111110011010011001011010001111000011001100111101111001011110111111001110010001011100010011101010011001101110110110100011100010000110000000101100110110000001101100011011101111100101
110101101001110000110101001101001011000101111010011111011011100101000010001000110110000001001011000100010011110010001000100100110110001010010111111011110001010110011011101111100101
110101101001110000110101001101101101100100000001101100110011010100111001010010100100001010100011011010001010110100101101011111001011100010000110001000000001101100011011101111100101
111110011010011001011010001111000011001100111101111001011101010100100101100100101011001001010100001111000101110000101100110001001111100010000110001000000001101100011011101111100101
110100110010110111001001001101101001110110010010000101000101001000100100010111001100010000100100101110101101001000101010110100100111110000001010011011110001010110011011101111100101
110101101001110000110101001101001011000101111010011111011011100101100011000101111000011100001100101011100010001000100010100111110100110111100110010011100010000110011011101111100101
110100110010110111001001001101101001110110011110110111010101101001000000010111111111001011011000110101010011010000101101011111001011100010000110001000000001101100011011101111100101
