01100001111011010110111110010000010001010110100101001101111010010010111010000100100011110010110010111010110011101111110111010000101000001111111011000010100100000010
01100001111011010101011110010000010001010110100101001101111010010010111010000100100011110010110010111010110011101111110111010000101000001111111011000010100100000010
01100001111011010110111110010000010001010110100101001101111010010010111010000100100011111100110010111010110011101111110111010000101000001111111011000010100100000010
01100001111011010110111110010000010001010110100101001101111010010010111010000100100011110010110010111010110011101111110111010000101000001111111011000010100101110110
01100001111011010110111110010000010001010110100101001101111010010010111010000100100011110010110010111010110011101111110111010000101000001111111011000010101111001010
01100001111011010110111110010000010001010110100101001101111010010010111010000100100011110010110010111010110011101111110111010000101000001111111011000010101111001100
01100001111011010110111110010000010001010110100101001101111010010010111010000100100011110010110010111010110011101111110111010000101000001111111001000010100100000010
01100001111011010110111110010000010001010110100101001101111010010010111010000100100011110001000110111010110011101111110111010000101000001111111011000010100100000010
01100001111011010111101110010000010001010110100101001101111010010010111010000100100011110010110010111010110011101111110111010000101000001111111011000010100100000010
01100001111011010110111110010000010001010110100101001101111010010010111010000100100011110010110010111010110011101111110111010000101000001111111011000010101010101010
01100001111011010110111110010000010001010110100101001101111010010010111010000100100011110010110010111010110011101111110111010000101000001111111010111110111100000010
01100001111011010110111110010000010001010110100101001101111010010010111010000100100011110010110010111010110011101111110111010000101000001111111011000010101011010110
01100001111011010110111110010000010001010110100101001101111010010011100010110101110011110010110010111010110011101111110111010000101000001111111011000010100100000010
01100001111011010110111110010000010001010110100101001101111010010010111010000100100011110010110010111010110011101111110111010000101000001111111011000010100011110110
01100001111011010110111110010000010001010110100101001101111010001000111010000100100011110010110010111010110011101111110111010000101000001111111011000010100100000010
01100001111011010110111111011000010001010110100101001101111010010010111010000100100011110010110010111010110011101111110111010000101000001111111011000010100100000010
01100001111011010110111110010000010001010110100101001101111010010010111010000100100011110010110010111010110011101111110110011000101000001111111011000010100100000010
01100001111011010110111110010000010001010110100101001101111010010010111010000100100011110110110010111010110011101111110111010000101000001111111011000010100100000010
01100001111011010110110000110000010001010110100101001101111010010010111010000100100011110010110010111010110011101111110111010000101000001111111011000010100100000010
01100001111011010110111110010000010001010110100101001101111010010010111010000100100011110010110010111010110011101111110111010000100000111000101011000010100100000010
01100001111011010110111110001101110011010110100101001101111010010010111010000100100011110010110010111010110011101111110111010000101000001111111011000010100100000010
01100001111011010110111111010011101011010110100101001101111010010010111010000100100011110010110010111010110011101111110111010000101000001111111011000010100100000010
01100001111011010110111110010000010011010110100101001101111010010010111010000100100011110010110010111010110011101111110111010000101000001111111011000010100100000010
01100001110100110101011110010000010001010110100101001101111010010010111010000100100011110010110010111010110011101111110111010000101000001111111011000010100100000010
01100011001011010110111110010000010001010110100101001101111010010010111010000100100011110010110010111010110011101111110111010000101000001111111011000010100100000010
01100001111011010110111110010001011001010110100101001101111010010010111010000100100011110010110010111010110011101111110111010000101000001111111011000010100100000010
01100001111011010110111110010000010001010110100101001101111010010010111010000100100011110010110010111010110011101111110111010000101000001111111011000010100001111100
01100001111011010110111110010000010001010110100101001101111010010010111010000100100011110010110010111010110011101000100111010000101000001111111011000010100100000010
01100001111011010110111110010000010001010110100101001101111010010010111010000100100011110010110010111010110011101111110111010000101000001111111011000010100100001010
01100001111011010110111110010000010001010110100101001101111010010010111010000100100011110010110010111010110011101111110111010000101000001110000100010010100100000010
01100001111011010110111110010000010001010110100101001101111010010010111010000100100011110010110010111010110011101111110111010000101000001111111011000010101001001010
01100001111011010111101110100000010001010110100101001101111010010010111010000100100011110010110010111010110011101111110111010000101000001111111011000010100100000010
