11001110101011110111001011000100101100010011000101011110011101010001110110010010100111011101011100101010001010110101001101101100010101000110011111010001101111011000
11001110101011111110111110011000010110010001110111001001110001011101010110010001100111011101011100101010001010110101001101101100010101000110011111010001101111011000
11001110101011111110111110011000000000000000011001011110011101010001110110010010100111011101011100101010001010110101001101101100010101000110011111010001101111011000
10111011101100000010001111100001001100111000011101001110100110110111010101100010000010101000110010011000011100110010001110011010000000001110001110000111100010100100
11001111011110000111110111011100110110100000111001001001110001011101010110010001100111011101011100101010001010110101001101101100010101000110011111010001101111011000
11001110100101111101100101111001010100100011100000110001110001011101010110010001100111011101011100101010001010110101001101101100010101000110011111010001101111011000
01100001000001110011011101110101100010011000101011110011101010001110110010010100111111111010000010010000001010110101001101101100010101000110011111010001101111011000
11001110101011111110111110011000010110010001111111011110011101010001110110010010100111011101011100101010001010110101001101101100010101000110011111010001101111011000
00100011110011100100111011000100101100010011000101011110011101010001110110010010100111011101011100101010001010110101001101101100010101000110011111010001101111011000
10111011101100001011010111011000100100000101010111100011101001011001100000011100100111011101011100101010001010110101001101101100010101000110011111010001101111011000
11001111100111001111110010000100101100010011000101011110011101010001110110010010100111011101011100101010001010110101001101101100010101000110011111010001101111011000
11000110111001011001001100101111001010100100011101001110100110110111010101100010000010101000110010011000011100110010001110011010000000001110001110000111100010100100
00101011111101110000000001000101001010100100011101001110100110110111010101100010000010101000110010011000011100110010001110011010000000001110001110000111100010100100
10111011101100010111101010111000111110101110010011011011010111000100010110010001100111011101011100101010001010110101001101101100010101000110011111010001101111011000
01100000010100010001000100111011100110110100000111001001110001011101010110010001100111011101011100101010001010110101001101101100010101000110011111010001101111011000
11000110100001111111000100101101110100001000111000110001110001011101010110010001100111011101011100101010001010110101001101101100010101000110011111010001101111011000
10111011101100000010001111100001001100111000011101001110100110110111010101100010000010101000110010011000011100110010001110011010000001100111011010100110111111011000
00100011110011100100111001001101011100110101110010010101110100001000111011111001100111011101011100101010001010110101001101101100010101000110011111010001101111011000
11001110101110010000110001011000010110010001110111001001110001011101010110010001100111011101011100101010001010110101001101101100010101000110011111010001101111011000
01100001000001110011011101110101100010011000101011110011101010001110110001110011011111100010010110010000001010110101001101101100010101000110011111010001101111011000
11000111110001110011011010010110101101111010101111010000011101010001110110010010100111011101011100101010001010110101001101101100010101000110011111010001101111011000
10111011101100010111101011101110101100010011000101011110011101010001110110010010100111011101011100101010001010110101001101101100010101000110011111010001101111011000
11000111110001011101001110100011111100010011000101011110011101010001110110010010100111011101011100101010001010110101001101101100010101000110011111010001101111011000
00100011110011100100111001001101011100110100111000110001110001011101010110010001100111011101011100101010001010110101001101101100010101000110011111010001101111011000
01100001000001110011011101110101100010011000101011110011101010001100010101110110000111111010000010010000001010110101001101101100010101000110011111010001101111011000
10111010101011001001100101111001010100100011100000110001110001011101010110010001100111011101011100101010001010110101001101101100010101000110011111010001101111011000
10111011100101101101011110111001100100000101010111100011101001011001100000011100100111011101011100101010001010110101001101101100010101000110011111010001101111011000
10111010100101101000111011000100101100010011000101011110011101010001110110010010100111011101011100101010001010110101001101101100010101000110011111010001101111011000
11000111110001110001110001100101101100010011000101011110011101010001110110010010100111011101011100101010001010110101001101101100010101000110011111010001101111011000
11001110101110010000110001111101110100001000111000110001110001011101010110010001100111011101011100101010001010110101001101101100010101000110011111010001101111011000
01100001011001110101110010000100101100010011000101011110011101010001110110010010100111011101011100101010001010110101001101101100010101000110011111010001101111011000
00100011101011110111001011000100101100010011000101011110011101010001110110010010100111011101011100101010001010110101001101101100010101000110011111010001101111011000
