10000110000011001110101011000110110101110101001000001101000000000000111010010100110111001100011110101101010011011010100000111100111100001101111111010100111000100110
10000110000011001110101011000110110101110101001000001101000000000000111010010100110111001100011110101101010011011010100000111100111100001101111111010100111000110010
10000110000011001110101011000110110101110101001000001101000000000000111010010100110111001100011110101101010011011010100000111100111100001101111111010100111000101000
10000110000011001110101011000110110101110101001000001101000000000000111010010100110111001100011110101101010011011010100000111100111100001101111111010100111000100000
10000110000011001110101011000110110101110101001000001101000000000000111010010100110111001100011110101101010011011010100000111100111100001101111111010100111000101110
10000110000011001110101011000110110101110101001000001101000000000000111010010100110111001100011110101101010011011010100000111100111100001101111111010100101110100110
10000110000011001110101011000110110101110101001000001101000000000000111010010100110111001100011110101101010011011010100000111100111100001101111111010100110001000010
10000110000011001110101011000110110101110101001000001101000000000000111010010100110111001100011110101101010011011010100000111100111100001101111111010100111110000010
10000110000011001110101011000110110101110101001000001101000000000000111010010100110111001100011110101101010011011010100000111100111100001101111111010110001011100010
10000110000011001110101011000110110101110101001000001101000000000000111010010100110111001100011110101101010011011010100000111100111100001101111111010100111110000100
10000110000011001110101011000110110101110101001000001101000000000000111010010100110111001100011110101101010011011010100000111100111100001110000110111011110000011010
10000110000011001110101011000110110101110101001000001101000000000000111010010100110111001100011110101101010011011010100000111100111100001101111111010110000010100110
10000110000011001110101011000110110101110101001000001101000000000000111010010100110111001100011110101101010011011010100000111100111100001101111111011100101110110100
10000110000011001110101011000110110101110101001000001101000000000000111010010100110111001100011110101101010011011010100000111100111100001101111111010110001010111000
10000110000011001110101011000110110101110101001000001101000000000000111010010100110111001100011110101101010011011010100000111100111100001101111111010110010111000100
10000110000011001110101011000110110101110101001000001101000000000000111010010100110111001100011110101101010011011010100000111100111100001101111111010100111000110100
10000110000011001110101011000110110101110101001000001101000000000000111010010100110111001100011110101101010011011010100000111100111100001101111111011111000010001100
10000110000011001110101011000110110101110101001000001101000000000000111010010100110111001100011110101101010011011010100000111100111100001101111110100010111110110100
10000110000011001110101011000110110101110101001000001101000000000000111010010100110111001100011110101101010011011010100000111100111100001101111111010110001010100110
10000110000011001110101011000110110101110101001000001101000000000000111010010100110111001100011110101101010011011010100000111100111100001101111111010100110000001110
10000110000011001110101011000110110101110101001000001101000000000000111010010100110111001100011110101101010011011010100000111100111100001101111111010100110001001111
10000110000011001110101011000110110101110101001000001101000000000000111010010100110111001100011110101101010011011010100000111100111100001101111111011101101100010100
10000110000011001110101011000110110101110101001000001101000000000000111010010100110111001100011110101101010011011010100000111100111100001101111111010100111110001100
10000110000011001110101011000110110101110101001000001101000000000000111010010100110111001100011110101101010011011010100000111100111100001110010011011100101110110100
10000110000011001110101011000110110101110101001000001101000000000000111010010100110111001100011110101101010011011010100000111100111100001101011010100101011110110100
10000110000011001110101011000110110101110101001000001101000000000000111010010100110111001100011110101101010011011010100000111100111100001101011010100111001110100110
10000110000011001110101011000110110101110101001000001101000000000000111010010100110111001100011110101101010011011010100000111100111100001010001010101000010011100010
10000110000011001110101011000110110101110101001000001101000000000000111010010100110111001100011110101101010011011010100000111100111100001101111111010100110000111000
10000110000011001110101011000110110101110101001000001101000000000000111010010100110111001100011110101101010011011010100000111100111100001101111111011011011011000010
10000110000011001110101011000110110101110101001000001101000000000000111010010100110111001100011110101101010011011010100000111100111100000101101001000110001100011100
10000110000011001110101011000110110101110101001000001101000000000000111010010100110111001100011110101101010011011010100000111100111100001101111111010100000110011010
10000110000011001110101011000110110101110101001000001101000000000000111010010100110111001100011110101101010011011010100000111100111100001101111111010100111000100111
