00110001011110111000001110001100011011011100111000111110111010001100011011010010011000001011011110110001100110010001101001101001100010010000000100001110100110010101
00110001011110111000001110001100011011011100111000111110111010001100011011010010011000001011011110100001100110010001101001101001100010010000000100001110100110010101
00110001011110111000001110001100011011011100111000111110111010001100011011010010011000001011011110110001100110010001101001101001100010010000000100001110100001100001
00110001011110111000001110001100011011011100111000111110111010001100011011010010011000001011011110110001100110010001101001101001100010010000000100001111110100100001
00110001011110111000001110001100011011011100111000111110111010001100011011010010011000001011011110110001100110010001101001101001100010010000000100001110100111100001
00110001011110111000001110001100011011011100111000111110111010001100011011010010011000001011011110110001100110010001101001101001100011011010001111100110100001100001
00110001011110111000001110001100011011011100111000111110111010001100011011010010011000001011011110110000000111011010101011101001100010010000000100001110100110010101
00110001011110111000001110001100011011011100111000111110111010001100011011010010011000001011011110110001100110010001101001101001100011011010000100001110100110010101
00110001011110111000001110001100011011011100111000111110111010001100011011010010011000001011011110110001100110010001101001101000100000100010010010011100011011100001
00110001011110111000001110001100011011011100111000111110111010001100011011010010011000001011011110110001100110010001101001101001100011011010001111101011101100110001
00110001011110111000001110001100011011011100111000111110111010001100011011010010011000001011011110110001100110010001101001101001100011011010001111100101111011100001
00110001011110111000001110001100011011011100111000111110111010001100011011010010011000001011011110110001100110010000110011101001100010010000000100001110100110010101
00110001011110111000001110001100011011011100111000111110111010001100011011010010011000001011011110110001100110010001101001101000100001101000010010011100011011100001
00110001011110111000001110001100011011011100111000111110111010001100011011010010011000001011011110110001100110010001101001101001100010010000000100001110100110100001
00110001011110111000001110001100011011011100111000111110111010001100011011010010011000001011011110110001100110010001101001101001100010010000000100001110100110011011
00110001011110111000001110001100011011011100111000111110111010001100011011010010011000001011011110110001100110010001101001101001100010010000000100000010011011100001
00110001011110111000001110001100011011011100111000111110111010001100011011010010011000001011011110110001100110010001101001101001100011011010001100100110011011100001
00110001011110111000001110001100011011011100111000111110111010001100011011010010011000001011011110110001100110010001101001101001100011011010001111100101000000100001
00110001011110111000001110001100011011011100111000111110111010001100011011010010011000001011011110110001100110010001101001101001100010010000000100110000001001100001
00110001011110111000001110001100011011011100111000111110111010001100011011010010011000001011011110110001100110010001101001101001100011011010001111100101011001100001
00110001011110111000001110001100011011011100111000111110111010001100011011010010011000001011011110110001100110010001101001101001100011011010001111100101011101100001
00110001011110111000001110001100011011011100111000111110111010001100011011010010011000001011011110110001100110010001101001101001100011011010001111100100001110101001
00110001011110111000001110001100011011011100111000111110111010001100011011010010011000001011011110110001100110010001101001101001100010010000011100010011111100110111
00110001011110111000001110001100011011011100111000111110111010001100011011010010011000001011011110110001100110010001101001101001100011011010001011001011000110010101
00110001011110111000001110001100011011011100111000111110111010001100011011010010011000001011011110110001100110010001101001101001100011011010001111100110100110010101
00110001011110111000001110001100011011011100111000111110111010001100011011010010011000001011011110110001100110011000011001101001100010010000000100001110100110010101
00110001011110111000001110001100011011011100111000111110111010001100011011010010011000001011011110110001100110010001101000101001100010010000000100001110100110010101
00110001011110111000001110001100011011011100111000111110111010001100011011010010011000001011011110110001100110010001101001101001100011011010001111001110100110010101
00110001011110111000001110001100011011011100111000111110111010001100011011010010011000001011011110110001100110010001101001111110000010010000000100001110100110010101
00110001011110111000001110001100011011011100111000111110111010001100011011010010011000001011011011110110001100110010001101001101001100010010000000100001110100100001
00110001011110111000001110001100011011011100111000111110111010001100011011010010011110010011011110110001100110010001101001101001100010010000000100001110100110010101
00110001011110111000001110001100011011011100111000111110111010001100011011010010011000001011011110110001100110010001101001101001100010010000000100101000100001100001
