11100000011010110001100111000011111100011101001000011111011111001101001101001000011100011010101100011000111001100011011001000101011010000001001010010011001011001000
11100000011010110001100111000011111100011101001000011111011111001010101101001000011100011010101100011000111001100011011001000101011010000001001010010011001011001000
11100000011010110001100111000011111100011101001000011111011111000100001101001000011100011010101100011000111001100011011001000101011010000001001010010011001011001000
11100000011010110001100111000011111100011100001010101101001000100100001101001000011100011010101100011000111001100011011001000101011010000001001010010011001011001000
11100000011010110001100111000011111100011101001000011111011111110100001101001000011100011010101100011000111001100011011001000101011010000001001010010011001011001000
11100000011010110001100111000011111100011100011011101000001111001101001101001000011100011010101100011000111001100011011001000101011010000001001010010011001011001000
11100000011010110001100111000011111100011100011011101001111010000100001101001000011100011010101100011000111001100011011001000101011010000001001010010011001011001000
11100000011010110001100111000011111100011101001000011111011100101110000001000101101110000000101100011000111001100011011001000101011010000001001010010011001011001000
11100000011010110001100111000011111100011101001000011111011100101110000000010111000011111111101100011000111001100011011001000101011010000001001010010011001011001000
11100000011010110001100111000011111100011101001000011111011100101110001101001000011100011010101100011000111001100011011001000101011010000001001010010011001011001000
11100000011010110001100111000011111100011100011111001101001000100100001101001000011100011010101100011000111001100011011001000101011010000001001010010011001011001000
11100000011010110001100111000011111100011101001000011111011100101100001101001000011100011010101100011000111001100011011001000101011010000001001010010011001011001000
11100000011010110001100111000011111100011101001000011111011110011100011101001000011100011010101100011000111001100011011001000101011010000001001010010011001011001000
11100000011010110001100111000011111100011100011011101000110011001101001101001000011100011010101100011000111001100011011001000101011010000001001010010011001011001000
11100000011010110001100111000011111100011101001000011111011100101110000001000101101110000000101010011000111001100011011001000101011010000001001010010011001011001000
11100000011010110001100111000011111100011101001000011111011100101110000001000101101110000001111101000011100010110011011001000101011010000001001010010011001011001000
00111100000011010110001100111000011111100011100011011101000110000100001101001000011100011010101100011000111001100011011001000101011010000001001010010011001011001000
11100000011010110001100111000011111100011101001000011111011111111101000101001000011100011010101100011000111001100011011001000101011010000001001010010011001011001000
11100000011010110001100111000011111100011101001000011111011111000010001101001000011100011010101100011000111001100011011001000101011010000001001010010011001011001000
11100000011010110001100111000011111100011101001000011111011100101110000001000101101110000001101110011000111001100011011001000101011010000001001010010011001011001000
11100000011010110001100111000011111100011101001000011111011100101110000001000101101110000010101100011000111001100011011001000101011010000001001010010011001011001000
11100000011010110001100111000011111100011100011011101000111111001101001101001000011100011010101100011000111001100011011001000101011010000001001010010011001011001000
11100000011010110001100111000011111100011100011100011011010011001101001101001000011100011010101100011000111001100011011001000101011010000001001010010011001011001000
11100000011010110001100111000011111100011101001000011111011111010110000111100001111001010000100100101000111001100011011001000101011010000001001010010011001011001000
11100000011010110001100111000011111100011101001000011111011111111100001101001000011100011010101100011000111001100011011001000101011010000001001010010011001011001000
11100000011010110001100111000011111100011101001000011111011110000010100111001001111001111111101100011000111001100011011001000101011010000001001010010011001011001000
11100000011010110001100111000011111100011101011001011100110011001101001101001000011100011010101100011000111001100011011001000101011010000001001010010011001011001000
11100000011010110001100111000011111100011100011011011011010011001101001101001000011100011010101100011000111001100011011001000101011010000001001010010011001011001000
11100000011010110001100111000011111100011101001000011111011100101110001010101111101100011010101100011000111001100011011001000101011010000001001010010011001011001000
11100000011010110001100111000011111100100011100011011101000110000100001101001000011100011010101100011000111001100011011001000101011010000001001010010011001011001000
11100000011010110001100111000011111100011101001000011111011100101110001011100001111001010000100100101000111001100011011001000101011010000001001010010011001011001000
00111100000011010110001100111000011111100011101001000011111011110000111101001000011100011010101100011000111001100011011001000101011010000001001010010011001011001000
