10001001101101101100001011000101111001001100000101011100111010000010010011110000010111010110100000011100001100100011110111110010110100100101010110101001001100101001
10101100010011010111100010101110111100000101011100111010000010010011110000010111010110100000011100001100100110101100101001100001110100100101010110101001001100101001
10001001101011110101011111011010110111100000101011100111010000010010011110000010111010110100000011100001100100011110111101010100101000100101010110101001001100101001
10001001101101101100001011111011010110111100000101011100111010000010010011110000010111010110100000011100001100100011110111110010110100100101010110101001001100101001
10001001101101101100001011110101110111100000101011100111010000010010011110000010111010110100000011100001100100011110111101010100101000100101010110101001001100101001
10001001111110000000101100100101110111100000101011100111010000010010011110000010111010110100000011100001100100011110111101010100101000100101010110101001001100101001
10001001101101101100001011000101111001001100000101011100111010000010010011110000010111010110100000011100001100011101011010010010110100100101010110101001001100101001
10101100010011010111100000100011001110011100000101011100111010000010010011110000010111010110100000011100001100100011110111110010110100100101010110101001001100101001
10001000010110000001011100010101110111100000101011100111010000010010011110000010111010110100000011100001100100011110111101010100101000100101010110101001001100101001
10001001101101101100001011000101111001001100000101011100111010000010010011110011110000010111010110100000011100001100111111110010110100100101010110101001001100101001
10101100010011000110111100010101110111100000101011100111010000010010011110000010111010110100000011100001100100011110111101010100101000100101010110101001001100101001
10001001101101101100001011000101111001001100000101011100111010000010010011110000010111010110100000011100001101101011010110010101101010011001100000010001001100101001
10001001101101101100001011000101111001001100000101011100111010000010010011110000010111010110100000011100001100100011110111111010001001101111110010101101011011011001
10001001101111100111100010101110111100000101011100111010000010010011110000010111010110100000011100001100100110101100101001100001110100100101010110101001001100101001
10001001101101101100001011000101111001001100000101011100111010000010010011110000010111010110100000011100001100100011110111111010001001111001100000010001001100101001
10001001101101101100001011000101110111100000101011100111010000010010011110000010111010110100000011100001100100011110111101010100101000100101010110101001001100101001
10001001101101101100001011000101111001001100000101011100111010000010010011110000010111010110100000011100001100100110101100101000110100100101010110101001001100101001
10001001101101101100001011000101111001001100000101011100111010000010010011110000010111010110100000011100001101101011011000100010110100100101010110101001001100101001
10001001111101011011011110101111110111100000101011100111010000010010011110000010111010110100000011100001100100011110111101010100101000100101010110101001001100101001
10001001101101101100010101110111100000101011100111010000010010011110011110000010111010110100000011100001100100011110111101010100101000100101010110101001001100101001
10001001101101101100001011000101111001001100000101011100111010000010010011110000010111010110100000011100001100100011110111110011001001100111100100111100111100011001
10001001101101101100001011000101111001001100000101011100111010000010010011110000010111010110100000011100001100100111000000110100101000100101010110101001001100101001
10001001101101101100001011000101111001001100000101011100111010000010010011110000010111010110100000000001001111011001101010110100101000100101010110101001001100101001
10001001101101101100001011000101111001001100000101011100111010000010010011110000010111010110100000011100001100100011101111111100010101100111100100111100111100011001
10001001101101101100001011000101111001001100000101011100111010000010010011110000010111010110100000011100001100111101110011011101001001100111100100111100111100011001
10001001101011110101011111011010110111100000101011100111010000010010011110000010111010110100000011100001100100110101100101001111001001100111100100111100111100011001
10001001101101101100001011000101111001001100000101011100111010000010010011110000010111010110100000011100001100100011101011001001010101100111100100111100111100011001
10001001101101101100001011110101110111100000101011100111010000010010011110000010111010110100000011100001100100110101100101001111001001100111100100111100111100011001
10001001101101101100001011000101111001001100000101011100111010000010010011110000010111010110100000011100001101100001000101100110000001111001100000010001001100101001
10001001101101101100001011000101111001001100000101011100111010000010010011110000010111010110100000011100001100100110100111111010001001101111110010101101011011011001
10101100010011010111100000101100100101111001001100000101011100111010000010010011110000010111010110100000011100001100111111110010110100100101010110101001001100101001
10001001101101101100001011000101111001001100000101011100111010000010010011110000010111010110100000011100001100100011110111110100101000100101010110101001001100101001
