00000011010010101000101011011010011111010010000001110011110010011100101011111011110101010110000100101110001011111111110011111110111011100110101110110110101001101001
00000011010010101000101011011010011111010010000001110011110010011100100010010110011100011000100110011011101001100110111101111110111011100110101110110110101001101001
00000011010010101000101011011010011111010010000001110011110010011100100010010111000100101001001001111110111100010010010011111110111011100110101110110110101001101001
00000011010010101000101011011010011111010010000001110011110010011100100010010111000100101001001001111111111010001100111101111110111011100110101110110110101001101001
00000011010010101000101011011010011111010010000001110011110010011100100010010110011100011000100111001010011000010101110011111110111011100110101110110110101001101001
00000011010010101000101011011010011111010010000001110011110010011100100010010111000100101001001001111110111100010011110011111110111011100110101110110110101001101001
00000011010010101000101011011010011111010010000001110011110010011100100010010111000100101001001001110110101010000000111101111110111011100110101110110110101001101001
00000011010010101000101011011010011111010010000001110011110010011100101011111001011011101011111011101001010110011111110011111110111011100110101110110110101001101001
00000011010010101000101011011010011111010010000001110011110010011100100010010111000100101001000000000000000010111110011111110111011100110101110110110100010011101001
00000011010010101000101011011010011111010010000001110011110010011100100010010111110101001100000111100000000000010111110011111110111011100110101110110110101001101001
00000011010010101000101011011010011111010010000001110011110010011100101011111010110000110011011011110011000001011011110011111110111011100110101110110110101001101001
00000011010010101000101011011010011111010010000001110011110010011100101011111011110101010110000101101101001000110111101111110111011100110101110110110100010011101001
00000011010010101000101011011010011111010010000001110011110010011100101011111010101101010101110111100000000000010111110011111110111011100110101110110110101001101001
00000011010010101000101011011010011111010010000001110011110010011100101011111000101101111101101001011100110100000110111101111110111011100110101110110110101001101001
00000011010010101000101011011010011111010010000001110011110010011100101011111001000111000001101000011110000110010001011101111110111011100110101110110110101001101001
00000011010010101000101011011010011111010010000001110011110010011100101011111010001110001101001100101101101001000110111101111110111011100110101110110110101001101001
00000011010010101000101011011010011111010010000001110011110010011100100010010111011110101010110000101101101001000110111101111110111011100110101110110110101001101001
00000011010010101000101011011010011111010010000001110011110010011100100010010111000100101001000000000000000010111110011111110111011100110101110110110101000010010001
00000011010010101000101011011010011111010010000001110011110010011100100010010111000100101001001000000000000000010111110011111110111011100110101110110110101001101001
00000011010010101000101011011010011111010010000001110011110010011100100010010111000100101001001001111110110010100101110011111110111011100110101110110110101001101001
00000011010010101000101011011010011111010010000001110011110010011100101011111011110101010110000100101110001011111111110011111110111011100110101110110110101000100101
00000011010010101000101011011010011111010010000001110011110010011100100010010110011100011000100110011011101001100110111101111110111011100110101110110110101000100101
00000011010010101000101011011010011111010010000001110011110010011100101011111011110101010110000101101101001000110111101111110111011100110101110110110101000010010001
00000011010010101000101011011010011111010010000001110011110010011100101011111011110101010110000100101111111010110111101111110111011100110101110110110100010011101001
00000011010010101000101011011010011111010010000001110011110010011100100010010110110111111110010000001111110100011110011111110111011100110101110110110100010011101001
00000011010010101000101011011010011111010010000001110011110010011100101011111011110101010110000100100111010001101001111011100010100101101101010111001001011001101001
00000011010010101000101011011010011111010010000001110011110010011100100010010111000100101001001001111110111100010010010011111110111011100110101110110110101000100101
00000011010010101000101011011010011111010010000001110011110010011100100010010111000100101001001001111111111010001100111011110111011100110101110110110100010011101001
00000011010010101000101011011010011111010010000001110011110010011100100010010111000100101001001001111111111010001100111101111110111011100110101110110110101000100101
00000011010010101000101011011010011111010010000001110011110010011100101011111010001110001101001100100101111111010110111101111110111011100110101110110110101001101001
00000011010010101000101011011010011111010010000001110011110010011100100010010111000100101001001001111110111000111111110011111110111011100110101110110110101001101001
00000011010010101000101011011010011111010010000001110011110010011100100010010111001011001010100101110001011111111110011111110111011100110101110110110100010011101001
