01000101011110010111010111001011011000001000000000101011110110100000001110101100111010111000111010010000010111110111011100111000100010000111111000011111100110100000
01000101011110010111010111001011011000001000000000101011111110100000001110101100111010111000111010010000010111110111011100111000100010000111111000011111100110100000
01000101011110010111010111001011011000001000000000101011110110101011000101101000010000111000111010010000010111110111011100111000100010000111111000011111100110100000
01000101011110010111010111001011011000001000000000101011110111100000001110101100111010111000111010010000010111110111011100111000100010000111111000011111100110100000
01000101011110010111010111001011011000001000000000101011111111100000001110101100111010111000111010010000010111110111011100111000100010000111111000011111100110100000
01000101011110010111010111001011011000001000000000101011110110101010001110101100111010111000111010010000010111110111011100111000100010000111111000011111100110100000
01000101011110010111010111001011011000001000000000101011110110101110011110101100111010111000111010010000010111110111011100111000100010000111111000011111100110100000
01000101011110010111010111001011011000001000000000101011111000011010001110101100111010111000111010010000010111110111011100111000100010000111111000011111100110100000
01000101011110010111010111001011011000001000000000101011110110111000001110101100111010111000111010010000010111110111011100111000100010000111111000011111100110100000
01000101011110010111010111001011011000001000000000101011100101100000001110101100111010111000111010010000010111110111011100111000100010000111111000011111100110100000
01000101011110010111010111001011011000001000000000101011110110110000011010000100000110111000111010010000010111110111011100111000100010000111111000011111100110100000
01000101011110010111010111001011011000001000000000101011111000100000001110101100111010111000111010010000010111110111011100111000100010000111111000011111100110100000
01000101011110010111010111001011011000001000000000101011111111101010001110101100111010111000111010010000010111110111011100111000100010000111111000011111100110100000
01000101011110010111010111001011011000001000000000101011110110111101111101110001000101111000111010010000010111110111011100111000100010000111111000011111100110100000
01000101011110010111010111001011011000001000000000101011110111110000001110101100111010111000111010010000010111110111011100111000100010000111111000011111100110100000
01000101011110010111010111001011011000001000000000101011110000001000001110101100111010111000111010010000010111110111011100111000100010000111111000011111100110100000
01000101011110010111010111001011011000001000000000101011110110110000001110101100111010111000111010010000010111110111011100111000100010000111111000011111100110100000
01000101011110010111010111001011011000001000000000101011110110101011100010101100111010111000111010010000010111110111011100111000100010000111111000011111100110100000
01000101011110010111010111001011011000001000000000101011111001011001001110101100111010111000111010010000010111110111011100111000100010000111111000011111100110100000
01000101011110010111010111001011011000001000000000101011110110101000001110101100111010111000111010010000010111110111011100111000100010000111111000011111100110100000
01000101011110010111010111001011011000001000000000101011111001011000001110101100111010111000111010010000010111110111011100111000100010000111111000011111100110100000
01000101011110010111010111001011011000001000000000101011110110111110110100101101010111011000111010010000010111110111011100111000100010000111111000011111100110100000
01000101011110010111010111001011011000001000000000101011110111001000001110101100111010111000111010010000010111110111011100111000100010000111111000011111100110100000
01000101011110010111010111001011011000001000000000101011110111000000001110101100111010111000111010010000010111110111011100111000100010000111111000011111100110100000
01000101011110010111010111001011011000001000000000101100111101100000001110101100111010111000111010010000010111110111011100111000100010000111111000011111100110100000
01000101011110010111010111001011011000001000000000101011111100010000001110101100111010111000111010010000010111110111011100111000100010000111111000011111100110100000
01000101011110010111010111001011011000001000000000101011111110000000001110101100111010111000111010010000010111110111011100111000100010000111111000011111100110100000
01000101011110010111010111001011011000001000000000101011111001010000001110101100111010111000111010010000010111110111011100111000100010000111111000011111100110100000
01000101011110010111010111001011011000001000000000101011110111011110001110101100111010111000111010010000010111110111011100111000100010000111111000011111100110100000
01000101011110010111010111001011011000001000000000101011110110100000001110101100111010111000111010010000010111110111101100111000100010000111111000011111100110100000
01000101011110010111010111001011011000001000000000101011110110110011011000110001001011100000011000000110010000100111101111010010000010000111111000011111100110100000
01000101011110010111010111001011011000001000000000101011110110100000001110101100111010111000111010010000010111110111011101011100100010000111111000011111100110100000
