01010000011101000111011001011001011000011000110111010101100001100101011100101111001011101001111100110000100010101000001001011101001101000101001110011001011111010010
01010000011101000111011001011001011000011000110111010101100001100101011100101111001011101001111100110000100010101000001001011101001101000101001110011010011111010010
01010000011101000111011001011001011000011000110111010101100001100101011100101111001011101001111100110000100010101000001001011101001101000101001111000100000111011110
01010000011101000111011001011001011000011000110111010101100001100101011100101111001011101001111100110000100010101000001001011101001101000101011010011001011111010010
01010000011101000111011001011001011000011000110111010101100001100101011100101111001011101001111100110000100010101000001001011101001101000101001100110010000010010010
01010000011101000111011001011001011000011000110111010101100001100101011100101111001011101001111100110000100010101000001001011101001101000101001111010001011111010010
01010000011101000110001011000100011000011000110111010101100001100101011100101111001011101001111100110000100010101000001001011101001101000101001110011001011111010010
01010000011101000111011001011001011000011000110111010101100001100101011100101111001011101001111100110000100010101000001001011101001101000101011110101100111000010010
01010000011101000111011001011001011000011000110111010101100001100101011100101111001011101001111100110000100010101000001001011101001101000100001101100011011111010010
01010000011101000111011001011001011000011000110111010101100001100101011100101111001011101001111100110000100010101000001001011101001101000101001110011001011110010010
01010000011101000111011001011001011101011111010111010101100001100101011100101111001011101001111100110000100010101000001001011101001101000101001110011001011111010010
01010000011101000111011001011001011000011000110111010101100001100101011100101111001011101001111100110000100010101000001001011101001101000101001110011010000010010010
01010000011101000111011001011001011000011000110111010101100001100101011100101111001011101001111100110000100010101000001001011101001101000101001100110001110011110010
01010000011101000111011001011001011000011000110111010101100001100101011100101111001011101001111100110000100010101000001001011101001101000101001100110001011111010010
01010000011101000111011001011001011000011000110111010101100001100101011100101111001011101001111100110000100010101000001001011101001101000101001110011011010110110010
01010000011101000111011001011001011000011000110111010101100001100101011100101111001011101001111100110000100010101000001001011101001101000101001110011101000111011110
01010000011101000111011001011001011000011000110111010101100001100101011100101111001011101001111100110000100010101000001001011101001101000101001110011000101111000010
01010000011101000111011001011001011000011000110111010101100001100101011100101111001011101001111100110000100010101000001001011101001101000101001110011000101010010010
01010000011101000110001000100100110110111000110111010101100001100101011100101111001011101001111100110000100010101000001001011101001101000101001110011001011111010010
01010000011101000111011001011001011000011000110111010101100001100101011100101111001011101001111100110000100010101000001001011101001101000101001100001010101000000010
01010000011101000111011001011001011000011000110111010101100001100101011100101111001011101001111100110000100010101000001001011101001101000100001110011001011111010010
01010000011101000111011001011111011110111000110111010101100001100101011100101111001011101001111100110000100010101000001001011101001101000101001110011001011111010010
01010000011101000111011001011001011000011000110111010101100001100101011100101111001011101001111100110000100010101000001001011101001101000101001110000110010000010010
01010000011101000111011001011001011000011000110111010101100001100101011100101111001011101001111100110000100010101000001001011101001101000101001111101111101110011110
01010000011101000111011001011001011000011000110111010101100001100101011100101111001011101001111100110000100010101000001001011101001101000101001110011000111011110010
01010000011101000111011001011001011000011000110111010101100001100101011100101111001011101001111100110000100010101000001001011101001101000100000111011001011111010010
01010000011101000111011001011001011000011000110111010101100001100101011100101111001011101001111100110000100010101000001001011101001101000100001100101011011111010010
01010000011101000110110101101010100010011000110111010101100001100101011100101111001011101001111100110000100010101000001001011101001101000101001110011001011111010010
01010000011101000111011001011001011000011001010111010101100001100101011100101111001011101001111100110000100010101000001001011101001101000101001110011001011111010010
01010000011101000111011001011001011000011000110111010101100001100101011100101111001011101001111100110000100010101000001001011101001101000101010000011001011111010010
01010000011101000111011001011001011000011000110111010101100001100101011100101111001011101001111100110000100010101000001001011101001101000101001110011001100011010010
01010000000010110111011001011001011000011000110111010101100001100101011100101111001011101001111100110000100010101000001001011101001101000101001110011001011111010010
