01111110010000010110111110001100111010001111110010001111111110001010001001010100011110001100101100110011110101101100111011011110101101100001110001111101101011110000
01111110010000010110111110001100111010001111110010001111111110001010001001010100011110001100101100110011110101101100111011011110101101100001110001111101101010110000
01111110010000010110111110001100111010001111110010001111111110001010001001010100011110001100101100110011110101101100111011011110101101100001110001111101101010101101
01111110010000010110111110001100111010001111110010001111111110001010001001010100011110001100101100110011110101101100111011011110101101100001110001110111011110111101
01111110010000010110111110001100111010001111110010001111111110001010001001010100011110001100101100110011110101101100111011011110101101100000111100100110100101010101
01111110010000010110111110001100111010001111110010001111111110001010001001010100011110001100101100110011110101101100111011011110101101100001110001111101101011111001
01111110010000010110111110001100111010001111110010001111111110001010001001010100011110001100101100110011110101101100111011011110101101100001110001111101101011011001
01111110010000010110111110001100111010001111110010001111111110001010001001010100011110001100101100110011110101101100111011001011000011100100001000110000010101101101
01111110010000010110111110001100111010001111110010001111111110001010001001010100011110001100101100110011110101101100111011011110101101100001110001110110111010000101
01111110010000010110111110001100111010001111110010001111111110001010001001010100011110001100101100110011110101101100111011011110101101100001110001111101101011110011
01111110010000010110111110001100111010001111110010001111111110001010001001010100011110001100101100110011110101101100111011011110101101100001110001111101101000011001
01111110010000010110111110001100111010001111110010001111111110001010001001010100011110001100101100110011110101101100111011011110101101100001110001111101100101101001
01111110010000010110111110001100111010001111110010001111111110001010001001010100011110001100101100110011110101101100111011011110101101100001110001111101100101010101
01111110010000010110111110001100111010001111110010001111111110001010001001010100011110001100101100110011110101101100111011011110101101100001110001111101101011101111
01111110010000010110111110001100111010001111110010001111111110001010001001010100011110001100101100110011110101101100111011011110101101100001110001110111011110111111
01111110010000010110111110001100111010001111110010001111111110001010001001010100011110001100101100110011110101101100111011011110101101100001110001111101101011111011
01111110010000010110111110001100111010001111110010001111111110001010001001010100011110001100101100110011110101101100111011011110101101100001110001110001001100111111
01111110010000010110111110001100111010001111110010001111111110001010001001010100011110001100101100110011110101101100111011011110101101100001110001111101101011101101
01111110010000010110111110001100111010001111110010001111111110001010001001010100011110001100101100110011110101101100111011011110101101100001110001111101101011110101
01111110010000010110111110001100111010001111110010001111111110001010001001010100011110001100101100110011110101101100111011011110101101100001110001110111011111001001
01111110010000010110111110001100111010001111110010001111111110001010001001010100011110001100101100110011110101101100111011011110101101100001110001111101101010000101
01111110010000010110111110001100111010001111110010001111111110001010001001010100011110001100101100110011110101101100111011011110101101100001110001111101110100101001
01111110010000010110111110001100111010001111110010001111111110001010001001010100011110001100101100110011110101101100111011011110101101100001110001111101110100100000
01111110010000010110111110001100111010001111110010001111111110001010001001010100011110001100101100110011110101101100111011011110101101100001110001111101101011101001
01111110010000010110111110001100111010001111110010001111111110001010001001010100011110001100101100110011110101101100111011011110101101100001110001111111111000011001
01111110010000010110111110001100111010001111110010001111111110001010001001010100011111000100101100110011110101101100111011011110101101100001110001111101101011110000
01111110010000010110111110001100111010001111110010001111111110001010001001010100011110001100101100110011110101101100111011011110101101100001110001110001000010010001
01111110010000010110111110001100111010001111110010001111111110001010001001010100011110001100101100110011110101101100111011011110101101100001110001111100001000110101
01111110010000010110111110001100111010001111110010001111111110001010001010000100101110001100101100110011110101101100111011011110101101100001110001111101101011110000
01111110010000010110111110001100111010001111110010001111111110001010001001010100011110001100101100110011110101101100111011010001001110001110011101111001011010110000
01111110010000010110111110001100111010001111110010001111111110001010001001010100011110001100101100110011110101101100111011011110101101100001110001111101110101010101
01111110010000010110111110001100111010001111110010001111111110001010001001010100011110001100101100110011110101101100111010001001110001110011101111111001000101101101
