11110100011100111010000010000001000000011001000100111100100011001011000111011111101110001010010001110111111010001101100110010110011110001000010100000100111111100001
11110100011100111010000010000001000000011001000100111100100011001011000111011111101110001010010001110110111110011101100110010110011110001000010100000100111111100001
11110100011100111010000010000001000000011001000100111100100011001011000111011111101110001010010001110111111010001101100110010110011110001000010100000100110111100001
11110100011100111010000010101011010001010101101111000010110011001011000111011111101110001010010001110111111010001101100110010110011110001000010100000100111111100001
11110100011100111010000010000001000000011001000100111100100011001011000111011111101110001011001010110110111110011101100110010110011110001000010100000100111111100001
11110100011100111010000010010010000101110101000100111100100011001011000111011111101110001010010001110111111010001101100110010110011110001000010100000100111111100001
11110100011100111010000010000001000000011001000100111100100011001010001101110101000000010001011001010110111110011101100110010110011110001000010100000100111111100001
11110100011100111010000010000000101011110101000100111100100011001011000111011111101110001010010001110111111010001101100110010110011110001000010100000100111111100001
11110100011100111010001100100001000000011001000100111100100011001011000111011111101110001010010001110111111010001101100110010110011110001000010100000100111111100001
11110100011100111010000010000001000000011001000100111100100011001011000111011111101110011111001010110110111110011101100110010110011110001000010100000100111111100001
11110100011100111010000010000010000101110101000100111100100011001011000111011111101110001010010001110111111010001101100110010110011110001000010100000100111111100001
11110100011100111010000010101011110011101110010100111100100011001011000111011111101110001010010001110111111010001101100110010110011110001000010100000100111111100001
11110100011100111010000010000001000000011001000100111100100011000100001101110101000000010001011001010110111110011101100110010110011110001000010100000100111111100001
11110100011100111010000010001111001000011001000100111100100011001011000111011111101110001010010001110111111010001101100110010110011110001000010100000100111111100001
11110100011100111010011101000001000000011001000100111100100011001011000111011111101110001010010001110111111010001101100110010110011110001000010100000100111111100001
11110100011100111010000010000100010111001001000100111100100011001011000111011111101110001010010001110111111010001101100110010110011110001000010100000100111111100001
11110100011100111010000010001011010001010101101111000010110011001011000111011111101110001010010001110111111010001101100110010110011110001000010100000100111111100001
11110100011100111010000010000001000000011001000100111100100011001011000111011111101110001010010001101010110110001011100110010110011110001000010100000100111111100001
11110100011100111010000010001011110100100101000100111100100011001011000111011111101110001010010001110111111010001101100110010110011110001000010100000100111111100001
11110100011100111010000010000001000000011001000100111100100011001011000111011111101110001010010011010110111110011101100110010110011110001000010100000100111111100001
11110100011100111010000010000000101011110101101111000010110011001011000111011111101110001010010001110111111010001101100110010110011110001000010100000100111111100001
11110100011100111010011110000001000000011001000100111100100011001011000111011111101110001010010001110111111010001101100110010110011110001000010100000100111111100001
11110100011100111010000010000001000000011001000100111100100011001011000111010111111000011000101101110111111010001101100110010110011110001000010100000100111111100001
11110100011100111010000011000001000000011001000100111100100011001011000111011111101110001010010001110111111010001101100110010110011110001000010100000100111111100001
11110100011100111010000010100001000000011001000100111100100011001011000111011111101110001010010001110111111010001101100110010110011110001000010100000100111111100001
11110100011100111010000010011111000000011001000100111100100011001011000111011111101110001010010001110111111010001101100110010110011110001000010100000100111111100001
11110100011100111010000010000011001110011001000100111100100011001011000111011111101110001010010001110111111010001101100110010110011110001000010100000100111111100001
11110100011100111011111001101001000000011001000100111100100011001011000111011111101110001010010001110111111010001101100110010110011110001000010100000100111111100001
11110100011100100001000011000001000000011001000100111100100011001011000111011111101110001010010001110111111010001101100110010110011110001000010100000100111111100001
11110100011100111011100110101001000000011001000100111100100011001011000111011111101110001010010001110111111010001101100110010110011110001000010100000100111111100001
11110100011100111011111001101011010001010101101111000010110011001011000111011111101110001010010001110111111010001101100110010110011110001000010100000100111111100001
11110100011100111010010101101001000000011001000100111100100011001011000111011111101110001010010001110111111010001101100110010110011110001000010100000100111111100001
