01011100101111100010111010011001110001001000010001001110011011100110010010001110110111010101011010110010010101111000101110011111101010011011101110001111100010110100
10100000101111100010111010011001110001001000010001001110011011100110010010001110110111010101011010110010010101111000101110011111101010011011101110001111100010110100
11010101001001101111100010111010011001110001001000010001001110011011100110010010001110110111010101011010110010010101111000101110011111101010010010001111100010110100
01001001101111100010111010011001110001001000010001001110011011100110010010001110110111010101011010110010010101111000101110011111101010011011101110001111100010110100
01011100101111100010111010011001110001001000010001001110011011100110010010001110110111010101011010110010010101111000101110000100101011001010010010001111100010110100
01011100101111100010111010011001110001001000010001001110011011100110010010001110110111010101011010110010010101111000101110000100101001011100001110001111100010110100
01011100101111100010111010011001110001001000010001001110011011100110010010001110110111010101011010110010010101111000101110011111101011001010010010001111100010110100
11010101011100101111100010111010011001110001001000010001001110011011100110010010001110110111010101011010110010010101111000101110011111101010010010001111100010110100
11100010111100101111100010111010011001110001001000010001001110011011100110010010001110110111010101011010110010010101111000101110011111101010010010001111100010110100
01011100101111100010111010011001110001001000010001001110011011100110010010001110110111010101011010110010010101111000101110011111101000001100001110001111100010110100
11110101101111100010111010011001110001001000010001001110011011100110010010001110110111010101011010110010010101111000101110011111101010011011101110001111100010110100
01011100101111100010111010011001110001001000010001001110011011100110010010001110110111010101011010110010010101111000101110011111101010010010001000001111100010110100
01011100101111100010111010011001110001001000010001001110011011100110010010001110110111010101011010110010010101111000101110011111101010010010001110001111100010110100
00000101111100010111010011001110001001000010001001110011011100110010010001110110111010101011010110010010101111000101110011111101010011011100001110001111100010110100
11110100100000101111100010111010011001110001001000010001001110011011100110010010001110110111010101011010110010010101111000101110011111101010010010001111100010110100
01011100101111100010111010011001110001001000010001001110011011100110010010001110110111010101011010110010010101111000101110011111100111001001101000001111100010110100
01011100101111100010111010011001110001001000010001001110011011100110010010001110110111010101011010110010010101111000101110011111111101111011101110001111100010110100
11100000101111100010111010011001110001001000010001001110011011100110010010001110110111010101011010110010010101111000101110011111101010011011101110001111100010110100
01011100101111100010111010011001110001001000010001001110011011100110010010001110110111010101011010110010010101111000101110011111101010010010110100001111100010110100
01011100101111100010111010011001110001001000010001001110011011100110010010001110110111010101011010110010010101111000101110011111101010010011111001011111100010110100
01011100101111100010111010011001110001001000010001001110011011100110010010001110110111010101011010110010010101111000101110000100101001010101111111011111100010110100
01011100101111100010111010011001110001001000010001001110011011100110010010001110110111010101011010110010010101111000101110011111000010000100011101000111101000110100
01011100101111100010111010011001110001001000010001001110011011100110010010001110110111010101011010110010010101111000101110011111101011010000011001011111100010110100
01011100101111100010111010011001110001001000010001001110011011100110010010001110110111010101011010110010010101111000101110011111101010011100001110001111100010110100
01011100101111100010111010011001110001001000010001001110011011100110010010001110110111010101011010110010010101111000101110011111100111011100001110001111100010110100
11100101111100010111010011001110001001000010001001110011011100110010010001110110111010101011010110010010101111000101110011111101010011011100001110001111100010110100
11010101101111100010111010011001110001001000010001001110011011100110010010001110110111010101011010110010010101111000101110011111101010011011101110001111100010110100
11011001101111100010111010011001110001001000010001001110011011100110010010001110110111010101011010110010010101111000101110011111101010011011101110001111100010110100
01011100101111100010111010011001110001001000010001001110011011100110010010001110110111010101011010110010010101111000101110011111101011000101111111011111100010110100
11010000101111100010111010011001110001001000010001001110011011100110010010001110110111010101011010110010010101111000101110011111101010011011101110001111100010110100
11000010111100101111100010111010011001110001001000010001001110011011100110010010001110110111010101011010110010010101111000101110011111101010010010001111100010110100
11010100101111100010111010011001110001001000010001001110011011100110010010001110110111010101011010110010010101111000101110011111101010011011101110001111100010110100
