11001100011001110010000011001001000101001101001001010101010010100001001010011000011111100110110100010101100000110010110101101111100111011101101010101110100110010000
11001100011000011001010011011001000101001101001001010101010010100001001010011000011111100110110100010101100000110010110101101111100111011101101010101110100110010000
11001110011001110010000011001001000101001101001001010101010010100001001010011000011111100110110100010101100000110010110101101111100111011101101010101110100110010000
11000000011001110010000011001001000101001101001001010101010010100001001010011000011111100110110100010101100000110010110101101111100111011101101010101110100110010000
11001010011001110010000011001001000101001101001001010101010010100001001010011000011111100110110100010101100000110010110101101111100111011101101010101110100110010000
01100001001111110010000011001001000101001101001001010101010010100001001010011000011111100110110100010101100000110010110101101111100111011101101010101110100110010000
11001101111001110010000011001001000101001101001001010101010010100001001010011000011111100110110100010101100000110010110101101111100111011101101010101110100110010000
11011001001111110010000011001001000101001101001001010101010010100001001010011000011111100110110100010101100000110010110101101111100111011101101010101110100110010000
01100001101000010010000011001001000101001101001001010101010010100001001010011000011111100110110100010101100000110010110101101111100111011101101010101110100110010000
11001100011111010010000011001001000101001101001001010101010010100001001010011000011111100110110100010101100000110010110101101111100111011101101010101110100110010000
11000010011001110010000011001001000101001101001001010101010010100001001010011000011111100110110100010101100000110010110101101111100111011101101010101110100110010000
01100111001111110010000011001001000101001101001001010101010010100001001010011000011111100110110100010101100000110010110101101111100111011101101010101110100110010000
01100001101001110010000011001001000101001101001001010101010010100001001010011000011111100110110100010101100000110010110101101111100111011101101010101110100110010000
11001110000110001101110010011101000101001101001001010101010010100001001010011000011111100110110100010101100000110010110101101111100111011101101010101110100110010000
11001100011001110010000011001001000101001101001001010101010010100001001010011000011111100110110100010101100000010010110101101111100111011101101010101110100110010000
11001001111011110010000011001001000101001101001001010101010010100001001010011000011111100110110100010101100000110010110101101111100111011101101010101110100110010000
11001110111001110010000011001001000101001101001001010101010010100001001010011000011111100110110100010101100000110010110101101111100111011101101010101110100110010000
11001100000110001101110010011101000101001101001001010101010010100001001010011000011111100110110100010101100000110010110101101111100111011101101010101110100110010000
11001110001110011011100000100001000101001101001001010101010010100001001010011000011111100110110100010101100000110010110101101111100111011101101010101110100110010000
01100110011001110010000011001001000101001101001001010101010010100001001010011000011111100110110100010101100000110010110101101111100111011101101010101110100110010000
11001101110001110010000011001001000101001101001001010101010010100001001010011000011111100110110100010101100000110010110101101111100111011101101010101110100110010000
01101110011001110010000011001001000101001101001001010101010010100001001010011000011111100110110100010101100000110010110101101111100111011101101010101110100110010000
11001100001101101100000111100111000101001101001001010101010010100001001010011000011111100110110100010101100000110010110101101111100111011101101010101110100110010000
11001100111001110010000011001001000101001101001001010101010010100001001010011000011111100110110100010101100000110010110101101111100111011101101010101110100110010000
01100000111001110010000011001001000101001101001001010101010010100001001010011000011111100110110100010101100000110010110101101111100111011101101010101110100110010000
11001101111011110010000011001001000101001101001001010101010010100001001010011000011111100110110100010101100000110010110101101111100111011101101010101110100110010000
01100001101000011001010011011001000101001101001001010101010010100001001010011000011111100110110100010101100000110010110101101111100111011101101010101110100110010000
11001100111001111000000001011101000101001101001001010101010010100001001010011000011111100110110100010101100000110010110101101111100111011101101010101110100110010000
11000001111011110010000011001001000101001101001001010101010010100001001010011000011111100110110100010101100000110010110101101111100111011101101010101110100110010000
11001100011001110010000011011001000101001101001001010101010010100001001010011000011111100110110100010101100000110010110101101111100111011101101010101110100110010000
11001111001111110010000011001001000101001101001001010101010010100001001010011000011111100110110100010101100000110010110101101111100111011101101010101110100110010000
11001100011001110010000011001001000101001101001001010101010010100001001010011000011111100110110100010101100000110010110101101111100111011101101010101110100110000101
