00010001110101101010100010101001110111000001100101110110101101000011000101001101101101001001001110101010111011000001001110110011001001100010000110110001101100100110
00010001110101101010100010101001110111000001100101110110101101000011000101001101101101001001110101010111011000000001001110110011001001100010000110110001101100100110
00010001110101101010100010101001110111000001100101110110101101000011000101001101101101001001110101010111011000001001001110110011001001100010000110110001101100100110
00010001110101101010100010101001110111000001100101110110101101000011000101001101101101001000001110101010111011000001001110110011001001100010000110110001101100100110
00010001110101101010100010101001110111000001100101110110101101000011000101001101101101001001110101010111011000001111001110110011001001100010000110110001101100100110
00010001110101101010100010101001110111000001100101110110101101000011000101001101101101001001001110101010111010001001001110110011001001100010000110110001101100100110
00010001110101101010100010101001110111000001100101110110101101000011000101001101101101001001001110101010111011000000011110110011001001100010000110110001101100100110
00010001110101101010100010101001110111001000001100101110110101101000011000101001101101101001001110101010111011000001001110110011001001100010000110110001101100100110
00010001110101101010100010101001110111000001100101110110101101000011000101001101101101000110111110101010111011000001001110110011001001100010000110110001101100100110
00010001110101101010100010101001110111000001100101110110101101000011000101001101101101001000001100011000101100100001001110110011001001100010000110110001101100100110
00010001110101101010100010101001110111000001100101110110101101000011000101001101101101001001110101010111011000001001110110011001001100010000110110001101100100110110
00010001110101101010100010101001110111000001100101110110101101000011000101001101101101001000001100011000101100100110110001100111110100000011011110110001101100100110
00010001110101101010100010101001110111000001100101110110101101000011000101001101101101001000001100011000101100100110101110110011001001100010000110110001101100100110
00010001110101101010100010101001110111000001100101110110101101000011000101001101101101001001110101010111011000000011001110110011001001100010000110110001101100100110
00010001110101101010100010101001110111000001100101110110101101000011000101001101101101001001110101010111010001000001001110110011001001100010000110110001101100100110
00010001110101101010100010101001110111000001100101110110101101000011000101001101101101001001001110101010111011000110110001100111110100000011011110110001101100100110
00010001110101101010100010101001110111000001100101110110101101000011000101001101101101001001001110101010110110110001001110110011001001100010000110110001101100100110
00010001110101101010100010101001110111000001100101110110101101000011000101001101101101001001001110101010111011000111001110110011001001100010000110110001101100100110
00010001110101101010100010101001110111000001100101110110101101000011000101001101101101001001110101010111011000000110101110110011001001100010000110110001101100100110
00010001110101101010100010101001110111000001100101110110101101000011000101001101101101001001110101010111011000001011011110110011001001100010000110110001101100100110
00010001110101101010100010101001110111000001100101110110101101000011000101001101101101001001110101010111011011110001001110110011001001100010000110110001101100100110
00010001110101101010100010101001110111000001100101110110101101000011000101001101101101001001001111000110100101111011001110110011001001100010000110110001101100100110
00010001110101101010100010101001110111000001100101110110101101000011000101001101101101001001110101010111011000000111001110110011001001100010000110110001101100100110
00010001110101101010100010101001110111000001100101110110101101000011000101001101101101001001110101010111011000010101001110110011001001100010000110110001101100100110
00010001110101101010100010101001110111000001100101110110101101000011000101001101101101001001110101010111011000100001001110110011001001100010000110110001101100100110
00010001110101101010100010101001110111000001100101110110101101000011000101001101101101001001110101010111011000101001001110110011001001100010000110110001101100100110
00010001110101101010100010101001110111000001100101110110101101000011000101001101101101001001001111000110100101110001001110110011001001100010000110110001101100100110
00010001110101101010100010101001110111000001100101110110101101000011000101001101101101001001001110101010111010010001001110110011001001100010000110110001101100100110
00010001110101101010100010101001110111000001100101110110101101000011000101001101101101001000011001101010110110110001001110110011001001100010000110110001101100100110
00010001110101101010100010101001110111000001100101110110101101000011001101101010000011001001001110101010111011000001001110110011001001100010000110110001101100100110
00010001110101101010100010101001110111000001100101110110101101000011000101001101101101000001001110101010111011000001001110110011001001100010000110110001101100100110
00010001110101101010100010101001110111000001100101110110101101000011000101001101101101001001110101010111011001011001001110110011001001100010000110110001101100100110
