10101010001111011010111011011110001110010101001010110000110100101111010010001001000111110000101010101100111100111111101000001001110010101101101010100101000100111100
10101010001111011010111011011110001110010101001010110000110100101111010010001001000111110000101010101100111100111111101000001001110010101101101010100101000100101001
10101010001111011010111011011110001110010101001010110000110100101111010010001001000111110000101010101100111100111111101000001001110010101101101010100101000100101010
10100001011100110101111011011110001110010101001010110000110100101111010010001001000111110000101010101100111100111111101000001001110010101101101010100101000100111100
10100000101010011010111011011110001110010101001010110000110100101111010010001001000111110000101010101100111100111111101000001001110010101101101010100101000100111100
10101010001111011010111011011110001110010101001010110000110100101111010010001001000111110000101010101100111100111111101000001001110010101101101010100101000100100100
10101010001111011010111011011110001110010101001010110000110100101111010010001001000111110000101010101100111100111111101000001001110010101101101010100101000010101001
10101010001111011010111011011110001110010101001010110000110100101111010010001001000111110000101010101100111100111111101000001001110010101101101010101010101100111100
10101010001111011010111011011110001110010101001010110000110100101111010010001001000111110000101010101100111100111111101000001001110010101101101010100101000101010110
10101010001111011010111010100000010111110001110010101001010110000110100101111010010001001000111110000101010101100111100111111101000001001110010101101101010100101000
10100001011100110100111011011110001110010101001010110000110100101111010010001001000111110000101010101100111100111111101000001001110010101101101010100101000100111100
10101010001111011010111011011110001110010101001010110000110100101111010010001001000111110000101010101100111100111111101000001001110010101101101010100101000010001001
00010100111110101100110011011110001110010101001010110000110100101111010010001001000111110000101010101100111100111111101000001001110010101101101010100101000100111100
10101010001111011010111011011110001110010101001010110000110100101111010010001001000111110000101010101100111100111111101000001001110010101101101010100101000010011101
10101010001111011010111011011110001110010101001010110000110100101111010010001001000111110000101010101100111100111111101000001001110010101101101010100101000100110001
10101010001111011010111011011011110001110010101001010110000110100101111010010001001000111110000101010101100111100111111101000001001110010101101101010100101000100100
10101010001111011010111011011110001110010101001010110000110100101111010010001001000111110000101010101100111100111111101000001001110010101101101011100001001010111100
10100001011100110101100101011110001110010101001010110000110100101111010010001001000111110000101010101100111100111111101000001001110010101101101010100101000100111100
10101010001111011010111011011110001110010101001010110000110100101111010010001001000111110000101010101100111100111111101000001001110010101101101010100001010101100111
10101010001111011010111011011110001110010101001010110000110100101111010010001001000111110000101010101100111100111111101000001001110010101101010100001010101100111100
10100001011100110101000010111110001110010101001010110000110100101111010010001001000111110000101010101100111100111111101000001001110010101101101010100101000100111100
10100001011100110101111011011110001110010101001010110000110100101111010010001001000111110000101010101100111100111111101000001001110010101101101010100101000100101001
00011001111011010111011011110001110010101001010110000110100101111010010001001000111110000101010101100111100111111101000001001110010101101101010100001010101100111100
10101010001111011010111011011110001110010101001010110000110100101111010010001001000111110000101010101100111100111111101000001001110011111010111100011010010010100100
00011001110111010011001011011110001110010101001010110000110100101111010010001001000111110000101010101100111100111111101000001001110010101101101010100101000100111100
10101010001111001001011111011110001110010101001010110000110100101111010010001001000111110000101010101100111100111111101000001001110010101101101010100101000100111100
10111001100011001101010110011110001110010101001010110000110100101111010010001001000111110000101010101100111100111111101000001001110010101101101010100101000100111100
10100001011100110101100101100000001110010101001010110000110100101111010010001001000111110000101010101100111100111111101000001001110010101101101010100101000100111100
10100000101010011010111011011110001110010101001010110000110100101111010010001001000111110000101010101100111100111111101000001001110010101101101010100101000100101001
00111010101011111110110101011110001110010101001010110000110100101111010010001001000111110000101010101100111100111111101000001001110010101101101010100101000100111100
10101010011010100001011100010110011110001110010101001010110000110100101111010010001001000111110000101010101100111100111111101000001001110010101101101010100101000100
10101010001111011010111010011001011011110001110010101001010110000110100101111010010001001000111110000101010101100111100111111101000001001110010101101101010100101000
