01011001110011111110110101001100110001001010110100001110010100100100001101001000000011001111110001110000100010001001011100110110100101101010001100001110010100100011
01011001110011111101000101101001000001001010110100001110010100100100001101001000000011001111110001110000100010001001011100110110100101101010001100001110010100100011
01011001111100011101000101101001000001001010110100001110010100100100001101001000000011001111110001110000100010001001011100110110100101101010001100001110010100100011
01011001110011111110111111110011000001001010110100001110010100100100001101001000000011001111110001110000100010001001011100110110100101101010001100001110010100100011
01011001110011000000111101101001000001001010110100001110010100100100001101001000000011001111110001110000100010001001011100110110100101101010001100001110010100100011
01011001110011111110111111101001000001001010110100001110010100100100001101001000000011001111110001110000100010001001011100110110100101101010001100001110010100100011
01011001110011111110111111111101100001001010110100001110010100100100001101001000000011001111110001110000100010001001011100110110100101101010001100001110010100100011
01011001110011111111100110011001000001001010110100001110010100100100001101001000000011001111110001110000100010001001011100110110100101101010001100001110010100100011
01011001110011101011111111101001000001001010110100001110010100100100001101001000000011001111110001110000100010001001011100110110100101101010001100001110010100100011
01011001110010111100001101101001000001001010110100001110010100100100001101001000000011001111110001110000100010001001011100110110100101101010001100001110010100100011
01011001110011111110111111111001000001001010110100001110010100100100001101001000000011001111110001110000100010001001011100110110100101101010001100001110010100100011
01011001110011111110111110101001000001001010110100001110010100100100001101001000000011001111110001110000100010001001011100110110100101101010001100001110010100100011
01011001110010001010011001101001000001001010110100001110010100100100001101001000000011001111110001110000100010001001011100110110100101101010001100001110010100100011
01011001110011111110111111110111111011001010110100001110010100100100001101001000000011001111110001110000100010001001011100110110100101101010001100001110010100100011
01011001110011111110111111110100110101101010110100001110010100100100001101001000000011001111110001110000100010001001011100110110100101101010001100001110010100100011
01011001110011111110101110011101100001001010110100001110010100100100001101001000000011001111110001110000100010001001011100110110100101101010001100001110010100100011
01011001110011000000110001101001000001001010110100001110010100100100001101001000000011001111110001110000100010001001011100110110100101101010001100001110010100100011
01011001110011111110100010011110010001001010110100001110010100100100001101001000000011001111110001110000100010001001011100110110100101101010001100001110010100100011
01011001110011111110101100101001000001001010110100001110010100100100001101001000000011001111110001110000100010001001011100110110100101101010001100001110010100100011
01011001110011111110110010111001000001001010110100001110010100100100001101001000000011001111110001110000100010001001011100110110100101101010001100001110010100100011
01011001110011111110111111111010000001001010110100001110010100100100001101001000000011001111110001110000100010001001011100110110100101101010001100001110010100100011
01011001110011111110100010011101100001001010110100001110010100100100001101001000000011001111110001110000100010001001011100110110100101101010001100001110010100100011
01011001110011111110111111110101000001001010110100001110010100100100001101001000000011001111110001110000100010001001011100110110100101101010001100001110010100100011
01011001110011111110100101101001000001001010110100001110010100100100001101001000000011001111110001110000100010001001011100110110100101101010001100001110010100100011
01011001110001010011001101011101100001001010110100001110010100100100001101001000000011001111110001110000100010001001011100110110100101101010001100001110010100100011
01011001110011111110111110011101100001001010110100001110010100100100001101001000000011001111110001110000100010001001011100110110100101101010001100001110010100100011
01011001110011110101011111110111111011001010110100001110010100100100001101001000000011001111110001110000100010001001011100110110100101101010001100001110010100100011
01011001110001010011001101001000001001010110100001110010100100100001101001000000011001111110001110000100010001001011100110110110100101101010001100001110010100100011
01011001110011111110111110110111111011001010110100001110010100100100001101001000000011001111110001110000100010001001011100110110100101101010001100001110010100100011
01011001110011111110111111111101011111110000110100001110010100100100001101001000000011001111110001110000100010001001011100110110100101101010001100001110010100100011
01011001110011111110110101001101111101001010110100001110010100100100001101001000000011001111110001110000100010001001011100110110100101101010001100001110010100100011
01011001111011101000101101001000001001010110100001110010100100100001101001000000011001111110001110000100010001001011100110110110100101101010001100001110010100100011
