10110111110001011001100011110111011101001111011110110110001111000100010100001011001111101110111001001101010100110010101011011000101000100011010011010111110111001000
10110111110001011001100011110111011101001111011110110110001111000100010100001011001111101100101000001101010100110010101011011000101000100011010011010111110111001000
10110111110001011001100011110111011101001111011110110110001111110010101001100011001111101110111001001101010100110010101011011000101000100011010011010111110111001000
10110111110001011001100011110111011101001111011110110110001111010000101001100011001111101110111001001101010100110010101011011000101000100011010011010111110111001000
10110111110001011001100011110111011101001111011110110110001110001001000100001111101111001010111101001101010100110010101011011000101000100011010011010111110111001000
10110111110001011001100011110111011101001111011110110110001111000010101001100011001111101110111001001101010100110010101011011000101000100011010011010111110111001000
10110111110001011001100011110111011101001111011110110110001111011000111001100011001111101110111001001101010100110010101011011000101000100011010011010111110111001000
10110111110001011001100011110111011101001111011110110110001110110111101001100011001111101110111001001101010100110010101011011000101000100011010011010111110111001000
10110111110001011001100011110111011101001111011110110110001111101100101001100011001111101110111001001101010100110010101011011000101000100011010011010111110111001000
10110111110001011001100011110111011101001111011110110110001111001010101001100011001111101110111001001101010100110010101011011000101000100011010011010111110111001000
10110111110001011001100011110111011101001111011110110110001110101100101001100011001111101110111001001101010100110010101011011000101000100011010011010111110111001000
10110111110001011001100011110111011101001111011110110110001111000011100000001011001111101110111001001101010100110010101011011000101000100011010011010111110111001000
10110111110001011001100011110111011101001111011110110110001111000100010100001011001111101100111101001101010100110010101011011000101000100011010011010111110111001000
10110111110001011001100011110111011101001111011110110110001110000100010100001011001111101110111001001101010100110010101011011000101000100011010011010111110111001000
10110111110001011001100011110111011101001111011110110110001111011010101001100011001111101110111001001101010100110010101011011000101000100011010011010111110111001000
10110111110001011001100011110111011101001111011110110110001111010110101001100011001111101110111001001101010100110010101011011000101000100011010011010111110111001000
10110111110001011001100011110111011101001111011110110110001111001110101101011011001111101110111001001101010100110010101011011000101000100011010011010111110111001000
10110111110001011001100011110111011101001111011110110110001110111010101001100011001111101110111001001101010100110010101011011000101000100011010011010111110111001000
10110111110001011001100011110111011101001111011110110110001111110010101101011011001111101110111001001101010100110010101011011000101000100011010011010111110111001000
10110111110001011001100011110111011101001111011110110110001111101000111001100011001111101110111001001101010100110010101011011000101000100011010011010111110111001000
10110111110001011001100011110111011101001111011110110110001111010110010100001011001111101110111001001101010100110010101011011000101000100011010011010111110111001000
10110111110001011001100011110111011101001111011110110110001111110010101110001011001111101110111001001101010100110010101011011000101000100011010011010111110111001000
10110111110001011001100011110111011101001111011110110110001111001011110101111000111111000101011101001101010100110010101011011000101000100011010011010111110111001000
10110111110001011001100011110111011101001111011110110110001111000100010100001011001111100001101101001101010100110010101011011000101000100011010011010111110111001000
10110111110001011001100011110111011101001111011110110110001100010100010100001011001111101110111001001101010100110010101011011000101000100011010011010111110111001000
10110111110001011001100011110111011101001111011110110110001101010110101001100011001111101110111001001101010100110010101011011000101000100011010011010111110111001000
10110111110001011001100011110111011101001111011110110110001110001001000100001011001111101110111001001101010100110010101011011000101000100011010011010111110111001000
10110111110001011001100011110111011101001111011110110110110001101010101001100011001111101110111001001101010100110010101011011000101000100011010011010111110111001000
10110111110001011001100011110111011101001111011110110111011001010110101001100011001111101110111001001101010100110010101011011000101000100011010011010111110111001000
10110111110001011001100011110111011101001111011110110110001111110010100010111000111111000101011101001101010100110010101011011000101000100011010011010111110111001000
10110111110001011001100011110111011100110101111000110110001111000100010100001011001111101110111001001101010100110010101011011000101000100011010011010111110111001000
00000111110001011001100011110111011101001111011110110110001111000100010100001011001111101110111001001101010100110010101011011000101000100011010011010111110111001000
