11110100011000001111111100011100111111000111110111011100101000010011100110111101001010010001010010011111011011101100011101011100001010010001011101000011011000101111
01010000011000001111111100011100111111000111110111011100101000010011100110111101001010010001010010011111011011101100011101011100001010010001011101000011011000101111
11110010011000001111111100011100111111000111110111011100101000010011100110111101001010010001010010011111011011101100011101011100001010010001011101000011011000101111
00010011011000001111111100011100111111000111110111011100101000010011100110111101001010010001010010011111011011101100011101011100001010010001011101000011011000101111
11110100011000001111111100011100111111000111110111011100101000010011100110111101001010010001010010011111011011101100011101011100001010010001011110111011011000101111
11110100011000001111111100011100111111000111110111011100101101001001100110111101001010010001010010011111011011101100011101011100001010010001011101000011011000101111
01110100011000001111111100011100111111000111110111011100101000010011100110111101001010010001010010011111011011101100011101011100001010010001011101000011011000101111
00111010011000001111111100011100111111000111110111011100101000010011100110111101001010010001010010011111011011101100011101011100001010010001011101000011011000101111
01001110011000001111111100011100111111000111110111011100101000010011100110111101001010010001010010011111011011101100011101011100001010010001011101000011011000101111
01110010011000001111111100011100111111000111110111011100101000010011100110111101001010010001010010011111011011101100011101011100001010010001011101000011011000101111
00110111011000001111111100011100111111000111110111011100101000010011100110111101001010010001010010011111011011101100011101011100001010010001011101000011011000101111
11110100011000001111111100011100111111000111110111011100100011100000101011011101001010010001010010011111011011101100011101011100001010010001011101000011011000101111
00111100011000001111111100011100111111000111110111011100101000010011100110111101001010010001010010011111011011101100011101011100001010010001011101000011011000101111
00001001110000001111111100011100111111000111110111011100101000010011100110111101001010010001010010011111011011101100011101011100001010010001011101000011011000101111
11110100011000001111111100011100111111000111111010100010010100010011100110111101001010010001010010011111011011101100011101011100001010010001011101000011011000101111
11110100011000001111111100011100111111000111110111011100101110010011100110111101001010010001010010011111011011101100011101011100001010010001011101000011011000101111
00001001110101001111111100011100111111000111110111011100101000010011100110111101001010010001010010011111011011101100011101011100001010010001011101000011011000101111
00101111011000001111111100011100111111000111110111011100101000010011100110111101001010010001010010011111011011101100011101011100001010010001011101000011011000101111
11010010011000001111111100011100111111000111110111011100101000010011100110111101001010010001010010011111011011101100011101011100001010010001011101000011011000101111
00001001111000001111111100011100111111000111110111011100101000010011100110111101001010010001010010011111011011101100011101011100001010010001011101000011011000101111
00111100010000001111111100011100111111000111110111011100101000010011100110111101001010010001010010011111011011101100011101011100001010010001011101000011011000101111
00100100011000001111111100011100111111000111110111011100101000010011100110111101001010010001010010011111011011101100011101011100001010010001011101000011011000101111
00000111011000001111111100011100111111000111110111011100101000010011100110111101001010010001010010011111011011101100011101011100001010010001011101000011011000101111
10010011011000001111111100011100111111000111110111011100101000010011100110111101001010010001010010011111011011101100011101011100001010010001011101000011011000101111
00111000011000001111111100011100111111000111110111011100101000010011100110111101001010010001010010011111011011101100011101011100001010010001011101000011011000101111
00111001110000001111111100011100111111000111110111011100101000010011100110111101001010010001010010011111011011101100011101011100001010010001011101000011011000101111
11101100011000001111111100011100111111000111110111011100101000010011100110111101001010010001010010011111011011101100011101011100001010010001011101000011011000101111
01111011011000001111111100011100111111000111110111011100101000010011100110111101001010010001010010011111011011101100011101011100001010010001011101000011011000101111
00011111100000001111111100011100111111000111110111011100101000010011100110111101001010010001010010011111011011101100011101011100001010010001011101000011011000101111
01101100011000001111111100011100111111000111110111011100101000010011100110111101001010010001010010011111011011101100011101011100001010010001011101000011011000101111
11100011011000001111111100011100111111000111110111011100101000010011100110111101001010010001010010011111011011101100011101011100001010010001011101000011011000101111
11110100011000001111111100011100111111000111110111011100101000010011100110111101001010010001010010011111011011101100011101011100001010010001011101000011010111001111
