01001100001101001011011001111111111101111000111000101011111000110101010111011101100110011000001110100000001011000000011100110000011111111100001010010101110011001011
01001100001101001011011001111111111101111000111000101011111000011111011010110001110101100110011000001110100000001011000000010100010111101010011000101101110011001011
01001100001101001011011001111111111101111000111000101011111000110101010111011101100110011000001110100000001011000000011100110000010111000110110001010110110011001011
01001100001101001011011001111111111101111000111000101011111000110101010111011101100110011000001110100000001011000000011100110001110101110011010011001100110011001011
01001100001101001011011001111111111101111000111000101011111000011111011010110011001010111111100110011110110011100110100110100011010011110100011100000000110011001011
01001100001101001011011001111111111101111000111000101011111001001111001000101011011101100110011000001110100000001011000000010100010111101010011000101101110011001011
01001100001101001011011001111111111101111000111000101011111000110101010111011101100110011000001110100000001011000000011100110000011111111100001010011011010011001011
01001100001101001011011001111111111101111000111000101011111000011111011010110001110101100110011000001110100000001011000000011100111111010111010110010100110011001011
01001100001101001011011001111111111101111000111000101011111000100110100010100101011001000000011000001110100000001011000000010100010111101010011000101101110011001011
01001100001101001011011001111111111101111000111000101011111000011111011010110001110101100110011000001110100000001011000000011100110000000000101101001010110011001011
01001100001101001011011001111111111101111000111000101011111001111010100011000101101000011100010101000001001001110010001011010111100001100101111101011001010110110100
01001100001101001011011001111111111101111000111000101011111000110101010111011101100110011000001110100000001011000000010100010111100001100101111101011001010110110100
01001100001101001011011001111111111101111000111000101011111000011111011010110001110101100110011000001110100000001011000000010100010111101010011000100111100100001110
01001100001101001011011001111111111101111000111000101011111000110101010111011101100110011000001110100000001011000000011100110000011111111100001010010101111010110100
01001100001101001011011001111111111101111000111000101011111000110101010111011101100110011000001110100000001011000000011100110000011111111100001010011001010110110100
01001100001101001011011001111111111101111000111000101011111001001111001000101011011101100110011000001110100000001011000000010100010111101010011000100111100100001110
01001100001101001011011001111111111101111000111000101011111001101000011101100001001000101101100010101000001001001110010001011010111100001100101111100001010110110100
01001100001101001011011001111111111101111000111000101011111000011111011010110001110101100110011000001110100000001011000000011100110000010001111110101001111010110100
01001100001101001011011001111111111101111000111000101011111000100110100010100101011001000000011000001110100000001011000000010100010111101010011000100111100100001110
01001100001101001011011001111111111101111000111000101011111001011101101000100100101101000011100010101000001001001110010001011010111100001100101111100001010110110100
01001100001101001011011001111111111101111000111000101011111000110101010111011101100110011000001110100000001011000000011100110000011111111100001010011010111100010110
01001100001101001011011001111111111101111000111000101011111000011111011010110001110101100110011000001110100000001011000000010100010111101010011000100111101100110100
01001100001101001011011001111111111101111000111000101011111000011111011010110001110101100110011000001110100000001011000000010100010111101010011000100111100010110100
01001100001101001011011001111111111101111000111000101011111001001111001000101011011101100110011000001110100000001011000000011100110000010001111110101001111010110100
01001100001101001011011001111111111101111000111000101011111000011111011010110001110101100110011000001110100000001011000000010100010111101010011000100101101010110100
01001100001101001011011001111111111101111000111000101011111000100110100010101011011101100110011000001110100000001011000000010100010111101010011000100111100100001110
01001100001101001011011001111111111101111000111000101011111000110101010111011101100110011000001110100000001011000000011100110000010111000110110001010110111100010110
01001100001101001011011001111111111101111000111000101011111000100110100010100101011001000000011000001110100000001011000000011100110000010001111110101001111010110100
01001100001101001011011001111111111101111000111000101011111001001111001000101011011101100110011000001110100000001011000000010100010111101010011000100111101100110100
01001100001101001011011001111111111101111000111000101011111000100110100010101000010101011100010101000001001001110010001011010111100001100101111101011001010110110100
01001100001101001011011001111111111101111000111000101011111000100110100010100101011001000000011000001110100000001011000000010100010111101010011000100111101100110100
01001100001101001011011001111111111101111000111000101011111001001111001000101011011101100110011000001110100000001011000000010100010111101010011000100101101010110100
