01110010110011001011100001001000001110000111001010111010001000100100011110010011111000011111100000001111100011110100001000100100010111110000101011001001001110100110
01110010110011001011100001001000001110000111001010111010001000100100011110010011111000011111100001110011111111100000000101001011000111110000101011001001001110100110
01110010110011001011100001001000001110000111001010111010001000100100011110010011111000011111100001110100001010011110011000100100010111110000101011001001001110100110
01111010100011001011100001001000001110000111001010111010001000100100011110010011111000011111100000001111100011110100001000100100010111110000101011001001001110100110
01110110011001011100001001000001110000111001010111010001000100100011110010011111000011111100001110100001010011110111100010000111001100111000110110101101011111111000
01110010110011001011100001001000001110000111001010111010001000100100011110010011111000011111100001001101010001100011100110000101001100110001110001010100001001011000
11110101000101010010011001011111111111001001100001010110000110010001100101111011110001111110000111001011001000000000110010000111001100111000110110101101011111111000
01111010100011001011100001001000001110000111001010111010001000100100011110010011111000011111100001110011111111100000000101001011000111110000101011001001001110100110
01111010100011001011100001001000001110000111001010111010001000100100011110010011111000011111100001001101010001100011100110000101001100110001110001010100001001011000
01110010110011001011100001001000001110000111001010111010001000100100011110010011111000011111100001111011101011010111100100001001110100110001110001010100001001011000
01110010110011001011100001001000001110000111001010111010001000100100011110010011111000011111100001010110001110001111101001100110100100110001110001010100001001011000
01110110011001011100001001000001110000111001010111010001000100100011110010011111000011111100001110011101011110111110101100100001001100110001110001010100001001011000
11110101000101010010011001011111111111011011011010001000100100011110010011111000011111100001110100001010010100011000010100000111001100111000110110101101011111111000
01110110011001011100001001000001110000111001010111010001000100100011110010011111000011111100001110011111111100000000101001011000011101110101111100111001001110100110
01110110011001011100001001000001110000111001010111010001000100100011110010011111000011111100001110100001000110000001010101000111001100111000110110101101011111111000
11110101000101010010011001011111111111011011011010001000100100011110010011111000011111100001110011111111100000000101001011000111001100111000110110101101011111111000
11110101000101010010011001011111111111011011011010001000100100011110010011111000011111100001011110010000110100011000010100000111001100111000110110101101011111111000
01110010110011001011100001001000001110000111001010111010001000100100011110010011111000011111100001110101000000000100100100001001110100110001110001010100001001011000
01110110011001011100001001000001110000111001010111010001000100100011110010011111000011111100001110011111111100000000110010000111001100111000110110101101011111111000
01110010110011001011100001001000001110000111001010111010001000100100011110010011111000011111100001111011101001110010111000111111001100110001110001010100001001011000
01110010110011001011100001001000001110000111001010111010001000100100011110010011111000011111100001110100001010100000001000100100010111110000101011001001001110100110
01111010100011001011100001001000001110000111001010111010001000100100011110010011111000011111100001010110001110001111101001100110100100110001110001010100001001011000
01111010100011001011100001001000001110000111001010111010001000100100011110010011111000011111100001110100001010011110011000100100010111110000101011001001001110100110
01111010100011001011100001001000001110000111001010111010001000100100011110010011111000011111100001111011101011010111100100001001110100110001110001010100001001011000
01110010110011001011100001001000001110000111001010111010001000100100011110010011111000011111100001110100001010011110101100100001001100110001110001010100001001011000
01111010100011001011100001001000001110000111001010111010001000100100011110010011111000011111100001111011101001110010111000111111001100110001110001010100001001011000
01110110011001011100001001000001110000111001010111010001000100100011110010011111000011111100001111011101011010111100100001001110100111110000101011001001001110100110
01111010100011001011100001001000001110000111001010111010001000100100011110010011111000011111100001110100001010100000001000100100010111110000101011001001001110100110
11110101000101010010011001011111111111001001100001010110000110010001100101111011110001111110000110000001010010100011000010100000111001110000101011001001001110100110
01110010110011001011100001001000001110000111001010111010001000100100011110010011111000011111100001011110010000110100001000100100010111110000101011001001001110100110
01111010100011001011100001001000001110000111001010111010001000100100011110010011111000011111100001110101000000000100100100001001110100110001110001010100001001011000
01110110011001011100001001000001110000111001010111010001000100100011110010011111000011111100001010110000110011000101001101100011111100110001110001010100001001011000
