00100111000111000110101001100001100010100001100100110010010100100011010111110111000000101010010001010111101101010111001000111000010110010000011101110001010111001011
00100111000111000110101001100001100010100001100100110010010000100011010111110111000000101010010001010111101101010111001000111000010110010000011101110001010111001011
00100111000111000110101001100001100010100001100100110010010000111101011010111110111000000100010001010111101101010111001000111000010110010000011101110001010111001011
00100111000111000110101001100001100010100001100100110000011010000100011010111110111000000100010001010111101101010111001000111000010110010000011101110001010111001011
00100111000111000110101001100001100010100001101110111111001100100100011010111110111000000100010001010111101101010111001000111000010110010000011101110001010111001011
00100111000111000110101001100001100010100001100100111101010110100011010111110111000000101010010001010111101101010111001000111000010110010000011101110001010111001011
00100111000111000110101001100001100010100001100100110010010100100011010111110111000000100010001010111101101010111001000111000010110010000011101110001011101111001011
00100111000111000110101001100001100010100001100100110010011101011011111111110101000000010010001010111101101010111001000111000010110010000011101110001011101111001011
00100111000111000110101001100001100010100001100100110010011101011010111110111000000100010001010111101101010111001000111000010110010000011101110001010111000111001011
00100111000111000110101001100001100010100001100100110010011100100100011010111110111000000100010001010111101101010111001000111000010110010000011101110001010111001011
00100111000111000110101001100001100010100001100100110010011101101011011111111110101000000010010001010111101101010111001000111000010110010000011101110001010111001011
00100111000111000110101001100001100010100001100100110010010000100011010111110111000000100010001010111101101010111001000111000010110010000011101110001011101111001011
00100111000111000110101001100001100010100001100100110010010100100011010111110111000000100010001010111101101010111001000111000010110010000011101110001010110111001011
00100111000111000110101001100001100010100001100100110010011101011011111111110101000000010010001010111101101010111001000111000010110010000011101110001010110111001011
00100111000111000110101001100001100010100001100100110010011100111100011010111110111000000100010001010111101101010111001000111000010110010000011101110001010111001011
00100111000111000110101001100001100010100001100100110010001011111100011010111110111000000100010001010111101101010111001000111000010110010000011101110001010111001011
00100111000111000110101001100001100010100001100100110011011010000100011010111110111000000100010001010111101101010111001000111000010110010000011101110001010111001011
00100111000111000110101001100001100010100001100100110010011101001010000011010111101011111010010001010111101101010111001000111000010110010000011101110001010111001011
00100111000111000110101001100001100010100001100100110010010100100011010111110111000000100010001010111101101010111001000111000010110010000011101110001010110001001011
00100111000111000110101001100001100010100001100100110010011101000011010111110111000000101010010001010111101101010111001000111000010110010000011101110001010111001011
00100111000111000110101001100001100010100001100100110010011101011011111111110101000000010010001010111101101010111001000111000010110010000011101110001010110001001011
00100111000111000110101001100001100010100001100100110010011100100011010111110111000000101010010001010111101101010111001000111000010110010000011101110001010111001011
00100111000111000110101001100001100010100001100100110010011101011010111110111000000100010001010111101101010111001000111000010110010000011101110001010100101001001011
00100111000111000110101001100001100010100001100100110010011111011100011010111110111000000100010001010111101101010111001000111000010110010000011101110001010111001011
00100111000111000110101001100001100010100001100100110010010000100011010111110111000000100010001010111101101010111001000111000010110010000011101110001010110111001011
00100111000111000110101001100001100010100001100101101011000011111100011010111110111000000100010001010111101101010111001000111000010110010000011101110001010111001011
00100111000111000110101001100001100010100001100101101011000010010100011010111110111000000100010001010111101101010111001000111000010110010000011101110001010111001011
00100111000111000110101001100001100010100001101110111110011011100100011010111110111000000100010001010111101101010111001000111000010110010000011101110001010111001011
00100111000111000110101001100001100010100001100101101010000100100100011010111110111000000100010001010111101101010111001000111000010110010000011101110001010111001011
00100111000111000110101001100001100010100001100100111101010110100011010111110111000000100010001010111101101010111001000111000010110010000011101110001011101111001011
00100111000111000110101001100001100010100001101110111111101010000100011010111110111000000100010001010111101101010111001000111000010110010000011101110001010111001011
00100111000111000110101001100001100010100001100100111101010110110100011010111110111000000100010001010111101101010111001000111000010110010000011101110001010111001011
