01111011011110010011111011000111101011011000101011111101100101100011001010011100001000010110011000100010100011010000101011110100100000010111001110001100111111010010
01110001000100110011111001011110011100101000101011111101100101100011001010011100001000010110011000100010100011010000101011110100100000010111001110001100111111010010
00001101111010001001001010000000101111001110111001000010110001000011100010010001000010110011000100010100011011111001101001000110110111111001101110001100111111010010
00001100001110010011111011000111101011011000101011111101100101100011001010011100001000010110011000100010100011010000101011110100100000010111001110001100111111010010
11101100001101111001111100111000001110010110001010100100011110011000101100101011000011000111010010000110100110001101010101010000011011100011111011001000000011010010
11101100001101111001111100111000001110010110001010100100011110011000101100101011001101101110001110110000011111110101010010110001011001010001101100100001100011010010
11101100001101111001111100111000001110010110001010100100011110011000101100101011001101101110001110110000011111110101011000110110111110010111011110001100111111010010
00010010001101111001111100111000001110010110001010100100011110011000101100101011001101101110001110110000011111110101010010110001011001010001101100100001100011010010
11101100001101111001111100111000001110010110001010100100011110011000101100101011001101101110001110110000011111110111110101010000011011100011111011001000000011010010
00000111100011100011110111110100101010010110001010100100011110011000101100101011001101101110001110110000011111110101010010110001011001010001101100100001100011010010
00010010001101111001111100111000001110010110001010100100011110011000101100101011001101101110001110110000011111110101011000110110111110010111011110001100111111010010
00010010001101111001111100111000001110010110001010100100011110011000101100101011000011000111010010000110100110001101010101010000011011100011111011001000000011010010
11101100001101111001111100111000001110010110001010100100011110011000101100101011000100111011010010000110100110001101010101010000011011100011111011001000000011010010
00000111100011100011110111110100101010010110001010100100011110011000101100101011000011000111010010000110100110001101010101010000011011100011111011001000000011010010
11101100001101111001111100111000001110010110001010100100011110011000101100101011001101101110001110110000011111110101011000110110111110000001100011000001100011010010
00001101111010001001001010000000101111001110111001000010110001000011100010010001001100011010010000110100110001101001001100001010000100101000000100100001100011010010
00010010001101111001111100111000001110010110001010100100011110011000101100101011001101101110001110110000011111110111110101010000011011100011111011001000000011010010
00000111100011100011110111110100101010010110001010100100011110011000101100101011001101101110001110110000011111110101011000110110111110010111011110001100111111010010
11101100001101111001111100111000001110010110001010100100011110011000101100101011001101101110001110110000011111110101011000110110111110000110111001000110111111010010
00001101111010001001001010000000101111001110111001000010110001000011100010010001001100011010010000110100110001101101010101010000011011100011111011001000000011010010
01111011011110010011111011000111101011011000101011111101100101100011001010011100001000010110011000100010100011010000101011110100100000010111001111010010100110100010
00010010001101111001111100111000001110010110001010100100011110011000101100101011000100111011010010000110100110001101010101010000011011100011111011001000000011010010
00010010001101111001111100111000001110010110001010100100011110011000101100101011001101101110001110110000011111110101011000110110111110000001100011000001100011010010
00000111100011100011110111110100101010010110001010100100011110011000101100101011001101101110001110110000011111110111110101010000011011100011111011001000000011010010
11101100001101111001111100111000001110010110001010100100011110011000101100101011001101101110001110110000011111101001110101010000011011100011111011001000000011010010
01001111001110010011111011000111101011011000101011111101100101100011001010011100001000010110011000100010100011010000101011110100100000010111001110001100111111010010
11101100001101111001111100111000001110010110001010100100011110011000101100101011000100110011000100010100011011111001101001000110110111111001101110001100111111010010
11101100001101111001111100111000001110010110001010100100011110011000101100101011000011000111010010000110100110001101001001100001010000100101000000100001100011010010
00000111100011100011110111110100101010010110001010100100011110011000101100101011000100111011010010000110100110001101010101010000011011100011111011001000000011010010
01110001000100110011111001011110011100101000101011111101100101100011001010011100001000010110011000100010100011010000101011110100100000010111001111010010100110100010
00001100001110010011111011000111101011011000101011111101100101100011001010011100001000010110011000100010100011010000101011110100100000010111001111010010100110100010
01001111001110010011111011000111101011011000101011111101100101100011001010011100001000010110011000100010100011010000101011110100100000010111001111010010100110100010
