00110011000100110111101110100011011011011111101010011010011110101101001110011011101000010110110010000001110011101000100111100000111010010111111101111000110111100001
11100011000100110111101110100011011011011111101010011010011110101101001110011011101000010110110010000001110011101000100111100000111010010111111101111000110111100001
11101110000100110111101110100011011011011111101010011010011110101101001110011011101000010110110010000001110011101000100111100000111010010111111101111000110111100001
01000110000100110111101110100011011011011111101010011010011110101101001110011011101000010110110010000001110011101000100111100000111010010111111101111000110111100001
00011101000100110111101110100011011011011111101010011010011110101101001110011011101000010110110010000001110011101000100111100000111010010111111101111000110111100001
00001111000100110111101110100011011011011111101010011010011110101101001110011011101000010110110010000001110011101000100111100000111010010111111101111000110111100001
11101010101010110111101110100011011011011111101010011010011110101101001110011011101000010110110010000001110011101000100111100000111010010111111101111000110111100001
01000111000100110111101110100011011011011111101010011010011110101101001110011011101000010110110010000001110011101000100111100000111010010111111101111000110111100001
00110011000100110111101110101101011011011111101010011010011110101101001110011011101000010110110010000001110011101000100111100000111010010111111101111000110111100001
00110011000100110111101110100011001101101111101010011010011110101101001110011011101000010110110010000001110011101000100111100000111010010111111101111000110111100001
00111110000100110111101110100011011011011111101010011010011110101101001110011011101000010110110010000001110011101000100111100000111010010111111101111000110111100001
00001110000100110111101110100011011011011111101010011010011110101101001110011011101000010110110010000001110011101000100111100000111010010111111101111000110111100001
00110010000111110111101110100011011011011111101010011010011110101101001110011011101000010110110010000001110011101000100111100000111010010111111101111000110111100001
00110001100100110111101110100011011011011111101010011010011110101101001110011011101000010110110010000001110011101000100111100000111010010111111101111000110111100001
01000100010100110111101110100011011011011111101010011010011110101101001110011011101000010110110010000001110011101000100111100000111010010111111101111000110111100001
00110010000100110111101110100011011011011111101010011010011110101101001110011011101000010110110010000001110011101000100111100000111010010111111101111000110111100001
00110011000100110111101110100011011011011111101010011010011110101100101010111100001000010110110010000001110011101000100111100000111010010111111101111000110111100001
00011101000100010111101110100011011011011111101010011010011110101101001110011011101000010110110010000001110011101000100111100000111010010111111101111000110111100001
00010011100100110111101110100011011011011111101010011010011110101101001110011011101000010110110010000001110011101000100111100000111010010111111101111000110111100001
00110010001100110111101110100011011011011111101010011010011110101101001110011011101000010110110010000001110011101000100111100000111010010111111101111000110111100001
11100100110100110111101110100011011011011111101010011010011110101101001110011011101000010110110010000001110011101000100111100000111010010111111101111000110111100001
00110001101001111000110011100011011011011111101010011010011110101101001110011011101000010110110010000001110011101000100111100000111010010111111101111000110111100001
01111011000100110111101110100011011011011111101010011010011110101101001110011011101000010110110010000001110011101000100111100000111010010111111101111000110111100001
11101010010100110111101110100011011011011111101010011010011110101101001110011011101000010110110010000001110011101000100111100000111010010111111101111000110111100001
01000011000100110111101110100011011011011111101010011010011110101101001110011011101000010110110010000001110011101000100111100000111010010111111101111000110111100001
00110011000100110111101110111000101011011111101010011010011110101101001110011011101000010110110010000001110011101000100111100000111010010111111101111000110111100001
11101011000100110111101110100011011011011111101010011010011110101101001110011011101000010110110010000001110011101000100111100000111010010111111101111000110111100001
00110011000010110111101110100011011011011111101010011010011110101101001110011011101000010110110010000001110011101000100111100000111010010111111101111000110111100001
11101101111110110111101110100011011011011111101010011010011110101101001110011011101000010110110010000001110011101000100111100000111010010111111101111000110111100001
11101010000100110111101110100011011011011111101010011010011110101101001110011011101000010110110010000001110011101000100111100000111010010111111101111000110111100001
00110011111011110111101110100011011011011111101010011010011110101101001110011011101000010110110010000001110011101000100111100000111010010111111101111000110111100001
00110011000100110111101110100011011011011111101010011010011110101101001110011011101000010110110010011001010011101000100111100000111010010111111101111000110111100001
