00110101111110111001000100111011000011010111000000100110010000100000011010101001110010000011011010111010011111110101101110100100111000101101111000011101100111011101
00110101111110111001000100111011000011010111000000100110010000100000011011010010010010000011011010111010011111110101101110100100111000101101111000011101100111011101
00110101111110111001000100111011000011010111000000100110010000100000011010000101110010000011011010111010011111110101101110100100111000101101111000011101100111011101
00110101111110111001000100111011000011010111101001100001001001101001000010101001110010000011011010111010011111110101101110100100111000101101111000011101100111011101
00110101111110111001000100111011000011010111000000100110010000100000011011010011111101011111010000111101011111110101101110100100111000101101111000011101100111011101
00110101111110111001000100111011000011010111000000100110010000100000011010101101111101011111010000111101011111110101101110100100111000101101111000011101100111011101
00110101111110111001000100111011000011010111000000100110010000100000011010010111011110000011011010111010011111110101101110100100111000101101111000011101100111011101
00110101111110111001000100111011000011010111000000100110010000100000011011010111011110000011011010111010011111110101101110100100111000101101111000011101100111011101
00110101111110111001000100111011000011010111000000100110010000100000011111001001011110000011011010111010011111110101101110100100111000101101111000011101100111011101
00110101111110111001000100111011000011010111000000100110010000100001000010101001110010000011011010111010011111110101101110100100111000101101111000011101100111011101
00110101111110111001000100111011000011010111000000100110010000100000110100001110010010000011011010111010011111110101101110100100111000101101111000011101100111011101
00110101111110111001000100111011000011010111000000100110010000100000111101001001111001100011011010111010011111110101101110100100111000101101111000011101100111011101
00110101111110111001000100111011000011010111000000100110010000100000000110000110101001100011011010111010011111110101101110100100111000101101111000011101100111011101
00110101111110111001000100111011000011010111000000100110010000100000010110001001011001010011011010111010011111110101101110100100111000101101111000011101100111011101
00110101111110111001000100111011000011010111000000100110010000100000011011101001110010000011011010111010011111110101101110100100111000101101111000011101100111011101
00110101111110111001000100111011000011010111000000100110010000100000011011000110110010000011011010111010011111110101101110100100111000101101111000011101100111011101
00110101111110111001000100111011000011010111000000100110010000100000011000001001001010000011011010111010011111110101101110100100111000101101111000011101100111011101
00110101111110111001000100111011000011010111000000100110010000100000011010000101011110000011011010111010011111110101101110100100111000101101111000011101100111011101
00110101111110111001000100111011000011010111000000100110010000100000000010101001110010000011011010111010011111110101101110100100111000101101111000011101100111011101
00110101111110111001000100111011000011010111000000100110010000100000110111000001110010000011011010111010011111110101101110100100111000101101111000011101100111011101
00110101111110111001000100111011000011010111000000100110010000100000011011000110000110111111011010111010011111110101101110100100111000101101111000011101100111011101
00110101111110111001000100111011000011010111000000100110010000100000111111111011101110000011011010111010011111110101101110100100111000101101111000011101100111011101
00110101111110111001000100111011000011010111000000100110010000100000011011000111110010000011011010111010011111110101101110100100111000101101111000011101100111011101
00110101111110111001000100111011000011010111000000100110010000100000011011000011111101011111010000111101011111110101101110100100111000101101111000011101100111011101
00110101111110111001000101010010010111110111101001100001001001101001000010101001110010000011011010111010011111110101101110100100111000101101111000011101100111011101
00110101111110111001000100111011000011010111000000100110010000100000011011011100010110111111011010111010011111110101101110100100111000101101111000011101100111011101
00110101111110111001000100111011000011010111000000100110010000100000111100111001110010000011011010111010011111110101101110100100111000101101111000011101100111011101
00110101111110111001000100111011000011010111000000100110010000100000011000001001100111111101101000111010011111110101101110100100111000101101111000011101100111011101
00110101111110111001000100111011000011010111000000100110010000100000011011111110110111111011010111010011111110101101110100100111000101100111011100011000111100011110
00110101111110111001000100111011000011010111000000100110010000100000011011010011110010000011011010111010011111110101101110100100111000101101111000011101100111011101
00110101111110111001000100111011000011010111000000100110010000100000011010001110110001100011011010111010011111110101101110100100111000101101111000011101100111011101
00110101111110111001000100111011000011010111000000100110010000100001110011000011111101011111010000111101011111110101101110100100111000101101111000011101100111011101
