00001100000011100100000111010101011101111111001111110001101101101010000010100101001100101010100101001000011110011010100011100000000010101001111110110111110000011001
00001100000011100100000111010101011101111111001111110001101101101010000010100101001100101010100101001000011110011010100011100000000010010011100010110111110000011001
00001100000011100100000111010101011101111111001111110001101101101010000010100101001100101010100101001000011110011111001110000111111101010101111110110111110000011001
00001100000011100100000111010101011101111111001111110001101101101010000010100101001100101010100101001000011110011010100011100000000010101001100010110111110000011001
00001100000011100100000111010101011101111111001111110001101101101010000010100101001100101010100101001000011110011010100011100000000010101001111111010111110000011001
00001100000011100100000111010101011101111111001111110001101101101010000010100101001100101010100101001000011110011010100011100000000010101001111111010011000001011001
00001100000011100100000111010101011101111111001111110001101101101010000010100101001100101010100101001000011110011010100011100110000001001001111001000010001110011001
00001100000011100100000111010101011101111111001111110001101101101010000010100101001100101010100101001000011110011010100011100000000010101010001001100111110000011001
00001100000011100100000111010101011101111111001111110001101101101010000010100101001100101010100101001000011110011010100011100000000010101001111111011110100100111001
00001100000011100100000111010101011101111111001111110001101101101010000010100101001100101010100101001000011110011010100010011100011010001010000100000111110000011001
00001100000011100100000111010101011101111111001111110001101101101010000010100101001100101010100101001000011110011010100011100000000010101001111111011111101001101001
00001100000011100100000111010101011101111111001111110001101101101010000010100101001100101010100101001000011110011010101011110100000010010011100010110111110000011001
00001100000011100100000111010101011101111111001111110001101101101010000010100101001100101010100101001000011110011010100011100000000010101001111111011001010000011001
00001100000011100100000111010101011101111111001111110001101101101010000010100101001100101010100101001000011110011010100011100000000010101001111111010100000111001001
00001100000011100100000111010101011101111111001111110001101101101010000010100101001100101010100101001000011110011010100011100000000010101001111001000010001110011001
00001100000011100100000111010101011101111111001111110001101101101010000010100101001100101010100101001000011110011011010111001000000010010011100010110111110000011001
00001100000011100100000111010101011101111111001111110001101101101010000010100101001100101010100101001000011110011010100011100000000010101001111111011111110000011001
00001100000011100100000111010101011101111111001111110001101101101010000010100101001100101010100101001000011110011010100011111101000010010011100010110111110000011001
00001100000011100100000111010101011101111111001111110001101101101010000010100101001100101010100101001000011110011010100011100000000010101001111111000001110000011001
00001100000011100100000111010101011101111111001111110001101101101010000010100101001100101010100111101010111110011111001110000111111101010101111110110111110000011001
00001100000011100100000111010101011101111111001111110001101101101010000010100101001100101010100101001000011110011010100011100000000010101001111111010010001110011001
00001100000011100100000111010101011101111111001111110001101101101010000010100101001100101010100101001000011110011010100011100000000010101010111001110100001110011001
00001100000011100100000111010101011101111111001111110001101101101010000010100101001100101010100101001000011110011010100011110010100001001001111001000010001110011001
00001100000011100100000111010101011101111111001111110001101101101010000010100101001100101010100101001000011110011010100011100001000000011011101000111011110000011001
00001100000011100100000111010101011101111111001111110001101101101010000010100101001100101010100101001000011110011010100011100000000010101001111110000001110000011001
00001100000011100100000111010101011101111111001111110001101101101010000010100101001100101010100101001000011110011010100011111101011110100101011000110111110000011001
00001100000011100100000111010101011101111111001111110001101101101010000010100101001100101010100101001000011110011010101011110110010000010101000001000111110000011001
00001100000011100100000111010101011101111111001111110001101101101010000010100101001100101010100101001000011110011010100011100001000000011011101000110111110000011001
00001100000011100100000111010101011101111111001111110001101101101010000010100101001100101010100101001000011110011010101011101011001100011001111110110111110000011001
00001100000011100100000111010101011101111111001111110001101101101010000010100101001100101010100101001000011110011010100011100000000010101001111111010100001110011001
00001100000011100100000111010101011101111111001111110001101101101010000010100101001100101010100101001000011110011010100011100000000010101001111111010100000111111001
00001100000011100100000111010101011101111111001111110001101101101010000010100101001100101010100101001000011110011010100011100000000010101001110100100000000111100011
