01000111000101010100111101100100001101101101010101100011000001111010011000000011001101101001111001011000110010001100010000011100110101111101101011010010010000100100
01000111000101010100111101100100001101101101010101100011000001111010011000000011001101101001111001011000110010001100010000011100110101111101101011010011110111000100
00000011000101010100111101100100001101101101010101100011000001111010011000000011001101101001111001011000110010001100010000011100110101111101101011010010010000100100
01000111000101010100111101100100001101101101010101100011000001111010011000000011001101101001111001011000110010001100010000011100110101111101101011010010011001100100
01000111000101010100111101100100001101101101010101100011000001111010011000000011001101101001111001011000110010001100010000011100110101111101101011010010011000001100
01000111000101010100111101100100001101101101010101100011000001111010011000000011001101101001111001011000110010001100010000011100110101111101101011010010011000110100
01000111000101010100111101100100001101101101010101100011000001111010011000000011001101101001111001011000110010001100010000011100110101111101101011010010011111000100
01000111000101010100111101100100001101101101010101100011000001111010011000000011001101101001111001011000110010001100010000011100110101111101101011010010011110001100
01000111000101010100111101100100001101101101010101100011000001111010011000000011001101101001111001011000110010001100010000011100110101111101101011010010110111000100
01000111000101010100111101100100001101101101010101100011000001111010011000000011001101101001111001011000110010001100010000011100110101111101101011010010010110100100
01000111000101010100111101100100001101101101010101100011000001111010011000000011001101101001111001011000110010001100010000011100110101111101101011011111000000010100
00000001110001000100111101100100001101101101010101100011000001111010011000000011001101101001111001011000110010001100010000011100110101111101101011010010010000100100
01000111000101010100111101100100001101101101010101100011000001111010011000000011001101101001111001011000110010001100010000011100110101111101101010001001001010110000
01000111000101010100111101100100001101101101010101100011000001111010011000000011001101101001111001011000110010001100010000011100110101111101101011010010011000001111
01000111000101010100111101100100001101101101010101100011000001111010011000000011001101101001111001011000110010001100010000011100110101111101101011010010010001100100
01000111000101010100111101100100001101101101010101100011000001111010011000000011001101101001111001011000110010001100010000011100110101111101101011010010011110101110
01000111000101010100111101100100001101101101010101100011000001111010011000000011001101101001111001011000110010001100010000011100110101111101101011010010010011110110
01000111000101010100111101100100001101101101010101100011000001111010011000000011001101101001111001011000110010001100010000011100110101111101101011010010010100001010
01000111000101010100111101100100001101101101010101100011000001111010011000000011001101101001111001011000110010001100010000011100110101111101101011010011000000010100
01000111000101010100111101100100001101101101010101100011000001111010011000000011001101101001111001011000110010001100010000011100110100111011010110001001001010110000
01000111000101010100111101100100001101101101010101100011000001111010011000000011001101101001111001011000110010001100010000011100110101111101101011000011101110110100
01000111000101010100111101100100001101101101010101100011000001111010011000000011001101101001111001011000110010001100010000011100110101111101101011000010010000100100
01000111000101010100111101100100001101101101010101100011000001111010011000000011001101101001111001011000110010001100010000011100110101111101101011010010011000000100
01000111000101010100111101100100001101101101010101100011000001111010011000000011001101101001111001011000110010001100010000011100110101111101101011010010011110111000
01000111000101010100111101100100001101101101010101100011000001111010011000000011001101101001111001011000110010001100010000011100110101111101101011010010011100010100
00000011000101010100111101100100001101101101010101100011000001111010011000000011001101101001111001011000110010001100010000011100110101111101101011010011110111000100
01000111000101010100111101100100001101101101010101100011000001111010011000000011001101101001111001011000110010001100010000011100110101111101101011010010010010110100
00001110010011011100111101100100001101101101010101100011000001111010011000000011001101101001111001011000110010001100010000011100110101111101101011010010010000100100
01000111000101010100111101100100001101101101010101100011000001111010011000000011001101101001111001011000110010001100010000011100110101111101101111111101010000100100
00000000100111101010111101100100001101101101010101100011000001111010011000000011001101101001111001011000110010001100010000011100110101111101101011010010010000100100
00111111000101010100111101100100001101101101010101100011000001111010011000000011001101101001111001011000110010001100010000011100110101111101101011010010010000100100
01000111000101010100111101100100001101101101010101100011000001111010011000000011001101101001111001011000110010001100010000011100110101111101101011000001010000100100
