00101101010000001111110110110111100100111101111101101100111010000000001100111001111100011011100100010000010001010101110111100001001001011111000001110101011000100111
00101101010000001111110110110111100100111101111101101100111010000000001100111001111100011011100100010000010001010101110111100001001001011111000001110110011101011101
00101101010000001111110110110111100100111101111101101100111010000000001100111001111100011011100100010000010001010101110111100001001000110011010010110101011000100111
00101101010000001111110110110111100100111101111101101100111010000000001100111001111100011011100100010000010001010101110111100001001001010000100000100101011000100111
00101101010000001111110110110111100100111101111101101100111010000000001100111001111100011011100100010000010001010101110111100001001000110011010111110101011000100111
00101101010000001111110110110111100100111101111101101100111010000000001100111001111100011011100100010000010001010101110111100001001000110011011000100101011000100111
00101101010000001111110110110111100100111101111101101100111010000000001100111001111100011011100100010000010001010101110111100001001000110011010010110110011101011101
00101101010000001111110110110111100100111101111101101100111010000000001100111001111100011011100100010000010001010101110111100001001001010000011010110101011000100111
00101101010000001111110110110111100100111101111101101100111010000000001100111001111100011011100100010000010001010101110111100001001000100011010111110101011000100111
00101101010000001111110110110111100100111101111101101100111010000000001100111001111100011011100100010000010001010101110111100001001000110011011010110101011000100111
00101101010000001111110110110111100100111101111101101100111010000000000001100111001111100011011100100010000010001010101110111100001001001010000001000101011000100111
00101101010000001111110110110111100100111101111101101100111010000000001100111001111100011011100100010000010001010101110111100001001001010000101110110101011000100111
00101101010000001111110110110111100100111101111101101100111010000000000001100111001111100011011100100010000010001010101110111100001001000001101110110101011000100111
00101101010000001111110110110111100100111101111101101100111010000000001100111001111100011011100100010000010001010101110111100001001000100011101110110101011000100111
00101101010000001111110110110111100100111101111101101100111010000000001100111001111100011011100100010000010001010101110111100001001000100011110111101101011000100111
00101101010000001111110110110111100100111101111101101100111010000000001100111001111100011011100100010000010001010101110111100001001000110010011010110101011000100111
00101101010000001111110110110111100100111101111101101100111010000000000001100111001111100011011100100010000010001010101110111100001001000110011010110101011000100111
00101101010000001111110110110111100100111101111101101100111010000000001100111001111100011011100100010000010001010101110111100001001011010110011001110101011000100111
00101101010000001111110110110111100100111101111101101100111010000000001100111001111100011011100100010000010001010101110111100001001000110000011001111111011000100111
00101101010000001111110110110111100100111101111101101100111010000000000001100111001111100011011100100010000010001010101110111100001001001011111000111101110000011011
00101101010000001111110110110111100100111101111101101100111010000000000001100111001111100011011100100010000010001010101110111100001001001011111000001110111110100110
00101101010000001111110110110111100100111101111101101100111010000000001100111001111100011011100100010000010001010101110111100001001001011111000001110110011110100110
00101101010000001111110110110111100100111101111101101110010010111110000001100111001111100011011100100010000010001010101110111100001001001011111000001110111110100110
00101101010000001111110110110111100100111101111101101100111010000000001100111001111100011011100100010000010001010101110111100001001000110011010000000000111010111110
00101101010000001111110110110111100100111101111101101100111010000000010001100111001111100011011100100010000010001010101110111100001001001011111000001110111110100110
00101101010000001111110110110111100100111101111101101100111010000000000001100111001111100011011100100010000010001010101110111100001001001010000100111010011110100110
00101101010000001111110110110111100100111101111101100000100101111111010001100111001111100011011100100010000010001010101110111100001001001011111000001110111110100110
00101101010000001111110110110111100100111101111101101100111010000000001100111001111100011011100100010000010001010101110111100001001000110000010001011010011110100110
00101101010000001111110110110111100100111101111101101100111010000000001100111001111100011011100100010000010001010101110111100001001001011111000011001001011110100110
00101101010000001111110110110111100100111101111101101110010010111111010001100111001111100011011100100010000010001010101110111100001001001011111000001110111110100110
00101101010000001111110110110111100100111101111101101100111010000000011001100111001111100011011100100010000010001010101110111100001001001011111000001110111110100110
00101101010000001111110110110111100100111101111101101100111010000000010111100111001111100011011100100010000010001010101110111100001001001011111000001110111110100110
