01101001101011101000000000111111000010100011111110001111001011010010010111111001100001110110110001100011100111011100011001110101100000000111101001111100011110110001
01101001101011101000000000111111000010100011111110001111001011010010010111111001100001110110110001100011100111011100011001110101100000000111101001111100011110111100
01101001101011101000000000111111000010100011111110001111001011010010010111111001100001110110110001100011100111011100011001110101100000001000101011011101011110110001
01101001101011101000000000111111000010100011111110001111001011010010010111111001100001110110110001100011100111011100011001110101100000000111101001111100011110110010
01101001101011101000000000111111000010100011111110001111001011010010010111111001100001110110110001100011100111011100011001110101100000000111101001111100011110111111
01101001101011101000000000111111000010100011111110001111001011010010010111111001100001110110110001100011100111011100011001110101100000000111101001111100011111000110
01101001101011101000000000111111000010100011111110001111001011010010010111111001100001110110110001100011100111011100011001110101100000000111101001111100011111010101
01101001101011101000000000111111000010100011111110001111001011010010010111111001100001110110110001100011100111011100011001110101100000000111101001111100011111011000
01101001101011101000000000111111000010100011111110001111001011010010010111111001100001110110110001100011100111011100011001110101100000000111101001111100011110111000
01101001101011101000000000111111000010100011111110001111001011010010010111111001100001110110110001100011100111011100011001110101100000000111101001111100011110111110
01101001101011101000000000111111000010100011111110001111001011010010010111111000001001110110110001100011100111011100011001110101100000000111101001111100011110110001
01101001101011101000000000111111000010100011111110001111001011010010010111111001100001110110110001100011100111011100011001110101100000000111101001111100011110110011
01101001101011101000000000111111000010100011111110001111001011010010010111111001101001110110110001100011100111011100011001110101100000000111101001111100011110110001
01101001101011101000000000111111000010100011111110001111001011010010010111111010100001110110110001100011100111011100011001110101100000000111101001111100011110110001
01101001101011101000000000111111000010100011111110001111001011010010010111111001100001110110110001100011100111011100011001110101100000000111101001110111010001101100
01101001101011101000000000111111000010100011111110001111001011010010010111111001100001110110110001100011100111011100011001110101100000000001100010101001000100001000
01101001101011101000000000111111000010100011111110001111001011010010010111111001100001110110110001100011100111011100011001110101100000000111101001111100011111000100
01101001101011101000000000111111000010100011111110001111001011010010010111111001100001110110110001100011100111011100011001110101100000000111101001111100011111001011
01101001101011101000000000111111000010100011111110001111001011010010010111111001100001110110110001100011100111011100011001110101100000000111101001111100011111001111
01101001101011101000000000111111000010100011111110001111001011010010010111111001100001110110110001100011100111011100011001110101100000000111101001111111101000001000
01101001101011101000000000111111000010100011111110001111001011010010010111111001100001110110110001100011100111011100011001110101100000000110001000010011010101001111
01101001101011101000000000111111000010100011111110001111001011010010010111111001100001110110110001100011100111011100011001110101100000000101010101100111011110110001
01101001101011101000000000111111000010100011111110001111001011010010010111111001100001110110110001100011100111011100011001110101100000000111101001111100010001101100
01101001101011101000000000111111000010100011111110001111001011010010010111111001100001110110110001100011100111011100011001110101100000101100110000011101011110110001
01101001101011101000000000111111000010100011111110001111001011010010010111111001100001110110110001100011100111011100011001110101100000001000101011011101011111000110
01101001101011101000000000111111000010100011111110001111001011010010010111111001100001110110110001100011100111011100011001110101100000000111101001111100011110110000
01101001101011101000000000111111000010100011111110001111001011010010010111111001100001110110110001100011100111011100011001110101100000000111001000101111001011111000
01101001101011101000000000111111000010100011111110001111001011010010010111111001100001100110110001100011100111011100011001110101100000000111101001111100011110110001
01101001101011101000000000111111000010100011111110001111001011010010010111111001100001110110110001100011100111011100011001110101100000000111101001111100011111010110
01101001101011101000000000111110110110100011111110001111001011010010010111111001100001110110110001100011100111011100011001110101100000000111101001111100011110110001
11011001101011101000000000111111000010100011111110001111001011010010010111111001100001110110110001100011100111011100011001110101100000000111101001111100011110110001
01101000010110000010101101010100100010100011111110001111001011010010010111111001100001110110110001100011100111011100011001110101100000000111101001111100011110110001
