00001010000100101011110000111001101100111011000011111101011111100101111100011111111001101010010010011111010011001111110010100010110000101110001101010010110111000110
00001010000100101011110000111001101100111011000011111101011111100101111100011111111001101010010010011111011010011111010000100010110000101110001101010010110111000110
00001010000100101011110000111001101100111011000011111101011111100101111100011111111001101010010010011111011010010000001101101000011110010011100011010111010111000110
00001010000100101011110000111001101100111011000011111101011111100101111100011111111001101010010010011111011011001111110010100010110000101110001101010010110111000110
00001010000100101011110000111001101100111011000011111101011111100101111100011111111001101010010010011111011010010110010001100000000010111001101011010111010111000110
00001010000100101011110000111001101100111011000011111101011111100101111100011111111001101010010010011000011111010110000011100000000010111001101011010111010111000110
00001010000100101011110000111001101100111011000011111101011111100101111100011111111001101010010010011111011010010000000000100010110000101110001101010010110111000110
00001010000100101011110000111001101100111011000011111101011111100101111100011111111001101010010010011000011110011111010000100010110000101110001101010010110111000110
00001010000100101011110000111001101100111011000011111101011111100101111100011111111001101011010000101101001101110101110010100010110000101110001101010010110111000110
00001010000100101011110000111001101100111011000011111101011111100101111100011111111001101010010010011111011010010000001010100010110000101110001101010010110111000110
00001010000100101011110000111001101100111011000011111101011111100101111100011111111001101010010010100110110001101000000000100010110000101110001101010010110111000110
00001010000100101011110000111001101100111011000011111101011111100101111100011111111001101010010010011111011010010000001101100100101101010110111011010111010111000110
00001010000100101011110000111001101100111011000011111101011111100101111100011111111001101010010010011111011010010000001101100100101000000101001100101000000100110111
00001010000100101011110000111001101100111011000011111101011111100101111100011111111001101010010010011111011010010000001101100100101000000101001100101000000001000110
00001010000100101011110000111001101100111011000011111101011111100101111100011111111001101010010010011000011110111110110000100010110000101110001101010010110111000110
00001010000100101011110000111001101100111011000011111101011111100101111100011111111001101010010010011111011010010000001101101001011100100001101011010111010111000110
00001010000100101011110000111001101100111011000011111101011111100101111100011111111001101010010010011111011010011011011000100010110000101110001101010010110111000110
00001010000100101011110000111001101100111011000011111101011111100101111100011111111001101010010010011111011011011101110000100010110000101110001101010010110111000110
00001010000100101011110000111001101100111011000011111101011111100101111100011111111001101010010010011000011101100101001000100010110000101110001101010010110111000110
00001010000100101011110000111001101100111011000011111101011111100101111100011111111001101010010010011000011111010110010001100000000010111001101011010111010111000110
00001010000100101011110000111001101100111011000011111101011111100101111100011111111001101010000010100100110001101000000000100010110000101110001101010010110111000110
00001010000100101011110000111001101100111011000011111101011111100101111100011111111001101010010010011111011010010000110011001011011010100001101011010111010111000110
00001010000100101011110000111001101100111011000011111101011111100101111100011111111001101010010010011111011010011011010010100010110000101110001101010010110111000110
00001010000100101011110000111001101100111011000011111101011111100101111100011111111001101010010010011111011011011001110010100010110000101110001101010010110111000110
00001010000100101011110000111001101100111011000011111101011111100101111100011111111001101010010010011111011010101001010000100010110000101110001101010010110111000110
00001010000100101011110000111001101100111011000011111101011111100101111100011111111001101010010010011000010001000011001010100010110000101110001101010010110111000110
00001010000100101011110000111001101100111011000011111101011111100101111100011111111001101010010010011111011011100111001110100010110000101110001101010010110111000110
00001010000100101011110000111001101100111011000011111101011111100101111100011111111001101010010010011111011010010011101000100010110000101110001101010010110111000110
00001010000100101011110000111001101100111011000011111101011111100101111100011111111001101010010010011111011010010000001101100000000010111001101011010111010111000110
00001010000100101011110000111001101100111011000011111101011111100101111100011111111001101010010010011111011010010001110000100010110000101110001101010010110111000110
00001010000100101011110000111001101100111011000011111101011111100101111100011111111001101010010010011111011000111000110000100010110000101110001101010010110111000110
00001010000100101011110000111001101100111011000011111101011111100101111100011111111001101010010010011111011010010000001101100100101000000101001100101000000101000100
