10110010111001111011011001000001101001001001101111000000000001011100111011000111100111010111110110001111111000100100001001000010101000011101101011100011111111011101
10110010111001111011011001000001101001001001101110010000000001011100111011000111100111010111110110001111111000100100001001000010101000011101101011100011111111011101
10110011110011111011011001000001101001001001101111000000000001011100111011000111100111010111110110001111111000100100001001000010101000011101101011100011111111011101
00100010111001111011011001000001101001001001101111000000000001011100111011000111100111010111110110001111111000100100001001000010101000011101101011100011111111011101
10110011111001111011011001000001101001001001101111000000000001011100111011000111100111010111110110001111111000100100001001000010101000011101101011100011111111011101
10111010111001111011011001000001101001001001101111000000000001011100111011000111100111010111110110001111111000100100001001000010101000011101101011100011111111011101
00101010111001111011011001000001101001001001101111000000000001011100111011000111100111010111110110001111111000100100001001000010101000011101101011100011111111011101
10110010111001111011011001000001101001001001101111000000000001000101111011000111100111010111110110001111111000100100001001000010101000011101101011100011111111011101
00100011101001111011011001000001101001001001101111000000000001011100111011000111100111010111110110001111111000100100001001000010101000011101101011100011111111011101
00100010101101000011011001000001101001001001101111000000000001011100111011000111100111010111110110001111111000100100001001000010101000011101101011100011111111011101
00001000111001111011011001000001101001001001101111000000000001011100111011000111100111010111110110001111111000100100001001000010101000011101101011100011111111011101
10000010111001111011011001000001101001001001101111000000000001011100111011000111100111010111110110001111111000100100001001000010101000011101101011100011111111011101
11010010111001111011011001000001101001001001101111000000000001011100111011000111100111010111110110001111111000100100001001000010101000011101101011100011111111011101
10110000010111001111011011001000001101001001001101111000000001011100111011000111100111010111110110001111111000100100001001000010101000011101101011100011111111011101
10110010111001111011011001000001101001001001101111000000001011100111011000111100111010111110110001111111000100100001001000010101000011101101011100011111111111011101
01010110101001111011011001000001101001001001101111000000000001011100111011000111100111010111110110001111111000100100001001000010101000011101101011100011111111011101
10111010100111001111011011001000001101001001001101111000000001011100111011000111100111010111110110001111111000100100001001000010101000011101101011100011111111011101
01010010111001111011011001000001101001001001101111000000000001011100111011000111100111010111110110001111111000100100001001000010101000011101101011100011111111011101
10110010111001111011011001000001101001001001101111000000001001011100111011000111100111010111110110001111111000100100001001000010101000011101101011100011111111011101
10110010111001111011011001000001101001001001101111000000000111001100111011000111100111010111110110001111111000100100001001000010101000011101101011100011111111011101
00101011111111000011011001000001101001001001101111000000000001011100111011000111100111010111110110001111111000100100001001000010101000011101101011100011111111011101
10001100010111001111011011001000001101001001001101111000000001011100111011000111100111010111110110001111111000100100001001000010101000011101101011100011111111011101
10001100000011111011011001000001101001001001101111000000000001011100111011000111100111010111110110001111111000100100001001000010101000011101101011100011111111011101
11010100111001111011011001000001101001001001101111000000000001011100111011000111100111010111110110001111111000100100001001000010101000011101101011100011111111011101
11111010111001111011011001000001101001001001101111000000000001011100111011000111100111010111110110001111111000100100001001000010101000011101101011100011111111011101
10110011110010100011011001000001101001001001101111000000000001011100111011000111100111010111110110001111111000100100001001000010101000011101101011100011111111011101
01111101111001111011011001000001101001001001101111000000000001011100111011000111100111010111110110001111111000100100001001000010101000011101101011100011111111011101
10110011000100001011011001000001101001001001101111000000000001011100111011000111100111010111110110001111111000100100001001000010101000011101101011100011111111011101
01101000111001111011011001000001101001001001101111000000000001011100111011000111100111010111110110001111111000100100001001000010101000011101101011100011111111011101
00100011100001111011011001000001101001001001101111000000000001011100111011000111100111010111110110001111111000100100001001000010101000011101101011100011111111011101
10110011111001000011011001000001101001001001101111000000000001011100111011000111100111010111110110001111111000100100001001000010101000011101101011100011111111011101
10110010111001111011000000100110001001001001101111000000000001011100111011000111100111010111110110001111111000100100001001000010101000011101101011100011111111011101
