00111010100100001111110101000011100011110110100101001001001110001101011111110110101011101010101110100110010001111011100011110011100111110001011111110010111010101110
00111010100100001111110101000011100011110110100101001000000100111110000000101101101101000011000001000001111011100011110011100111110001011100011111110010111010101110
00111011100010010000101010100001011001000111011001010011100100100010101100110101110111100010111000110110010001111011100011110011100111110001011111110010111010101110
00111010100100001111110101000011100000000110001000110101101100011101110000001000011010001011010110010001111011100011110011100111110001011100011111110010111010101110
00111010100100001111110101000011100011110110100101001000000100111110000000101100100010111100001100010001111011100011110011100111110001011100011111110010111010101110
00111011100010010000101010100001011001000111011001010011100100100010101100110101110111100010111100001100010001111011100011110011100111110001011111110010111010101110
00111010100100001111110101000011100011110110100101001000010101101111101110000110000001001100101000100101111011100011110011100111110001011100011111110010111010101110
00111010100100001111110101000011100011110110100101001000010101101110111111110110101011101010101110100110010001111011100011110011100111110001011111110010111010101110
00111010100100001111110101000011100011110110100101001000011000011101110000001000011010001011010110010001111011100011110011100111110001011100011111110010111010101110
00111011100010010000101010100001011001000111011000010010001101001000110000111101001011000110111101101100010001111011100011110011100111110001011111110010111010101110
00111011100010010000101010100001011001000111011001010011100101111101000100110100100010111100001100010001111011100011110011100111110001011100011111110010111010101110
00111010100100001111110101000011100011110110100101001000010101101111100110010111011001011101000100111110000110011011100011110011100111110001011111110010111010101110
00111010100100001111110101000011100011110110100101001000011000010101100110101011101010101110100110010001111011100011110011100111110001011100011111110010111010101110
00111010100100001111110101000011100011110110100101001000010101100110011011011010110111111100000110001100010001111011100011110011100111110001011111110010111010101110
00111010100100001111110101000011100011110110100101001001001100001011100011001101000101010101010011110101100001111011100011110011100111110001011111110010111010101110
00111010100100001111110101000011100011110110100101001001001100001011100010110111000011111110111110000110011011100011110011100111110001011100011111110010111010101110
00111010100100001111110101000011100011110110100101001001001100001011100010110101011110100010000011110101100001111011100011110011100111110001011111110010111010101110
00111010100100001111110101000011100011110110100101001000011101000100100100010000100010111100001100010001111011100011110011100111110001011100011111110010111010101110
00111010100100001111110101000011100011110110100101001001001110001101011111110110101011101010101110100110011001111011100011110011100111110001011111110010111010101110
00111010100100001111110101000011100011110110100101001000000100111111110110101011101010101110100110010001111011100011110011100111110001011100011111110010111010101110
00111010100100001111110101000011100011110110101101101110000011000101011111110110101011101010101110100110010001111011100011110011100111110001011111110010111010101110
00111010100100001111110101000011100011110110100101001001001100001010000010101011101010101110100110010001111011100011110011100111110001011100011111110010111010101110
00111011100010010000101010100001011001000111011000010010001101001000110000111101001101000011000001000001111011100011110011100111110001011100011111110010111010101110
00111010100100001111110101000011100011110110100101001000011101001001100001000101010101010011110101100001111011100011110011100111110001011100011111110010111010101110
00111010100100001111110101000011100011110110100101001000011000010101100110011011101010101110100110010001111011100011110011100111110001011100011111110010111010101110
00111010100100001111110101000011100011110110100101001001001110001111111011110011101011101010101110100110010001111011100011110011100111110001011111110010111010101110
00111011100010010000101010100001011001000111011001010000111111011110001010100000110111111100000110001100010001111011100011110011100111110001011111110010111010101110
00111010100100001111110101000011100011110110101101000101011000000011000001000101010101010011110101100001111011100011110011100111110001011100011111110010111010101110
00111011100010010000101010100001011001000111011001010000111111011110001011100010110111000011111110111110000110011011100011110011100111110001011111110010111010101110
00111010100100001111110101000011100011110110100101001001001110001101011111000010101011101010101110100110010001111011100011110011100111110001011111110010111010101110
00111010100100001111110101000011100011110110100101001001001111010011001101000101010101010011110101100001111011100011110011100111110001011100011111110010111010101110
00111010100100001111110101000011100011110110100101001001001110001111111101001111000000001011101100010100001101111011100011110011100111110001011111110010111010101110
