11110100011000001111111100011100111111000111110111011100101000010011100110111101001010010001010010011111011011101100011101011100001010010001011101000011011000101111
11110100011000001111111100011100111111000111110111011100101000010011100110111101001010010001010010011111011011101100011101011100001010010001011101000011011000111010
11110100011000001111111100011100111111000111110111011100101000010011100110111101001010010001010010011111011011101100011101011100001010010001011101000011011000100110
11110100011000001111111100011100111111000111110111011100101000010011100110111101001010010001010010011111011011101100011101011100001010010001011101000011011000101110
11110100011000001111111100011100111111000111110111011100101000010011100110111101001010010001010010011111011011101100011101011100001010010001011101000011011000100100
11110100011000001111111100011100111111000111110111011100101000010011100110111101001010010001010010011111011011101100011101011100001010010001011101000011011000110010
11110100011000001111111100011100111111000111110111011100101000010011100110111101001010010001010010011111011011101100011101011100001010010001011101000011011000101000
11110100011000001111111100011100111111000111110111011100101000010011100110111101001010010001010010011111011011101100011101011100001010010001011101000011011010010100
11110100011000001111111100011100111111000111110111011100101000010011100110111101001010010001010010011111011011101100011101011100001010010001011101000011011000100111
11110100011000001111111100011100111111000111110111011100101000010011100110111101001010010001010010011111011011101100011101011100001010010001011101000011011000111011
11110100011000001111111100011100111111000111110111011100101000010011100110111101001010010001010010011111011011101100011101011100001010010001011101000011011000110000
11110100011000001111111100011100111111000111110111011100101000010011100110111101001010010001010010011111011011101100011101011100001010010001011101000011000011011110
11110100011000001111111100011100111111000111110111011100101000010011100110111101001010010001010010011111011011101100011101011100001010010001011101000011011001011010
11110100011000001111111100011100111111000111110111011100101000010011100110111101001010010001010010011111011011101100011101011100001010010001011101000011011010010010
11110100011000001111111100011100111111000111110111011100101000010011100110111101001010010001010010011111011011101100011101011100001010010001011101000011011000100000
11110100011000001111111100011100111111000111110111011100101000010011100110111101001010010001010010011111011011101100011101011100001010010001011101000011011001001110
11110100011000001111111100011100111111000111110111011100101000010011100110111101001010010001010010011111011011101100011101011100001010010001011101000011011000110011
11110100011000001111111100011100111111000111110111011100101000010011100110111101001010010001010010011111011011101100011101011100001010010001011101000011011000111000
11110100011000001111111100011100111111000111110111011100101000010011100110111101001010010001010010011111011011101100011101011100001010010001011101000011011000010010
11110100011000001111111100011100111111000111110111011100101000010011100110111101001010010001010010011111011011101100011101011100001010010001011101000011011000100010
11110100011000001111111100011100111111000111110111011100101000010011100110111101001010010001010010011111011011101100011101011100001010010001011101000011011000101011
11110100011000001111111100011100111111000111110111011100101000010011100110111101001010010001010010011111011011101100011101011100001010010001011101000011010110000111
11110100011000001111111100011100111111000111110111011100101000010011100110111101001010010001010010011111011011101100011101011100001010010001011101000011011000011010
11110100011000001111111100011100111111000111110111011100101000010011100110111101001010010001010010011111011011101100011101011100001010010001011101000011011000100001
11110100011000001111111100011100111111000111110111011100101000010011100110111101001010010001010010011111011011101100011101011100001010010001011101000011001010011000
11110100011000001111111100011100111111000111110111011100101000010011100110111101001010010001010010011111011011101100011101011100001010010001011101000011011010011010
11110100011000001111111100011100111111000111110111011100101000010011100110111101001010010001010010011111011011101100011101011100001010010001011101000011011001010010
11110100011000001111111100011100111111000111110111011100101000010011100110111101001010010001010010011111011011101100011101011100001010010001011101000011011000101001
11110100011000001111111100011100111111000111110111011100101000010011100110111101001010010001010010011111011011101100011101011100001010010001011101000011011000110100
11110100011000001111111100011100111111000111110111011100101000010011100110111101001010010001010010011111011011101100011101011100001010010001011101000011011010011011
11110100011000001111111100011100111111000111110111011100101000010011100110111101001010010001010010011111011011101100011101011100001010010001011101001011110000010010
11110100011000001111111100011100111111000111110111011100101000010011100110111101001010010001010010011111011011101100011101011100001010010001011101000011011000101010
