01000100110100111010001101000011100001001110011000010011111110101111000111001010110000111000110100100010110000010000100010001000110011011110010111010010010111100110
01000100110100111010001101000011100001001110011000010011111110101111000111001010110110000111000110100100010110000010000100010001000110011011110010111010010010111101
01000100110100111010001101000011100001001110011000010011111110101111000111001010110000111000110100100010110000010000100010001000110011011110010111010010010111110011
01000100110100111010001101000011100001001110011000010011111110101111000111001010110000111000110100100010110000010000100010001000110011011110010111010010010111111011
01000100110100111010001101000011100001001110011000010011111110101111000111001010110000111000110100100010110000010000100010001000010010011100100101000101101101111011
01000100110100111010001101000011100001001110011000010011111110101111000111001010110000111000110100100010110000010000100010001000110011011110010111010010010110011011
01000100110100111010001101000011100001001110011000010011111110101111000111001010110000111000110100100010110000010000100010001000010010011100100101100100001100000111
01000100110100111010001101000011100001001110011000010011111110101111000111001010110000111000110100100010110000010000100010001000110011011110010111010010010111101011
01000100110100111010001101000011100001001110011000010011111110101111000111001010110000111000110100100010110000010000100010001000010011000000000010111010010010111101
01000100110100111010001101000011100001001110011000010011111110101111000111001010110000111000110100100100010110000010000100010001000110011011110010111010010010111101
01000100110100111010001101000011100001001110011000010011111110101111000111001010110000111000110100100010110000010000100010001000010010000001100001010001110010111101
01000100110100111010001101000011100001001110011000010011111110101111000111001010110000111000110100100010110000010000100010001000010010010100100010010001110010111101
01000100110100111010001101000011100001001110011000010011111110101111000111001010110000111000110100100010110000010000100010001000010010000101110110010000100101111011
01000100110100111010001101000011100001001110011000010011111110101111000111001010110000111000110100100010110000010000100010001000110011011110010111010010011110111011
01000100110100111010001101000011100001001110011000010011111110101111000111001010110000111000110100100010110000010000100010001000110011011110000110010100101000000010
01000100110100111010001101000011100001001110011000010011111110101111000111001010110000111000110100100010110000010000100010001000010010010100100010110000001111101011
01000100110100111010001101000011100001001110011000010011111110101111000111001010110000111000110100100010110000010000100010001000010010011100100101000101110000011011
01000100110100111010001101000011100001001110011000010011111110101111000111001010110000111000110100100010110000010000100010001000010010010100100010010001110100001011
01000100110100111010001101000011100001001110011000010011111110101111000111001010110000111000110100100010110000010000100010001000110110011011110010111010010010111101
01000100110100111010001101000011100001001110011000010011111110101111000111001010110000111000110100100010110000010000100010001000010010010100100010010001110100000010
01000100110100111010001101000011100001001110011000010011111110101111000111001010110000111000110100100010110000010000100010001000110011011110010111010010010100000010
01000100110100111010001101000011100001001110011000010011111110101111000111001010110000111000110100100010110000010000100010001000010010010100100010110000001111100010
01000100110100111010001101000011100001001110011000010011111110101111000111001010110000111000110100100010110000010000100010001000110011011110000110010100101001111011
01000100110100111010001101000011100001001110011000010011111110101111000111001010110001111110001000100100010110000010000100010001000110011011110010111010010010111101
01000100110100111010001101000011100001001110011000010011111110101111000111001010110000111000110100100010110000010000100010001000110011011110000110010100101001110110
01000100110100111010001101000011100001001110011000010011111110101111000111001010110000111000110100100010110000010000100010001000010010111011011001111001101101111011
01000100110100111010001101000011100001001110011000010011111110101111000111001010110000111000110100100010110000010000100010001000110011011110000110010100101000111011
01000100110100111010001101000011100001001110011000010011111110101111000111001010110000111000110100100010110000010000100010001000110011011110010111010010010111101111
01000100110100111010001101000011100001001110011000010011111110101111000111001010110000111000110100100010110000010000100010001001000110011011110010111010010010111101
01000100110100111010001101000011100001001110011000010011111110101111000111001010110000111000110100100010110000010000100010001000110011011110000110010100101000111101
01000100110100111010001101000011100001001110011000010011111110101111000111001010110000111000110100100010110000010000100010001000110011011110010111111101100001111011
01000100110100111010001101000011100001001110011000010011111110101111000111001010110000111000110100100010110000010000100010001000110011011110010111010010010101001011
