11011001000000111111011110101110111011111010100110101010101001100001110000100010000100000101100011100110001001111101110110010010111110000000010000111110000001000111
11011001000000111111011110101110111011111010100110101010101001100001110000100010000100000101100011101101010001111101110110010010111110000000010000111110000001000111
11011001000000111111011110101110111011111010100110101010101001100001110000100010000100000101100011100110001001111110011110010010111110000000010000111110000001000111
10111001000000111111011110101110111011111010100110101010101001100001110000100010000100000101100011100110001001111101110110010010111110000000010000111110000001000111
11011001000000111111011110101110111011111010100110101010101001100001110000100010000100000101100011100110001001111101110110010010111101001111010000111110000001000111
11011001000000111111011110101110111011111010100110101010101001100001110000100010000100000101100011101111100110110110111010010010111110000000010000111110000001000111
11011001000000111111011110101110111011111010100110101010101001100001110000100010000100000101100011100110001000011010100110010010111110000000010000111110000001000111
11011001000000111111011110101110111011111010100110101010101001100001110000100010000100000101100011100110001001111101110110010010101011001000010000111110000001000111
11011001000000111111011110101110111011101010100110101010101001100001110000100010000100000101100011100110001001111101110110010010111110000000010000111110000001000111
11011001000000111111011110101110111011111010100110101010101001100001110000100010000100000101100011100110001001111101110101100101101110000000010000111110000001000111
11011001000000111111011110101110111011111010100110101010101001100001110000100010000100000101110011100110001001111101110110010010111110000000010000111110000001000111
10100101001010111111011110101110111011111010100110101010101001100001110000100010000100000101100011100110001001111101110110010010111110000000010000111110000001000111
11011001000000111111011110101110111011111010100110101010101001100001110000100010000100000101100011100110001001111101110110010010111110000000010000111110111111101000
11011001000000111111011110101110111011111010100110101010101001100001110000100010000100000101100011100110001001111101110110010010110010110000010000111110000001000111
11011001000000111111011110101110111011111010100110101010101001100001110000100010000100000101100011100110001001111101110110010010111110000000011000111110000001000111
11011001001100100110100011111110111011111010100110101010101001100001110000100010000100000101100011100110001001111101110110010010111110000000010000111110000001000111
11011001000000111111011110101110111011111010100110101010101001100001110000100010000100000101100011100110001000011010100101100101101110000000010000111110000001000111
11011001000000111111011110101110111011111010100110101010101001100001110000100010000100000101101101011001110110100110111010010010111110000000010000111110000001000111
11011001000000111101011110101110111011111010100110101010101001100001110000100010000100000101100011100110001001111101110110010010111110000000010000111110000001000111
11011001000000111111011110101110111011111010100110101010101001100001110000100010000100000101100011100110001001111110011110010001001011001000010000111110000001000111
11011001000000111110011110101110111011111010100110101010101001100001110000100010000100000101100011100110001001111101110110010010111110000000010000111110000001000111
11011001000000111111011110101110111011111010100110101010101001100001110000100010000100000101111010101001110110100110111010010010111110000000010000111110000001000111
11011001000000111111011110101110111011111010100110101010101001111001010111010000000100000101100011100110001001111101110110010010111110000000010000111110000001000111
11011001000000111111011110101110111011111010100110101010101001100001110000100010000100000101100011101101010001110110111010010010111110000000010000111110000001000111
11011001000001001000001110101110111011111010100110101010101001100001110000100010000100000101100011100110001001111101110110010010111110000000010000111110000001000111
11011001000000111111011110101110111011111010100110101010101001100001110000100010001100000101100011100110001001111101110110010010111110000000010000111110000001000111
11011001000000111111011110101110111011111010100110101010101001100001110000100010000100000101100011100110001001111100010001100111010101110010010000111110000001000111
11011001000000111111011110101110111011111010100110101010101001100001110000100010000100000101100011100110001001111101111010010010111110000000010000111110000001000111
00111011110000111111011110101110111011111010100110101010101001100001110000100010000100000101100011100110001001111101110110010010111110000000010000111110000001000111
11011001000000111111011111100111100011111010100110101010101001100001110000100010000100000101100011100110001001111101110110010010111110000000010000111110000001000111
11011001000000111111011110101110111011111010100110101010101001100001110000100010000100000101100011101101110011111101110110010010111110000000010000111110000001000111
11011001000000111111011110101110111011111010100110101010101001100001110000100010000100000101100011100011110110100110111010010010111110000000010000111110000001000111
