01000010001110000101000000000110111010011000100100000011001010001110101111100011100100001010101100110100011101010100110111010010101000110001111100000001010110011000
01000010001110000101000000000110111010011000100100000011001010001110101111100011100100001010101100110100011101010100010010101100101101111000100101111111100011100111
01000010001110000101000000000110111010011000100100000011001010001110101111100011100100001010101100110100011101010100110111010010101000110001111100001001011010000110
01000010001110000101000000000110111010011000100100000011001010001110101111100011100100001010101100110100011101010100110111011111010010101111011011000001100011100111
01000010001110000101000000000110111010011000100100000011001010001110101111100011100100001010101100110100011101010100110111010010101000110001111100001001000000001011
01000010001110000101000000000110111010011000100100000011001010001110101111100011100100001011111101110000110001010100110111010010101000110001111100000001010110011000
01000010001110000101000000000110111010011000100100000011001010001110101111100011100100001010110010111011000110100100110111010010101000110001111100000001010110011000
01000010001110000101000000000110111010011000100100000011001010001110101111100011100100001010101100110100011101010100110111010010101000110001111100000001110100110001
01000010001110000101000000000110111010011000100100000011001010001110101111100011100100001010101100110100011101010011100111010010101000110001111100000001010110011000
01000010001110000101000000000110111010011000100100000011001010001110101111100011100100001010101100110100011101001100110111010010101000110001111100000001010110011000
01000010001110000101000000000110111010011000100100000011001010001110101111100011100100001010101100111111101000100100110111010010101000110001111100000001010110011000
01000010001110000101000000000110111010011000100100000011001010001110101111100011100100001010101100110100011101010100110111010010101000110001111100000001001111110100
01000010001110000101000000000110111010011000100100000011001010001110101111100011100100001010101100110100011101010100001001110010111101111000100101111111100011100111
01000010001110000101000000000110111010011000100100000011001010001110101111100011100100001010101100110100011101010101100100001001101101111000100101111111100011100111
01000010001110000101000000000110111010011000100100000011001010001110101111100011100100001010101100110100011110100100110111010010101000110001111100000001010110011000
01000010001110000101000000000110111010011000100100000011001010001110101111100011100100001010101100110100011101010100110111010010101000110001111100001000111101011101
01000010001110000101000000000110111010011000100100000011001010001110101111100011100100001010101100110100011101010100110111010010101000110001111100000001001101011101
01000010001110000101000000000110111010011000100100000011001010001110101111100011100100001010101100110100011101010100110111010010101000110001111100001001001111110100
01000010001110000101000000000110111010011000100100000011001010001110101111100011100100001011111101110001101111110100100110111010010101000110001111100001001000000000
01000010001110000101000000000110111010011000100100000011001010001110101111100011100100001010101100110100011101010100110111011101011000100101100000101010101101100111
01000010001110000101000000000110111010011000100100000011001010001110101111100011100100001000010100100101001111010100110111010010101000110001111100000001010110011000
01000010001110000101000000000110111010011000100100000011001010001110101111100011100100001010101100110100011101010100110111011111011010101000100101111111100011100111
01000010001110000101000000000110111010011000100100000011001010001110101111100011100101011110101100110100011101010100110111010010101000110001111100000001010110011000
01000010001110000101000000000110111010011000100100000011001010001110101111100011100100001010100101101000011110100100110111010010101000110001111100000001010110011000
01000010001110000101000000000110111010011000100100000011001010001110101111100011100100001011110101100111110110100100110111010010101000110001111100000001010110011000
01000010001110000101000000000110111010011000100100000011001010001110101111100011100100001010110010111011000111010100110111010010101000110001111100000001010110011000
01000010001110000101000000000110111010011000100100000011001010001110101111100011100100001010101100110100011101010100110111010010101000110001111100001001001011100001
01000010001110000101000000000110111010011000100100000011001010001110101111100011100100001011111101110001101111110100100110111010010101000110001111100000001001111110
01000010001110000101000000000110111010011000100100000011001010001110101111100011100100001010101100110100011101010100110111010010101000110001111100001001000000001001
01000010001110000101000000000110111010011000100100000011001010001110101111100011100100001011111101110001101111110100110111010010101000110001111100000001010110011000
01000010001110000101000000000110111010011000100100000011001010001110101111100011100100001011111101110001101111110111000111111000100111010001101010000001010110011000
01000010001110000101000000000110111010011000100100000011001010001110101111100011100100001011111101110001101111110111000111111000100111010001101100000001010110011000
