10010100001111010101011110101000100100110011101110001111011101010110001000010100111011000001100101111011101111111010001110001010010100011011000011111100100100111111
10010100001111010101011110101000100100110011101110001111011101010001111000010100111011000001100101111011101111111010001110001010010100011011000011111100100100111111
10010100001111010101011110101000100100110011101110001111011101011111001000010100111011000001100101111011101111111010001110001010010100011011000011111100100100111111
10010100001111010101011110101000100100110011101110001100111001100100111000010100111011000001100101111011101111111010001110001010010100011011000011111100100100111111
10010100001111010100110000001111110000011110111001000010001100101101100000010100111011000001100101111011101111111010001110001010010100011011000011111100100100111111
01001111100111010101011110101000100100110011101110001111011101010110001000010100111011000001100101111011101111111010001110001010010100011011000011111100100100111111
10010100001111010101011110101000100100110011101110001111011101010101111000010100111011000001100101111011101111111010001110001010010100011011000011111100100100111111
10010100001111010101011110101000100100110011101110001110100001010001111000010100111011000001100101111011101111111010001110001010010100011011000011111100100100111111
00001101010111010101011110101000100100110011101110001111011101010110001000010100111011000001100101111011101111111010001110001010010100011011000011111100100100111111
10010100001111010101011110101000100111101001001101111111111000100110001000010100111011000001100101111011101111111010001110001010010100011011000011111100100100111111
10010100001111010110000001111110000011110111001000010001100101101100001000010100111011000001100101111011101111111010001110001010010100011011000011111100100100111111
11101011011111010101011110101000100100110011101110001111011101010110001000010100111011000001100101111011101111111010001110001010010100011011000011111100100100111111
10010100001111010101011110101000100100110011101110001111011101010100100000010100111011000001100101111011101111111010001110001010010100011011000011111100100100111111
10010100001111011011110100111001001100110011101110001111011101010110001000010100111011000001100101111011101111111010001110001010010100011011000011111100100100111111
10010100001111010101011110101000100100110011101110001111011101001010100000010100111011000001100101111011101111111010001110001010010100011011000011111100100100111111
10010100001111010110110001011011011011110100100101011011000001101010001000010100111011000001100101111011101111111010001110001010010100011011000011111100100100111111
10010100001111010101011110101000100100110011101110001111011101001000001000010100111011000001100101111011101111111010001110001010010100011011000011111100100100111111
10010100001111011011110100111001001101110010111101011010100011110010001000010100111011000001100101111011101111111010001110001010010100011011000011111100100100111111
10010100001111010101011110101000100100110011101110001111011101001010111000010100111011000001100101111011101111111010001110001010010100011011000011111100100100111111
11101001111111010101011110101000100100110011101110001111011101010110001000010100111011000001100101111011101111111010001110001010010100011011000011111100100100111111
10010100001111010101011110101000101110001011100011000110011101100001000010100111011000001100101111011101111111010001110001010010100011011000011111100100100100111111
00001101010100110111110011101001000100110011101110001111011101010110001000010100111011000001100101111011101111111010001110001010010100011011000011111100100100111111
10010100001111010101011110101000100100110011101110001100111001100100100000010100111011000001100101111011101111111010001110001010010100011011000011111100100100111111
10010100001111010110001111110100100100110011101110001111011101010110001000010100111011000001100101111011101111111010001110001010010100011011000011111100100100111111
10010100001111010101011110101000100101110001011100011000110011101100001000010100111011000001100101111011101111111010001110001010010100011011000011111100100100111111
10010100001111010101011110101000100100110011101110001111011101001101010000010100111011000001100101111011101111111010001110001010010100011011000011111100100100111111
10010100001111010101011110101000100100110011101110001111011100001000001000010100111011000001100101111011101111111010001110001010010100011011000011111100100100111111
10010100001111010101011110101000100100110011101110001111011101010110001100010100111011000001100101111011101111111010001110001010010100011011000011111100100100111111
10010100001111010101011110101000101110001011100011000110011101100001100000010100111011000001100101111011101111111010001110001010010100011011000011111100100100111111
00001101010101010101011110101000100100110011101110001111011101010110001000010100111011000001100101111011101111111010001110001010010100011011000011111100100100111111
10010100001111010101011110101000100100110011101110001111011101001101010110101110111011000001100101111011101111111010001110001010010100011011000011111100100100111111
10010100001111010101011110101000100100110011101110001111011101010110010000010100111011000001100101111011101111111010001110001010010100011011000011111100100100111111
