00000111001011001000000010000010110000000110111010100010001000011010000101101111110001000111110000100001000001001101000011011011100100010000001001010010000011010110
00000111001011001000000010000010110000000110111010100010001000011010000101101111110001000111110000100001000001001101000011011011100101010000001001010010000011010110
10100111001011001000000010000010110000000110111010100010001000011010000101101111110001000111110000100001000001001101000011011011100100010000001001010010000011010110
10100111001011001000000010000010110000000110111010100010001000011010000101101111110001000111110000100001000001001101000011011011100101010000001001010010000011010110
11100000100010001000000010000010110000000110111010100010001000011010000101101111110001000111110000100001000001001101000011011011100100010000001001010010000011010110
00000111001011001000000010000010110000000110111010100010001000011010000101101111110001000111110000100001000001001101000011011011100101110000001001010010000011010110
00000111001011001000000010000010110000000110111010100010001000011010000101101111110001000111110000100001000001001101000011011011100101011011101001010010000011010110
11100000100010001000000010000010110000000110111010100010001000011010000101101111110001000111110000100001000001001101000011011011100101010000001001010010000011010110
00000111001011001000000010000010110000000110111010100010001000011010000101101111110001000111110000100001000001001101000011011011100100100000001001010010000011010110
11100010001011001000000010000010110000000110111010100010001000011010000101101111110001000111110000100001000001001101000011011011100100010000001001010010000011010110
11100010001011001000000010000010110000000110111010100010001000011010000101101111110001000111110000100001000001001101000011011011100101010000001001010010000011010110
00000111001011001000000010000010110000000110111010100010001000011010000101101111110001000111110000100001000001001101000011011011101101110000001001010010000011010110
11011100100010001000000010000010110000000110111010100010001000011010000101101111110001000111110000100001000001001101000011011011100100010000001001010010000011010110
10100111001011001000000010000010110000000110111010100010001000011010000101101111110001000111110000100001000001001101000011011011100101110000001001010010000011010110
10100111001011001000000010000010110000000110111010100010001000011010000101101111110001000111110000100001000001001101000011011011100101011011101001010010000011010110
00000111001011001000000010000010110000000110111010100010001000011010000101101111110001000111110000100001000001001101000011011011100101011010001001010010000011010110
00000111001011001000000010000010110000000110111010100010001000011010000101101111110001000111110000100001000001001101000011011011100101011011100100010010000011010110
10100111001011001000000010000010110000000110111010100010001000011010000101101111110001000111110000100001000001001101000011011011100100100000001001010010000011010110
11011100100010001000000010000010110000000110111010100010001000011010000101101111110001000111110000100001000001001101000011011011100101010000001001010010000011010110
10100111001011001000000010000010110000000110111010100010001000011010000101101111110001000111110000100001000001001101000011011011101101110000001001010010000011010110
00000111001011001000000010000010110000000110111010100010001000011010000101101111110001000111110000100001000001001101000011011011100111110000001001010010000011010110
11100000111001011001000000010000010110000000110111010100010001000011010000101101111110001000111110000100001000001001101000011011011100100000001001010010000011010110
11100000100010001000000010000010110000000110111010100010001000011010000101101111110001000111110000100001000001001101000011011011100101110000001001010010000011010110
11100000100010001000000010000010110000000110111010100010001000011010000101101111110001000111110000100001000001001101000011011011100101011011101001010010000011010110
10100111001011001000000010000010110000000110111010100010001000011010000101101111110001000111110000100001000001001101000011011011100101011010001001010010000011010110
11100000111001011001000000010000010110000000110111010100010001000011010000101101111110001000111110000100001000001001101000011011011100101010001001010010000011010110
10100111001011001000000010000010110000000110111010100010001000011010000101101111110001000111110000100001000001001101000011011011100101011011100100010010000011010110
11100000100010001000000010000010110000000110111010100010001000011010000101101111110001000111110000100001000001001101000011011011100100100000001001010010000011010110
00000111001011001000000010000010110000000110111010100010001000011010000101101111110001000111110000100001000001001101000011011011100111111100001001010010000011010110
00000111001011001000000010000010110000000110111010100010001000011010000101101111110001000111110000100001000001001101000011011011100101011000001001010010000011010110
11100000101011001000000010000010110000000110111010100010001000011010000101101111110001000111110000100001000001001101000011011011100100010000001001010010000011010110
00000111001011001000000010000010110000000110111010100010001000011010000101101111110001000111110000100001000001001101000011011011100010010000001001010010000011010110
