00111011001011000101001011001110100001101011101111110011100001110110110001101111110011001000010101111101100111111110011111110010011100101110100001010010000001110010
00111011001011000101001011001110100001101011101111110011100001110110110001101111110011001000010101111101100111111110011111110010000111101011010110000010000001110010
00111011011111010101001011001110100001101011101111110011100001110110110001101111110011001000010101111101100111111110011111110010011100101110100001010010000001110010
00111011001011000101001011001110100001101011101111110011100001110110110001101111110011001000010101111101100111111110011111110010010010010011010101001101001011010010
00111011001011000101001011001110100001101011101111110011100001110110110001101111110011001000010101111101100111111110011111110010010001111001101010001101001011010010
00111011111111010101001011001110100001101011101111110011100001110110110001101111110011001000010101111101100111111110011111110010011100101110100001010010000001110010
00111011001111010101001011001110100001101011101111110011100001110110110001101111110011001000010101111101100111111110011111110010011100101110100001010010000001110010
00111011001011000101001011001110100001101011101111110011100001110110110001101111110011001000010101111101100111111110011111110010011010000101000111100101001011010010
00111011001011000101001011001110100001101011101111110011100001110110110001101111110011001000010101111101100111111110011111110010010100101110100001010010000001110010
00111011001011101101001011001110100001101011101111110011100001110110110001101111110011001000010101111101100111111110011111110010011100101110100001010010000001110010
00111011001011000101001011001110100001101011101111110011100001110110110001101111110011001000010101111101100111111110011111110010000111101011010110001101001011010010
00111011001011100101001011001110100001101011101111110011100001110110110001101111110011001000010101111101100111111110011111110010011100101110100001010010000001110010
00111011011111010101001011001110100001101011101111110011100001110110110001101111110011001000010101111101100111111110011111110010000111101011010110000010000001110010
00111011001011000101001011001110100001101011101111110011100001110110110001101111110011001000010101111101100111111110011111110010000111101011011000000010000001110010
00111011000001010101001011001110100001101011101111110011100001110110110001101111110011001000010101111101100111111110011111110010011100101110100001010010000001110010
00111011001011000101001011001110100001101011101111110011100001110110110001101111110011001000010101111101100111111110011111110010000111101011010110111101001011010010
00111011000101101101001011001110100001101011101111110011100001110110110001101111110011001000010101111101100111111110011111110010011100101110100001010010000001110010
00111000100101000101001011001110100001101011101111110011100001110110110001101111110011001000010101111101100111111110011111110010011100101110100001010010000001110010
00111011111011000101001011001110100001101011101111110011100001110110110001101111110011001000010101111101100111111110011111110010011100101110100001010010000001110010
00111011000101000101001011001110100001101011101111110011100001110110110001101111110011001000010101111101100111111110011111110010011100101110100001010010000001110010
00111011010111101101001011001110100001101011101111110011100001110110110001101111110011001000010101111101100111111110011111110010011100101110100001010010000001110010
00111011001011101001001011001110100001101011101111110011100001110110110001101111110011001000010101111101100111111110011111110010011100101110100001010010000001110010
00111011001011010101001011001110100001101011101111110011100001110110110001101111110011001000010101111101100111111110011111110010011100101110100001010010000001110010
00111010110111111001001011001110100001101011101111110011100001110110110001101111110011001000010101111101100111111110011111110010011100101110100001010010000001110010
00110101001011000101001011001110100001101011101111110011100001110110110001101111110011001000010101111101100111111110011111110010011100101110100001010010000001110010
00111011001011000101001011001110100001101011101111110011100001110110110001101111110011001000010101111101100111111110010010111100001101101100010011010010000001110010
00111011111111010101001011001110100001101011101111110011100001110110110001101111110011001000010101111101100111111110011111110010000111101011010110000010000001110010
00111011001011000101001011001110100001101011101111110011100001110110110001101111110011001000010101111101100111111110011111110001101011111110100001010010000001110010
00111011001100010101001011001110100001101011101111110011100001110110110001101111110011001000010101111101100111111110011111110010011100101110100001010010000001110010
00111011001011000101001011001110100001101011101111110011100001110110110001101111110011001000010101111101100111111110011111110010010001111001101010001000011011010010
00111011001011000101001011001110100001101011101111110011100001110110110001101111110011001000010101111101100111111110011111110011100111000110110000110101001011010010
00111011001011000101001011001110100001101011101111110011100001110110110001101111110011001000010101111101100111111110011111110010011011010011010101001101001011010010
