10100001100001110110000010011100110110011111111011000011010000110110010110110011110011010000101111101110001111110110010111011001111000101011111001010110101011100111
10100001100001111000111000011100110110011111111011000011010000110110010110110011110011010000101111101110001111110110010111011001111000101011111001010110101011100111
10100001110101011000111000011100110110011111111011000011010000110110010110110011110011010000101111101110001111110110010111011001111000101011111001010110101011100111
10100001100001111000011110011100110110011111111011000011010000110110010110110011110011010000101111101110001111110110010111011001111000101011111001010110101011100111
10100001100001100011111000011100110110011111111011000011010000110110010110110011110011010000101111101110001111110110010111011001111000101011111001010110101011100111
10100001110101011000011110011100110110011111111011000011010000110110010110110011110011010000101111101110001111110110010111011001111000101011111001010110101011100111
10100110010100011010001001000011000100011111111011000011010000110110010110110011110011010000101111101110001111110110010111011001111000101011111001010110101011100111
10100001100110000011111000011100110110011111111011000011010000110110010110110011110011010000101111101110001111110110010111011001111000101011111001010110101011100111
11011111001001110110000010011100110110011111111011000011010000110110010110110011110011010000101111101110001111110110010111011001111000101011111001010110101011100111
11011101100110000011111000011100110110011111111011000011010000110110010110110011110011010000101111101110001111110110010111011001111000101011111001010110101011100111
10100001110101000000111000011100110110011111111011000011010000110110010110110011110011010000101111101110001111110110010111011001111000101011111001010110101011100111
10100001111101000000110110011100110110011111111011000011010000110110010110110011110011010000101111101110001111110110010111011001111000101011111001010110101011100111
10100001100110000011111111011100110110011111111011000011010000110110010110110011110011010000101111101110001111110110010111011001111000101011111001010110101011100111
11011101100110000011111111011100110110011111111011000011010000110110010110110011110011010000101111101110001111110110010111011001111000101011111001010110101011100111
10100111101001110001100100011100110110011111111011000011010000110110010110110011110011010000101111101110001111110110010111011001111000101011111001010110101011100111
10100001100001100100010010011100110110011111111011000011010000110110010110110011110011010000101111101110001111110110010111011001111000101011111001010110101011100111
10100110010110101000111000011100110110011111111011000011010000110110010110110011110011010000101111101110001111110110010111011001111000101011111001010110101011100111
10100001110011110110000010011100110110011111111011000011010000110110010110110011110011010000101111101110001111110110010111011001111000101011111001010110101011100111
10100001111101000000111000011100110110011111111011000011010000110110010110110011110011010000101111101110001111110110010111011001111000101011111001010110101011100111
10110010010110101000111000011100110110011111111011000011010000110110010110110011110011010000101111101110001111110110010111011001111000101011111001010110101011100111
10100001100000001010010010011100110110011111111011000011010000110110010110110011110011010000101111101110001111110110010111011001111000101011111001010110101011100111
10100001110101000000110110011100110110011111111011000011010000110110010110110011110011010000101111101110001111110110010111011001111000101011111001010110101011100111
10100001100001100100111000011100110110011111111011000011010000110110010110110011110011010000101111101110001111110110010111011001111000101011111001010110101011100111
10100110001111011000111000011100110110011111111011000011010000110110010110110011110011010000101111101110001111110110010111011001111000101011111001010110101011100111
10100110010100000110000010011100110110011111111011000011010000110110010110110011110011010000101111101110001111110110010111011001111000101011111001010110101011100111
10100110010100011010100010011100110110011111111011000011010000110110010110110011110011010000101111101110001111110110010111011001111000101011111001010110101011100111
10100110010100001000111000011100110110011111111011000011010000110110010110110011110011010000101111101110001111110110010111011001111000101011111001010110101011100111
11011101100001110110000010011100110110011111111011000011010000110110010110110011110011010000101111101110001111110110010111011001111000101011111001010110101011100111
10100001111010101000111000011100110110011111111011000011010000110110010110110011110011010000101111101110001111110110010111011001111000101011111001010110101011100111
10110000000110101000111000011100110110011111111011000011010000110110010110110011110011010000101111101110001111110110010111011001111000101011111001010110101011100111
10100001111011100001100111110110110110011111111011000011010000110110010110110011110011010000101111101110001111110110010111011001111000101011111001010110101011100111
10100001100000010000100001111100111011110100111011000011010000110110010110110011110011010000101111101110001111110110010111011001111000101011111001010110101011100111
