01101110011111011110111110101011001011110011101011101100111010100101111100011100111001011101101011010001101111110100001001001010011110100000011110111101010011101100
01101110011111011110110011100001100101110111111011101100111010100101111100011100111001011101101011010001101111110100001001001010011110100000011110111101010011101100
01101110011111011110110110011100001100101110111111011101100111010100101111100011100111001011101101011010001101111110100001001001010011110100000011110111101011101100
01101110011111011111010111111111101011011000110011101100111010100101111100011100111001011101101011010001101111110100001001001010011110100000011110111101010011101100
01101110011111011110011100001100101110111111011101100111010100101111100011100111001011101101011010001110000110100000101001100001000110111001101100100001110110011100
01101110011111011110011100001100101110111111011101100111010100101111100011100111001011101101011010001101111110100001001001010011110100000011101110011001110110011100
01101110011111011110111110101011001011110011101011101100111010100101111100011100111001011101101011010001101111110100001001001010011110100000011110111101011000011100
01101110011111011110110101000000111011000111101011101100111010100101111100011100111001011101101011010001101111110100001001001010011110100000011110111101010011101100
01101110011111011110110011100001100101110111111011101100111010100101111100011100111001011101101011010001101111110100001001001010011110100000011110111101011000011100
01101110011111011110110111101110001100011101110011101100111010100101111100011100111001011101101011010001101111110100001001001010011110100000011110111101010011101100
01101110011111011110111110101011001011110011101011101100111010100101111100011100111001011101101011010001101111110100001001001011111001000001011111000001010011101100
01101110011111011110110011100001100101110111110011101100111010100101111100011100111001011101101011010001101111110100001001001010011110100000011110111101010011101100
01101110011111011110111110101011001011110011101011101100111010100101111100011100111001011101101011010001101111110100001001001010011110100000011110111101001100001100
01101110011111011110110011100001100101110111111011101100111010100101111100011100111001011101101011010001101111110100001001001011111001000001011111000001010011101100
01101110011111011110111110101011001011110011101011101100111010100101111100011100111001011101101011010001101111110100001001001010011110100000011101110011010001101100
01101110011111011110110110011100001100101110111111011101100111010100101111100011100111001011101101011010001101111110100001001001010011110100000011101110011000101100
01101110011111011111010111111111101011011000110011101100111010100101111100011100111001011101101011010001101111110100001001001010011110100000011110111101011000011100
01101110011111011110110110011100001100101110111110011101100111010100101111100011100111001011101101011010001101111110100001001001010011110100000011110111101011101100
01101110011111011110110110011100001100101110111111011101100111010100101111100011100111001011101101011010001101111110100001001001010011110100000011101110011000111100
01101110011111011110011100001100101110111111011101100111010100101111100011100111001011101101011010001110110110111011011100011000010010111001101100100001110110011100
01101110011111011110111110101011001011110011101011101100111010100101111100011100111001011101101011010001101111110100001001001010011110100000011101111000010011101100
01101110011111011110111110101011001011110011101011101100111010100101111100011100111001011101101011010001101111110100001001001010011110100000011110111111111111111100
01101110011111011110111101110001100011101110011101100111010100101111100011100111001011101101011010001110000110100000101001100001000110111001101100100001110110011100
01101110011111011110110110111101011001001111011101100111010100101111100011100111001011101101011010001110000110100000101001100001000110111001101100100001110110011100
01101110011111011110110011100001100101110111111011101100111010100101111100011100111001011101101011010001101111110100001001001010011110100000011101110011010001101100
01101110011111011110111110101011001011110011101011101100111010100101111100011100111001011101101011010001101111110100001001001010011110100000011101110010100100111100
01101110011111011110011100001100101110111111011101100111010100101111100011100111001011101101011010001101111110100001001001011111111111100111001010011101100100111100
01101110011111011110110110011100001100101110111111011101100111010100101111100011100111001011101101011010001101111110100001001001010011110100000011110111100100111100
01101110011111011110110111110101011001011110011101011101100111010100101111100011100111001011101101011010001101111110100001001001010011110100000011110111101011101100
01101110011111011110111110101011001011110011101011101100111010100101111100011100111001011101101011010001101110111011101001101101000010001000110010100010010011101100
01101110011111011110111110101011001011110011101011101100111010100101111100011100111001011101101011010001100110101101111011010001101101000001011111000001010011101100
01101110011111011110011100001100101110111111011101100111010100101111100011100111001011101101011010001101111110100001001001010011110100000011100000011110100100111100
