01110100010010100110110001111101101000100010111011110001100100000001001010101010001110010010011010110001101101010011010100010110011010011010001011101010011010000100
01110100010010100110110001111101101000100010111011110001100101001000110100000010000010010010011010110001101101010011010100010110011010011010001011101010011010000100
01110100010010100110110001111101101000100010111011110001101010101101010000010000010010010010011010110001101101010011010100010110011010011010001011101010011010000100
01110100010010100110110001111101101000100010111011110001100101001000000010101010001110010010011010110001101101010011010100010110011010011010001011101010011010000100
01110100010010100110110001111101101000100010111011110001100101001000000010011010001110010010011010110001101101010011010100010110011010011010001011101010011010000100
01110100010010100110110001111101101000100010111011110001100101001000001010101010001110010010011010110001101101010011010100010110011010011010001011101010011010000100
01110100010010100110110001111101101000100010111011110001100010111101110110101010001110010010011010110001101101010011010100010110011010011010001011101010011010000100
01110100010010100110110001111101101000100010111011110000111001110101110110101010001110010010011010110001101101010011010100010110011010011010001011101010011010000100
01110100010010100110110001111101101000100010111011110001100010111011000010101010001110010010011010110001101101010011010100010110011010011010001011101010011010000100
01110100010010100110110001111101101000100010111011110001100011110101110110101010001110010010011010110001101101010011010100010110011010011010001011101010011010000100
10110100010010100110110001111101101000100010111011110001100100000001001010101010001110010010011010110001101101010011010100010110011010011010001011101010011010000100
01110100010010100110110001111101101000100010111011110001101010101101101110101010001110010010011010110001101101010011010100010110011010011010001011101010011010000100
01110100010010100110110001111101101000100010111011110001100010111101111100101010001110010010011010110001101101010011010100010110011010011010001011101010011010000100
01110100010010100110110001111101101000100010111011110001100100000001001011100010000010010010011010110001101101010011010100010110011010011010001011101010011010000100
01110100010010100110110001111101100001111100110111101100111001110101110110101010001110010010011010110001101101010011010100010110011010011010001011101010011010000100
01110100010010100110110001111101101000100010111011110001100010111101110011100010000010010010011010110001101101010011010100010110011010011010001011101010011010000100
01110100010010100110110001111101101000100010111011110001101010101101011110101010001110010010011010110001101101010011010100010110011010011010001011101010011010000100
01110100010010100110110001111101101000100010111011110001100101001000000100000010000010010010011010110001101101010011010100010110011010011010001011101010011010000100
01110100010010100110110001111101101000100010111011110001100010111101100000000010000010010010011010110001101101010011010100010110011010011010001011101010011010000100
01110100010010100110110001111101101000100010111011110001100100000001001011101010001110010010011010110001101101010011010100010110011010011010001011101010011010000100
01110100010010100110110001111101101000100010111011110001101101011000100100101010001110010010011010110001101101010011010100010110011010011010001011101010011010000100
01110100010010100110110001111101101000100010111011110001100100000001001010101010000010010010011010110001101101010011010100010110011010011010001011101010011010000100
01110100010010100110110001111101101000100010111011110001100101001000000010011011000010010010011010110001101101010011010100010110011010011010001011101010011010000100
01110100010010100110110001111101101000100010111011110001101101011110010010101010001110010010011010110001101101010011010100010110011010011010001011101010011010000100
01110100010010100110110001111101101000100010111011110001100101001000000010010000001110010010011010110001101101010011010100010110011010011010001011101010011010000100
01110100010010100110110001111101101000100010111011110001111010000101100101111010001110010010011010110001101101010011010100010110011010011010001011101010011010000100
01110100010010100110110001111101101000100010111011110001101010101101011010101010001110010010011010110001101101010011010100010110011010011010001011101010011010000100
01110100010010100110110001111101101000100010111011110001100101001000110100000010001110010010011010110001101101010011010100010110011010011010001011101010011010000100
01110100010010100110110001111101101000100010111011110001101010101101011001100010000010010010011010110001101101010011010100010110011010011010001011101010011010000100
01110100010010100110110001111101101000100010111011110111100100000001001010101010001110010010011010110001101101010011010100010110011010011010001011101010011010000100
01110100010010100110110001111101101000100010111011110001101010101101010000000010001110010010011010110001101101010011010100010110011010011010001011101010011010000100
01110100010010100110110001111101101000100010111011110001100010111101110011101010001110010010011010110001101101010011010100010110011010011010001011101010011010000100
