00110110100101001101111011011001111000011001111101110110111001111100101011101010011110110001001100001101011101110001010001110110110100111111011000111010111011000010
00110110100101001101111011011001111000011001111101110110111010000100000011101010011110110001001100001101011101110001010001110110110100111111011000111010111011000010
00110110100101001101111011011001111000011001111101100110111001111100101011101010011110110001001100001101011101110001010001110110110100111111011000111010111011000010
00110110100101001101111011011001111000011001111101110111100001100100000011101010011110110001001100001101011101110001010001110110110100111111011000111010111011000010
00110110100101001101111011011001111000011001111101110110111001100100000011101010011110110001001100001101011101110001010001110110110100111111011000111010111011000010
00110110100101001101111011011001111000011001111101110110101111010000111011101010011110110001001100001101011101110001010001110110110100111111011000111010111011000010
00110110100101001101111011011001111000011001111101110111100011101000111011101010011110110001001100001101011101110001010001110110110100111111011000111010111011000010
00110110100101001101111011011001111000011001111101110110111001110100100001101010011110110001001100001101011101110001010001110110110100111111011000111010111011000010
00110110100101001101111011011001111000011001111101110110011010000100000011101010011110110001001100001101011101110001010001110110110100111111011000111010111011000010
00110110100101001101111011011001111000011001111101110110110000111010011011101010011110110001001100001101011101110001010001110110110100111111011000111010111011000010
00110110100101001101111011011001111000011001111101110110101101100100000011101010011110110001001100001101011101110001010001110110110100111111011000111010111011000010
00110110100101001101111011011001111000011001111101110110110001100100000011101010011110110001001100001101011101110001010001110110110100111111011000111010111011000010
00110110100101001101111011011001111000011001111101110110111000001000111011101010011110110001001100001101011101110001010001110110110100111111011000111010111011000010
00110110100101001101111011011001111000011001111101110100111001111100101011101010011110110001001100001101011101110001010001110110110100111111011000111010111011000010
00110110100101001101111011011001111000011001111101111011011001100100000011101010011110110001001100001101011101110001010001110110110100111111011000111010111011000010
00110110100101001101111011011001111000011001111101100111100001100100000011101010011110110001001100001101011101110001010001110110110100111111011000111010111011000010
00110110100101001101111011011001111000011001111101110110011011111000111011101010011110110001001100001101011101110001010001110110110100111111011000111010111011000010
00110110100101001101111011011001111000011001111101110110001001100100000011101010011110110001001100001101011101110001010001110110110100111111011000111010111011000010
00110110100101001101111011011001111000011001111101110110110000111100101011101010011110110001001100001101011101110001010001110110110100111111011000111010111011000010
00110110100101001101111011011001111000011001111101110111100001101100111011101010011110110001001100001101011101110001010001110110110100111111011000111010111011000010
00110110100101001101111011011001111000011001111101100110001001100100000011101010011110110001001100001101011101110001010001110110110100111111011000111010111011000010
00110110100101001101111011011001111000011001111101110110111001000010000101010000011110110001001100001101011101110001010001110110110100111111011000111010111011000010
00110110100101001101111011011001111000011001111101101101111001111100101011101010011110110001001100001101011101110001010001110110110100111111011000111010111011000010
00110110100101001101111011011001111000011001111101101100111001111100101011101010011110110001001100001101011101110001010001110110110100111111011000111010111011000010
00110110100101001101111011011001111000011001111101110110101111010000111000100100011110110001001100001101011101110001010001110110110100111111011000111010111011000010
00110110100101001101111011011001111000011001111101111011111101100100000011101010011110110001001100001101011101110001010001110110110100111111011000111010111011000010
00110110100101001101111011011001111000011001111101100111111010000100000011101010011110110001001100001101011101110001010001110110110100111111011000111010111011000010
00110110100101001101111011011001111000011001111101100100111001111100101011101010011110110001001100001101011101110001010001110110110100111111011000111010111011000010
00110110100101001101111011011001111000011001111101100111100001101100111011101010011110110001001100001101011101110001010001110110110100111111011000111010111011000010
00110110100101001101111011011001111000011001111101111011000001100100000011101010011110110001001100001101011101110001010001110110110100111111011000111010111011000010
00110100101001101111011011001111000011001111101110110110111001111100101011101010011110110001001100001101011101110001010001110110110100111111011000111010111011000010
00110111000101001101111011011001111000011001111101110110111001111100101011101010011110110001001100001101011101110001010001110110110100111111011000111010111011000010
