10111101001111111011001110101110000010111100101111100011010001101110110011010010111100000010110011011011101100100010100001100101100010100111100100011011001111111111
10111100001111111011001110101110000010111100101111100011010001101110110011010010111100000010110011011011101100100010100001100101100010100111100100011011001111111111
10111101001111111011001110101110000010111100101111001111010001101110110011010010111100000010110011011011101100100010100001100101100010100111100100011011001111111111
01100111100111101110001110101110000010111100101111100011010001101110110011010010111100000010110011011011101100100010100001100101100010100111100100011011001111111111
00111101001111111011001110101110000010111100101111100011010001101110110011010010111100000010110011011011101100100010100001100101100010100111100100011011001111111111
10111101001111111011001110101110000010111100101111100011010001101110110011010010111100000010110001111011101100100010100001100101100010100111100100011011001111111111
10111101011111111011001110101110000010111100101111100011010001101110110011010010111100000010110011011011101100100010100001100101100010100111100100011011001111111111
11100111100111101110001110101110000010111100101111100011010001101110110011010010111100000010110011011011101100100010100001100101100010100111100100011011001111111111
10111101001111111011001110101110000010111100101111100011010001101110110011010010111100000010110011010010100100100010100001100101100010100111100100011011001111111111
10111101001111111011001110101110000010111100101111100011010001101110110011010010111100000010110011100001100100010100001100101100010100111100100011011001111111111111
10111101001111111011001110101110000010111100101111100011010001101110110011010010111100000010110000011011101100100010100001100101100010100111100100011011001111111111
10111101001111111011001110101110000010111100101111100011010001101100110100101000000000001110110111000101101000000000101001100101100010100111100100011011001111111111
10111101001111111011001110101110000010111100101111100011010001101110110011010010111100000010110001111100001100100010100001100101100010100111100100011011001111111111
10111101001111111011001110101110000010111100101111100011010001101110110011010010111100000010110011000000000101110110000001100101100010100111100100011011001111111111
10111101001111111011001110101110000010111100101111100011010001101110110011010010111100000010111100111100001100100010100001100101100010100111100100011011001111111111
00110111100111101110001110101110000010111100101111100011010001101110110011010010111100000010110011011011101100100010100001100101100010100111100100011011001111111111
11011011101111111011001110101110000010111100101111100011010001101110110011010010111100000010110011011011101100100010100001100101100010100111100100011011001111111111
10100101100111000111001110101110000010111100101111100011010001101110110011010010111100000010110011011011101100100010100001100101100010100111100100011011001111111111
10111101001111111011001110101110000010111100101111100011010001101110110011010010111100000010110000111011101100100010100001100101100010100111100100011011001111111111
10111101001111111011001110101110000010111100101111100011010001101110110011010010111100000010110000100101101000000000101001100101100010100111100100011011001111111111
01000000110101110111001110101110000010111100101111100011010001101110110011010010111100000010110011011011101100100010100001100101100010100111100100011011001111111111
00101101001111111011001110101110000010111100101111100011010001101110110011010010111100000010110011011011101100100010100001100101100010100111100100011011001111111111
10111101001111111011001110101110000010111100101111100011010001101110110011010010111100000010110011011100001100100010100001100101100010100111100100011011001111111111
01011001010001000111001110101110000010111100101111100011010001101110110011010010111100000010110011011011101100100010100001100101100010100111100100011011001111111111
10111101001111111011001110101110000010111100101111100011010010001101110110011010010111100000010110011100001100100010100001100101100010100111100100011011001111111111
10111101001111111011001110101110000010111100101111100011010001101110110011010010111111011100110000011011101100100010100001100101100010100111100100011011001111111111
00111111001111111011001110101110000010111100101111100011010001101110110011010010111100000010110011011011101100100010100001100101100010100111100100011011001111111111
00111100111101110001110101110000010111100101111100011010001101110110011010010111100000010110011011011101100100010100001100101100010100111100100011011001111111111111
10111101001111111011001110101110000010111100101111100011010001101110110011010010111100000010110011010001011101011100011111011111100010100111100100011011001111111111
10111110111000101011001110101110000010111100101111100011010001101110110011010010111100000010110011011011101100100010100001100101100010100111100100011011001111111111
10111101001111111011001110101110000010111100101111100011010001101110110011010010111100000010110011001011101100100010100001100101100010100111100100011011001111111111
10110011100111101110001110101110000010111100101111100011010001101110110011010010111100000010110011011011101100100010100001100101100010100111100100011011001111111111
