01111101111100111010011111101110001001111101100100111110101000011100101111000100100100110111110000111011010001010000110001010101000001000001011000100100101010011011
10101001111100111010011111101110001001111101100100111110101000011100101111000100100100110111110000111011010001010000110001010101000001000001011000100100101010011011
10111101111100111010011111101110001001111101100100111110101000011100101111000100100100110111110000111011010001010000110001010101000001000001011000100100101010011011
01111101111100111010011111101110001001111101100100111110101000011100101111000100100100110111110000111011010001011110010001010101000001000001011000100100101010011011
01111101111100111010011111101110001001111101100100111110101000011100101111000100100100110111110000111011010001010000110001010101000000110001011000100100101010011011
01111101111100111010011111101110001001111101100101001110101000011100101111000100100100110111110000111011010001010000110001010101000001000001011000100100101010011011
01111101111100111010011111101110001001111100000101111110101000011100101111000100100100110111110000111011010001010000110001010101000001000001011000100100101010011011
01111101111100111010011111101110011001111101100100111110101000011100101111000100100100110111110000111011010001010000110001010101000001000001011000100100101010011011
01111101111100111010011111101110001001111101100100111110101000011100101111000100100100110111110000111011010001010000110001010101000001000001011000100100101001001011
01111101111100111010011111101110001001111101100100111110101000011100101111000100100100110111110000111011000011110001010001010101000001000001011000100100101010011011
01111101111100111010011111101110001001111101100100111110101000011100101111000100100100110111110000111011010001010000110001010101000001000001011000100100101010010011
10110010111111110100001101111110001001111101100100111110101000011100101111000100100100110111110000111011010001010000110001010101000001000001011000100100101010011011
01111101111100111010011111101110001001101101100100111110101000011100101111000100100100110111110000111011010001010000110001010101000001000001011000100100101010011011
01111101111100111010011111101110001001111101100100111110101000011100101111000100100100110111110000111011010001001101010001010101000001000001011000100100101010011011
01111101111100111010011111101110001001111101100100110000000101011100101111000100100100110111110000111011010001010000110001010101000001000001011000100100101010011011
01001101111100111010011111101110001001111101100100111110101000011100101111000100100100110111110000111011010001010000110001010101000001000001011000100100101010011011
10110010100001111010011111101110001001111101100100111110101000011100101111000100100100110111110000111011010001010000110001010101000001000001011000100100101010011011
01111101111100111010011111101110001001111101100100111111011000011100101111000100100100110111110000111011010001010000110001010101000001000001011000100100101010011011
01111101111100111010011111101110001001111101100100111111101000011100101111000100100100110111110000111011010001010000110001010101000001000001011000100100101010011011
01111101111100111010011111101110001001111100011110111110101000011100101111000100100100110111110000111011010001010000110001010101000001000001011000100100101010011011
10101101111100111010011111101110001001111101100100111110101000011100101111000100100100110111110000111011010001010000110001010101000001000001011000100100101010011011
01111101111100111010011111101110001001111101100100111110101000011100101111000100100100110111110000111011010110000110000001010101000001000001011000100100101010011011
01111101111100111010011111101110001001111101100100111110101000011100101111000100100100110111110000111011011010110000110001010101000001000001011000100100101010011011
01111101111100111010011111101110001001111100000111011101101000011100101111000100100100110111110000111011010001010000110001010101000001000001011000100100101010011011
01111101111100111010011111101110001001111101100100111110101000011100101111000100001010101011100000111011010001010000110001010101000001000001011000100100101010011011
11000111111100111010011111101110001001111101100100111110101000011100101111000100100100110111110000111011010001010000110001010101000001000001011000100100101010011011
10110011111100111010011111101110001001111101100100111110101000011100101111000100100100110111110000111011010001010000110001010101000001000001011000100100101010011011
01111101111100111010011111101110001001111100010011100001101000011100101111000100100100110111110000111011010001010000110001010101000001000001011000100100101010011011
01111101111100111010011111101110001001111101110111010101101000011100101111000100100100110111110000111011010001010000110001010101000001000001011000100100101010011011
01111101111100111010011111101110001001111110010011101110101000011100101111000100100100110111110000111011010001010000110001010101000001000001011000100100101010011011
01111101111100111010000110001100001001111101100100111110101000011100101111000100100100110111110000111011010001010000110001010101000001000001011000100100101010011011
01111101111100111010011111101110001001111101100100111110101000011100101111000100100100110111110000111011010001010000110001010101000001000001011000100100110110011011
