00101011000011000000100000010011111000111011001111010110110100010100111101111101001110100110111011011000111101011101011110000001111011110101000011010111011101001011
00101011000011000001001110100011111001110010011100000001101101111101011101110100101110100110111011011000111101011101011110000001111011110101000011010111011101001011
00101011000011000001001110100011111001110010011100000001101110000011011101110100101110100110111011011000111101011101011110000001111011110101000011010111011101001011
00101011000011000000100000010011111000111011011001000100001000100010000111111101001110100110111011011000111101011101011110000001111011110101000011010111011101001011
00101011000011000001001110100011111001110010011100000001101100110110111101111101001110100110111011011000111101011101011110000001111011110101000011010111011101001011
00101011000011000001110000000010111011000000001011101111001100100011011101110100101110100110111011011000111101011101011110000001111011110101000011010111011101001011
00101011000011000001001110100011111001110010011100000001101110001010010011111101001110100110111011011000111101011101011110000001111011110101000011010111011101001011
00101011000011000001001110100011111001110010011100000001101110001010111101111101001110100110111011011000111101011101011110000001111011110101000011010111011101001011
00101011000011000000100000010011111000111011001111010110110100010100111111001110001110100110111011011000111101011101011110000001111011110101000011010111011101001011
00101011000011000001001110100011111001110010011100000001101101111101011101111101001110100110111011011000111101011101011110000001111011110101000011010111011101001011
00101011000011000000100000010011111000111011001111010110110100010101100011010000101110100110111011011000111101011101011110000001111011110101000011010111011101001011
00101011000011000000100000010011111000111011001111010110110100010100111011111101001110100110111011011000111101011101011110000001111011110101000011010111011101001011
00101011000011000001001110100011111001110010011100000001101101111101010011011101001110100110111011011000111101011101011110000001111011110101000011010111011101001011
00101011000011000001001110100011111001110010011100000001101110000001011101110100101110100110111011011000111101011101011110000001111011110101000011010111011101001011
00101011000011000001001110100011111001110010011100000001101110000011011101111101001110100110111011011000111101011101011110000001111011110101000011010111011101001011
00101011000011000001001110100011111001110010011100000001101110001010011101111101001110100110111011011000111101011101011110000001111011110101000011010111011101001011
00101011000011000000100000010011111000111011011001000100001000100011011101110100101110100110111011011000111101011101011110000001111011110101000011010111011101001011
00101011000011000000100000010011111001110010011100000001101101111101011101110100101110100110111011011000111101011101011110000001111011110101000011010111011101001011
00101011000011000000100000010011111000111011001111010110110100010101111101111101001110100110111011011000111101011101011110000001111011110101000011010111011101001011
00101011000011000000100000010011111000111011001111010110110100010100111111011010101110100110111011011000111101011101011110000001111011110101000011010111011101001011
00101011000011000001001110100011111001110010011100000001101110001010011101110100101110100110111011011000111101011101011110000001111011110101000011010111011101001011
00101011000011000001001110100011111001110010011100000001101101111100011101111101001110100110111011011000111101011101011110000001111011110101000011010111011101001011
00101011000011000001110000000010111011000000001011101111001100100011011101111101001110100110111011011000111101011101011110000001111011110101000011010111011101001011
00101011000011000001001110100011111001110010011100000001101101111100010111010000101110100110111011011000111101011101011110000001111011110101000011010111011101001011
00101011000011000001001110100011100111111101110010100010111111100110111101111101001110100110111011011000111101011101011110000001111011110101000011010111011101001011
00101011000011000000100000010011111000111011001111010110110100010101100101011010101110100110111011011000111101011101011110000001111011110101000011010111011101001011
00101011000011000001110000000010111011000000001011101111001111011100010101110100101110100110111011011000111101011101011110000001111011110101000011010111011101001011
00101011000011000001010001001010101100111111000001011100010100000001011101110100101110100110111011011000111101011101011110000001111011110101000011010111011101001011
00101011000011000001001110100011111001110010011100000001101110011001011101110100101110100110111011011000111101011101011110000001111011110101000011010111011101001011
00101011000011000001110000000010111011000000001011101111001111011100010111010000101110100110111011011000111101011101011110000001111011110101000011010111011101001011
00101011000011000001001110100011111001110010011100000001101110000001011111010000101110100110111011011000111101011101011110000001111011110101000011010111011101001011
00101011000011000000100000010011111000111011011001000100001000110100101001011101110100101110100110111011011000111101011101011110000001111011110101000011010111011111
