10001010111111010011000011010101110010010100101110011101000110001010011101001010000111010011111000011010000011010010111101011010111011000110100010111101011000001011
10001010111111010011000011010101110010010100101110011101000110001010011101001010000111010011111000011010000011010010111101011010110000111101110010001111111000001011
10001010111111010011000011010101110010010100101110011101000110001010011101001010000111010011111000011010000011010010111101011010110000111101110000011101010111011011
10001010111111010011000011010101110010010100101110011101000110001010011101001000010101111011011001100000001101100110010111101110110110100001100010111101011000001011
10001010111111010011000011010101110010010100101110011101000110001010011101001010000111010011111000011010000011010010111101011010110000111101110010111101011000001011
10001010111111010011000011010101110010010100101110011101000110001010011101001010000111010011111000011010000011010010111101011001010010010010100010111101011000001011
10001010111111010011000011010101110010010100101110011101000110001010011101001010000111010011111000010010010101000000000000100010111011000110100010111101011000001011
10001010111111010011000011010101110010010100101110011101000110001010011101001010000111010011111000011010000011010010111100011100010100111000100010111101011000001011
10001010111111010011000011010101110010010100101110011101000110001010011101001000010101111011011001100000101000110111010011101011010000100100001110000001101001110011
10001010111111010011000011010101110010010100101110011101000110001010011101001010000111010011111000011010000011010010111100010100000011101001001000111101011000001011
10001010111111010011000011010101110010010100101110011101000110001010011101001010000111010011111000011010000011010010111101011001010011010000100010111101011000001011
10001010111111010011000011010101110010010100101110011101000110001010011101001010000111010011111000011010000011010010111100011101110101001101110000011101010111011011
10001010111111010011000011010101110010010100101110011101000110001010011101001010000111010011111000011010000011010010111101011001010010010011001000111101011000001011
10001010111111010011000011010101110010010100101110011101000110001010011101001010000111010011111000011010000011010010111100011011100111110000100010111101011000001011
10001010111111010011000011010101110010010100101110011101000110001010011101001010000111010011111000011010000011010010111100011100010100110011001100110010011100101011
10001010111111010011000011010101110010010100101110011101000110001010011101001010000111010011111000011010000011010010111101011001010010010011001100110010011100101011
10001010111111010011000011010101110010010100101110011101000110001010011101001010000111010011111000011010011100010101101001000111010111111111100010111101011000001011
