11001100101111101010101100010111110100011000011010010100010100110000011001101001100111000000110110011110101110100000111101000010001110011111010001010001000111101011
11001100101111101010101100010111110100011000011010010100010100110000011001101001100111000000110110011110101110100000111101010100010010010111010001010001000111101011
11001100101111101010101100010111110100011000011010010100010100110000011001101001100111000000110110011110101110101000101011000110110000010100011101010001000111101011
11001100101111101010101100010111110100011000011010010100010100110000011001101001100111000000110110011110101110101000101011010000110000010100011101010001000111101011
11001100101111101010101100010111110100011000011010010100010100110000011001101001100111000000110110011110101110101000101011000110110101110111010001010001000111101011
11001100101111101010101100010111110100011000011010010100010100110000011001101001100111000000110110011110101110101000101011000110100001110111010001010001000111101011
11001100101111101010101100010111110100011000011010010100010100110000011001101001100111000000110110011110101110101000101011000111001010011111010001010001000111101011
11001100101111101010101100010111110100011000011010010100010100110000011001101001100111000000110110011110101110100000111101010101110110010111010001010001000111101011
11001100101111101010101100010111110100011000011010010100010100110000011001101001100111000000110110011110101110100000111101010100000000010100011101010001000111101011
11001100101111101010101100010111110100011000011010010100010100110000011001101001100111000000110110011110101110100001101010111001000000010100011101010001000111101011
11001100101111101010101100010111110100011000011010010100010100110000011001101001100111000000110110011110101110101000101011000111001010010100011101010001000111101011
11001100101111101010101100010111110100011000011010010100010100110000011001101001100111000000110110011110101110101000101011010000100011110111010001010001000111101011
11001100101111101010101100010111110100011000011010010100010100110000011001101001100111000000110110011110101110100000111101010100001111001100100010111011000111101011
11001100101111101010101100010111110100011000011010010100010100110000011001101001100111000000110110011110101110101000101011010000100001010011010000010111011111111011
11001100101111101010101100010111110100011000011010010100010100110000011001101001100111000000110110011110101110100000111101000010001101100000010111001111111000011011
11001100101111101010101100010111110100011000011010010100010100110000011001101001100111000000110110011110101110100000111101010100001000110010011000111010100110100001
11001100101111101010101100010111110100011000011010010100010100110000011001101001100111000000110110011110101110101000101011000111001001001110000110111010100110100001
