10011000001011001100111100111101010101111100010100011001101011110101110111010000110110110010101011011010111101100111111110101011111111000100101000100101000111011001
10011000001011001100111100111101010101110010000010011001101011110101110111010000110110110010101011011010111101100111111110101011111111000100101000100101000111011001
10011000001011001100111100111101010101100100011100011001101011110101110111010000110110110010101011011010111101100111111110101011111111000100101000100101000111011001
10011000001011001100111100111101010101101110100011001001101011110101110111010000110110110010101011011010111101100111111110101011111111000100101000100101000111011001
10011000001011001100111100111101010100010111101011001001101011110101110111010000110110110010101011011010111101100111111110101011111111000100101000100101000111011001
10011000001011001100111100111101010100010110100110011001101011110101110111010000110110110010101011011010111101100111111110101011111111000100101000100101000111011001
10011000001011001100111100111101010101000000100000011001101011110101110111010000110110110010101011011010111101100111111110101011111111000100101000100101000111011001
10011000001011001100111100111101010101000000100110011001101011110101110111010000110110110010101011011010111101100111111110101011111111000100101000100101000111011001
10011000001011001100111100111101010101110010001010011001101011110101110111010000110110110010101011011010111101100111111110101011111111000100101000100101000111011001
10011000001011001100111100111101010101100100011010011001101011110101110111010000110110110010101011011010111101100111111110101011111111000100101000100101000111011001
10011000001011001100111100111101010101111100010100011001101011110101110111010000110110110010101011011010111101100111111110101011111111000100101000100101000110001110
10011000001011001100111100111101010101110010000010011001101011110101110111010000110110110010101011011010111101100111111110101011111111000100101000100101000110001110
10011000001100111001000001101011101001111100010100011001101011110101110111010000110110110010101011011010111101100111111110101011111111000100101000100101000111011001
10011000001011001100111100111101010101100111101011001001101011110101110111010000110110110010101011011010111101100111111110101011111111000100101000100101000111011001
10011000001011001100111100111101010100100110100011001001101011110101110111010000110110110010101011011010111101100111111110101011111111000100101000100101000111011001
10011000001011001100111100111101010101110101110110111011110000111110001010001100110010101001110101101011111101100111111110101011111111000100101000100101000111011001
10011000001011001100111100111101010101000000100000011001101011110101110111010000110110110010101011011010111101100111111110101011111111000100101000100101000111011001
