11101000111110010110110100110110001101110101011010100001000111000011111011011011101000011001100111000100100111110000000000010000101001001000011100101100101010101111
11101000111110010110110100110110001101110101011010100001000111000000000110110110111111001110100010010110000100000000100101100001100111101110110101111010101100000001
11101000111110010110110100110110001101110101011010100001000111000000000110110110111111001110100010010110000100000000100101101001111101101000100111000000101000000010
11101000111110010110110100110110001101110101011010100001000111000000101001001111001110011110010010111010110110011111011110101000011000011011000111010001110110010111
11101000111110010110110100110110001101110101011010100001000111000000000110110110111111001110100010010110000100000000100101100001100111101110110101111010111100000001
11101000111110010110110100110110001101110101011010100001010100111110010010001011111110001011010010100110111110001001001100010101100010110101110110110100110110000111
11101000111110010110110100110110001101110101011010100001000111000011111011011011101000011001100111000100100111110000000000010000101001001000000010110110010000001111
11101000111110010110110100110110001101110101011010100001000111000000000110110100011001100110110010100110111110001001001100010101100010110101110110110100110110000111
11101000111110010110110100110110001101110101011010100001010100111110010010001011110010011110010010111010110110011111011110101000011000011011000111010001110110010111
11101000111110010110110100110110001101110101011010100001000111000011111011011100110101010010011101010000000011000010101001011000111100011110100001100110111010101111
11101000111110010110110100110110001101110101011010100001000111000000000110110101000100001010110010000101000000011111101000110010111100001000110011011011111010101111
11101000111110010110110100110110001101110101011010100001000111000001110000101011011011111011010101010011100010111111110101110000111100001000110011011011111010101111
11101000111110010110110100110110001101110101011010100001000111000000000110110110111111001110100010010110000100000000100101100001100111101110110101111100010100000001
11101000111110010110110100110110001101110101011010100001000111000000000110110101001010111110010010111010110110011111011110101000011000011011000111010001110110010111
11101000111110010110110100110110001101110101011010100000100011100100101100011110011101001001111010010110000100000000100101100001100111101110110101111010101100000001
11101000111110010110110100110110001101110101011010100001000111000001110000101000101101001001111010010110000100000000100101100001100111101110110101111010101100000001
11101000111110010110110100110110001101110101011010100001000111001111000010011000101010111101001010010110000100000000100101100001100111101110110101111010111101000111
