10101101111111001100000000011101101111111101111111100110101101101100100011100000110010011010010110011011000101010101110011001111101111101101010011001000111000100111
10101101111111001100000000011101101111111101111111100110101101101100100011100000110010011010010110011011000101010101110011001111101110100101011001001000111000100111
10101101111111001100000000011101101111111101111111101010001110101100100011100000110010011010010110011011000101010101110011001111101111101101010011001000111000100111
10101101111111001100000000011101101111111101111111100110101101101100100011100000110010011010010110011011000101010101100011001010110010110111111100010011100001100110
10101101111111001100000000011101101111111101111111100110101101101100100011100000110010011010010110011011000101010101110011001111101110100101011001000110010110000110
10101101111111001100000000011101101111111101110110111110101101101100100011100000110010011010010110011011000101010101110011001111101111101101010011001000111000100111
10101101111111001100000000011101101111111101111110100101101111101110010001110111010110011000110110011011100101111111111111011011101101000011101010101001000100111110
10101101111111001100000000011101101111111101110100110010001110101100100011100000110010011010010110011011000101010101110011001111101111101101010011001000111000100111
10101101111111001100000000011101101111111101111111100110101101101100100011100000110010011010010110011011000101010101110011001111101111101101010011000001000110000110
10101101111111001100000000011101101111111101111111110110101101101100100011100000110010011010010110011011000101010101110011001111101111101101010011001000111000100111
10101101111111001100000000011101101111111101111110100110101101101100100011100000110010011010010110011011000101010101110011001111101111101101010011001000111000100111
10101101111111001100000000011101101111111101111111100110101101101100100011100000110010011010010110011011000101010101110011001111101110100101011000010011100001100110
10101101111111001100000000011101101111111101111110010110101101101100100011100000110010011010010110011011000101010101110011001111101111101101010011001000111000100111
10101101111111001100000000011101101111111101111111001000001110101100100011100000110010011010010110011011000101010101110011001111101111101101010011001000111000100111
10101101111111001100000000011101101111111101111111101010001110101100100011100000110010011010010110011011000101010101110011001111101110100101011001001000111000100111
10101101111111001100000000011101101111111101111111100110101101101100100011100000110010011010010110011011000101010101110011001111101111101101011001001000111000100111
10101101111111001100000000011101101111111101110101111100001110101100100011100000110010011010010110011011000101010101110011001111101111101101011001110010011010100011
