01011010111111001100001100001011110101111011111110010101000110011101110010110001001110110101101010111000111011001101001100111010110111100111111110101110101011111011
01011011001000110010111000111001001101101010011100011011101000100111000010110001001110110101101010111000111011001101001100111010110111100111111110101110101011111011
11000000000000010100001100001011110101111011111110010101000110011101110010110001001110110101101010111000111011001101001100111010110111100111111110101110101011111011
10111010010101011100001100001011110101111011111110010101000110011101110010110001001110110101101010111000111011001101001100111010110111100111111110101110101011111011
11110001111111000010101100001011110101111011111110010101000110011101110010110001001110110101101010111000111011001101001100111010110111100111111110101110101011111011
01011011000100100100001100001011110101111011111110010101000110011101110010110001001110110101101010111000111011001101001100111010110111100111111110101110101011111011
01010111100011001010111000111001001101101010011100011011101000100111000010110001001110110101101010111000111011001101001100111010110111100111111110101110101011111011
11111100100100010100010111010101001111111010000011010101000110011101110010110001001110110101101010111000111011001101001100111010110111100111111110101110101011111011
01010010010001110010001100001011110101111011111110010101000110011101110010110001001110110101101010111000111011001101001100111010110111100111111110101110101011111011
11000000001101110101010010111001001001111011111110010101000110011101110010110001001110110101101010111000111011001101001100111010110111100111111110101110101011111011
11110001110101010111010101000111110011111010000011010101000110011101110010110001001110110101101010111000111011001101001100111010110111100111111110101110101011111011
11111110101111100011010101110010010001100011000100101010010100011101110010110001001110110101101010111000111011001101001100111010110111100111111110101110101011111011
01011111001011110110111000111001001101101010011100011011101000100111000010110001001110110101101010111000111011001101001100111010110111100111111110101110101011111011
01011011011011010010001100001011110101111011111110010101000110011101110010110001001110110101101010111000111011001101001100111010110111100111111110101110101011111011
10111110010111001011101000111000110101111011111110010101000110011101110010110001001110110101101010111000111011001101001100111010110111100111111110101110101011111011
01011010111111001100001100001011110101111011111110010101000110011101110010110001001110110101101010111000111011001100101101011010110111100111111110101110101011111011
11000000000000010100001100001011110101111011111110010101000110011101110010110001001110110101101010111000111011001101001100111010110111100111111110101110101011111011
