11000010011111100001101100010111110000011101000100001101010100101001000010110000111101110111111100110101001011010010011101000001001010110011000001011101001100101100
11000010011111100001101100010111110000011101000100001101010100101001000010110000111101110111111100110101001011010010011100111011111111101101000101110111001001011000
11000010011111100001101100010111110000011101000100001101010100101001000010110000111101110111111100110101001011010010011101000001001010110011000001011101001100100001
11000010011111100001101100010111110000011101000100001101010100101001000010110000111101110111111100110101001011010010011100111011111111101010001000010000001011101010
11000010011111100001101100010111110000011101000100001101010100101001000010110000111101110111111100110101001011010010011101000001001010110011000001011101001101011000
11000010011111100001101100010111110000011101000100001101010001010111010110110000111101110111111100110101001011010010011101000001001010110011000001011101001100101100
11000010011111100001101100010111110000011101000100001101010100101001000010110000111101110111111100110101001011010010011100111011111111101101000101110010101111101111
11000010011111100001101100010111110000011101000100001101010100101111000111001010100110110110010111001111011100011111001101000001001010110011000001011101001100101100
11000010011111100001101100010111110000011101000100001101010100101001000010110000111101110111111100110101001011010010011100111011111111101010010000011000011101011001
11000010011111100001101100010111110000011101000100001101010100101001000010110000111101110111111100110101001011010010011100111011111111101010001000010000001011001010
11000010011111100001101100010111110000011101000100001101010100101001000010110000111101110111111100110101001011010010011100111011111111101010001000010101010111111100
11000010011111100001101100010111110000011101000100001101010100101001000010110000111101110111111100110101001011010010011100111011111111010010000011101111001001011000
11000010011111100001101100010111110000011101000100001101010100101001000010110000111101110111111100110101001011010010011100111011111111100100101111111100010010110100
11000010011111100001101100010111110000011101000100001101010100101001000010110000111101110111111100110101001011010010011100111011111111101101000101110010101111000000
11000010011111100001101100010111110000011101000100001101010100101001000010110000111101110111111100110101001011010010011101000001001010110011000001011101001100001110
11000010011111100001101100010111110000011101000100001101010100101001000010110000111101110111111100110101001011010010011101000001001010110011000001011100110000011100
11000010011111100001101100010111110000011101000100001101010100101001000010110000111101110111111100110101001011010010011100111011111111101010001000010000001011001010
