00010110111110111101010010000100010101110010000111010100100001100111001101111101101100110101010111100010001110100110111000101010100100110111000101111010011100010100
00010110111110111101010010000100010101110010000111010100100001100111001101111101101100110101010111100010001110100110111000101010100100110111000101111010100011111011
00010110111110111101010010000100010101110010000111010100100001100111001101111101101100110101010111100010001110100110111000101010100100110111000101111010011100011011
00010110111000010001111011010000110101010110000111010100100001100111001101111101101100110101010111100010001110100110111000101010100100110111000101111010011100010100
00010110111110111101010010000100010101110010000111010100100001100111001101111101101100110101010111100010001110100110111000101010100100111000010110001111001101100101
00010110111110111101010010000100010101110010000111010100100001100111001101111101101100110101010111100010001110100110111000101010100100110111000101111010001000101011
00010110111110110010001011111100111111110010000111010100100001100111001101111101101100110101010111100010001110100110111000101010100100110111000101111010011100010100
00010110111110110010001011111100111001010011000111010100100001100111001101111101101100110101010111100010001110100110111000101010100100110111000101111010011100010100
00010110111110111101010010000100010101110010000111010100100001100111001101111101101100110101010111100010001110100110111000101010100100110111000101111011101001011111
00010110111110111001101000100101010010001011011111010100100001100111001101111101101100110101010111100010001110100110111000101010100100110111000101111010011100010100
00010110111110111101010010000100010101110010000111010100100001100111001101111101101100110101010111100010001110100110111000101010100100110111000101111010011111111011
00010110111110111101010010000100010101110010000111010100100001100111001101111101101100110101010111100010001110100110111000101010100100111000010110001000001010111011
00010110111111000101110110100001110101010110000111010100100001100111001101111101101100110101010111100010001110100110111000101010100100110111000101111010011100010100
00010110111110111101010010000100010101110010000111010100100001100111001101111101101100110101010111100010001110100110111000101010100100110111000101111010011101010101
00010110111110111101010010000100010101110010000111010100100001100111001101111101101100110101010111100010001110100110111000101010100100111000010110001000000100010011
01011011110101100001111011010000110101010110000111010100100001100111001101111101101100110101010111100010001110100110111000101010100100110111000101111010011100010100
00010110111110111101010010000100010101110010000111010100100001100111001101111101101100110101010111100010001110100110111000101010100100110111000101111010011100010100
