11100111100001100011111110001011110100101000001011110010001011001100100011100000010010101011010001101100110110100000011100011000101110101101101000110011110101010011
11100111100001100011111110001011110100101000001011110010001011001100100011100000010010101011010000001111001111101001001001000100101011010000100011110011110101010011
11100111100001100011111110001011110100101000001011110010001011001100100011100000010010101011010000000010100101011000101011001000101110101101101000110011110101010011
11100111100001100011111110001011110100101000001011110010001011001100100011100000010010101010100100111001100101011000101011001000101110101101101000110011110101010011
11100111100001100011111110001011110100101000001011110010001011001100100011100000010010101011010000000001010101111101010111001000101110101101101000110011110101010011
11100111100001100011111110001011110100101000001011110010001011001100100011100000010010101011010010110001010100000110000111000100101011010000100011110011110101010011
11100111100001100011111110001011110100101000001011110010001011001100100011100000010010101011010000001111001110101011111010101111100010011001011110001001111011000100
11100111100001100011111110001011110100101000001011110010001011001100100011100000010010101010100100111001100101010000111010101111100010011001011110001001111011000100
11100111100001100011111110001011110100101000001011110010001011001100100011100000010010101011010000000001010101111101110111111111010001010010011011000010001001010011
11100111100001100010111010100010110110010111110000010111010010000110110010010011000111011010110100110101100111110110100011111111000110110101001010101011101101110001
11100111100001100011111110001011110100101000001011110010001011001100100011100000010010101011010001101100110110100000011111011001000110110001011011001110110101010011
11100111100001100011111110001011110100101000001011110010001011001100100011100000010010101011011010100110100000000011100010010011101010001111001100111011100011010011
11100111100001100011111110001011110100101000001011110010001011001100100011100000010010101011011010100111000111111101110101001100111101000010011111001100110011010011
11100111100001100011111110001011110100101000001011110010001011001100100011100000010010101011011010100110100000000011100010010011101010001111001100111010110011010011
11100111100001100011111110001011110100101000001011110010001011001100100011100000010010101011010000001111001110101011111010101111100010011001011110001010110011010011
11100111100001100011111110001011110100101000001011110010001011001100100011100000010010101011010000000001010101111101110101001100111101000010011111001100110011010011
11100111100001100011111110001011110100101000001011110010001011001100100011100000010010101011010001101100110110100001101101101111100101101110000010111001001101000101
