00011001001000011000010001111100000010011001010100111011010100010110001101001011010110001010010111111110011000101101001001010001001101011111110100001100110111001010
00011001001000011000010001111100000010011001010100111011010100010110001101001011010110111010010111111110011000101101001001010001001101011111110100001100110111001010
00011001001000011000010001111100000011110100111000010010000000110110101101001011010110001010010111111110011000101101001001010001001101011111110100001100110111001010
00011001001000011000010001111100000010000011111001010000111101001001111110010100010110001010010111111110011000101101001001010001001101011111110100001100110111001010
00011001001000011000010001111100000010000011111001010000111101001001111110010000000110111010010111111110011000101101001001010001001101011111110100001100110111001010
00011001001000011000010001111100000011110100111000010010000000110110101101001011010110111010010111111110011000101101001001010001001101011111110100001100110111001010
00011001001000011000010001111100000010011001010100111011000000101100110010010001100000101100110111111110011000101101001001010001001101011111110100001100110111001010
00011001001000011000010001111100000010000011111001010000111101001001111110010000010110001010010111111110011000101101001001010001001101011111110100001100110111001010
00011001001000011000010001111100000010011001010100111011000000101100110010010000010110001010010111111110011000101101001001010001001101011111110100001100110111001010
00011001001000011000010001111100000010000011111001010000111101001001111110010000000111000010010111111110011000101101001001010001001101011111110100001100110111001010
00011001001000011000010001111100000010000011111001010000111101001001111111011010010110111010010111111110011000101101001001010001001101011111110100001100110111001010
00011001001000011000010001111100000010000011111001010000110101010111010000110001010001111110010111011011011101001101001001010001001101011111110100001100110111001010
00011001001000011000010001111100000010000011111001010000111101001001111111011010000011011101100111111110011000101101001001010001001101011111110100001100110111001010
00011001001000011000010001111100000010011001010100111011010100010110000111001101010110111010010111111110011000101101001001010001001101011111110100001100110111001010
00011001001000011000010001111100000010000011111001010000111101001001111111011010010011001101110111111110011000101101001001010001001101011111110100001100110111001010
00011001001000011000010001111100000010011001010100111011000000101100110110001011110011101000100110110100101101100000010011001111110101011111110100001100110111001010
00011001001000011000010001111100000010011001010100111011010100010110001101001011010110001010010111111110011000101101001001010001001101011111110100001100110111001010
