01100111111101101001111100000111000000001110011010101111100000001001010001110101100110011000100001000100010101101000100111110011110110010000100100011100111011101000
01100111111101101001111100000111000000001110011010101111100000001001010001110101100110011000100001000100010101101000100111110011110110010000100100011111011101111100
01100111111101101001111100000111000000001110011010101111100000001001010001011101100110011000100001000100010101101000100111110011110110010000100100011100111011101000
01100111111101101001111100000111000000001110011010101111100101110110000110110000011110011000100001000100010101101000100111110011110110010000100100011100111011101000
01100111111101101001111100000111000011101100011010101111100000001001010001110101100110011000100001000100010101101000100111110011110110010000100100011100111011101000
01100111111101101001111100000111000000001110011010101111100101110110000110110101100110011000100001000100010101101000100111110011110110010000100100011100111011101000
01100111111101101001111100000111000000001110011010101111100000001001010001110101100110011000100001000100011101110100010010101101010101101100010100001101011101111100
01100111111101101001111100000111000000001110011010101111100000001001010011000111100110011000100001000100010101101000100111110011110110010000100100011100111011101000
01100111111101101001111100000111000000001110011010101111100000001001010001110101100110011000100001000100010101101000100111110011110110010000100100011100101101111100
01100111111101101001111100000111000000001110011010101111100000001001010001011101100110011000100001000100010101101000100111110011110110010000100100011111011101111100
01100111111101101001111100000111000000001110011010101111100101110110000110110000011110011000100001000100010101101000100111110011110110010000100100011111011101111100
01100111111101101001111100000111000011101100011010101111100000001001010001110101100110011000100001000100010101101000100111110011110110010000100100011111011101111100
01100111111101101001111100000111000000001110011010101111100000001001010001011000011110011000100001000100010101101000100111110011110110010000100100011100111011101000
01100111111101101001111110000111000000001110011010101111100000001001010001110101100110011000100001000100010101101000100111110011110110010000100100011100111011101000
01100111111101101001111100000111000000001110011010101111100000001001001111001111100110011000100001000100010101101000100111110011110110010000100100011100111011101000
01100111111101101001111100000111000000001110011010101111100000001001010000101000011110011000100001000100010101101000100111110011110110010000100100011100111011101000
01100111111101101001111100000111000000001110011010101111100000001001010001110101100110011000100001000100010101101000100111110011110110010000100100011100111011101000
