11010011101011001011110001101001111010110001011010111011001001001101110101011100011101001001111110010110111101100001011111001000000000100010100000011100010101111110
11011010001001011100011001000001000111111011111110111110011100100100110001111100100000010010001101001101001111110001011111001000000000100010100000011100010101111110
01010000010011110101010011110001110111111011111110111110011100100100110001111100100000010010001101001101001111110001011111001000000000100010100000011100010101111110
00000010100001101111101100000111100000001001111001000010100110111010010101100010100100111100001011001110101001111000111111001000000000100010100000011100010101111110
11010011101011101110001100010100110100101100111001110110100110011011111101001100101011101101011000100001101101100001011111001000000000100010100000011100010101111110
11010011101011101110001100011101110111001001010101011011001001001101110101011100011101001001111110010110111101100001011111001000000000100010100000011100010101111110
00001000101000101110100010000010100000001001111001000010100110111010010101100010100100111100001011001110101001111000111111001000000000100010100000011100010101111110
11011001011101110011000010000010100000001001111001000010100110111010010101100010100100111100001011001110101001111000111111001000000000100010100000011100010101111110
00000010100001101111110100111111010100001011011001100110001011111111100011001001010100010000010010001110101001111000111111001000000000100010100000011100010101111110
10101010111011001111010010111010101111000001010100101100011100100100110001111100100000010010001101001101001111110001011111001000000000100010100000011100010101111110
11010011100011011101110010111101100000001001111001000010100110111010010101100010100100111100001011001110101001111000111111001000000000100010100000011100010101111110
00000010100001101111101000011000001010110001011010111011001001001101110101011100011101001001111110010110111101100001011111001000000000100010100000011100010101111110
11010011100001101111110100111111010100001011011001100110001011111111100011001001010100010000010010001110101001111000111111001000000000100010100000011100010101111110
11010011101011100100110100111011110010110001011010111011001001001101110101011100011101001001111110010110111101100001011111001000000000100010100000011100010101111110
01000000010011111000010010000010100000001001111001000010100110111010010101100010100100111100001011001110101001111000111111001000000000100010100000011100010101111110
00000010100001101111100000001110011000000100111000101011011000000101100011001001010100010000010010001110101001111000111111001000000000100010100000011100010101111110
01100111010011001011100111110000011110001001000101101100010010000000000000011100110110111000010110100001111101100001011111001000000000100010100000011100010101111110
