01111000000100010100010111010110111110110101110000111101100111011110101101110010011011010100000110101011100001111000011010100111000101001000000101100100001010011110
01111000000100010100010111010110111110110101110000111101100111011110101101110010011000110010110001101100101001101111101111010011001111110010000101100100001010011110
01111000000100010100010111010110111110110101110000111101100111011110101101110010011000110010110001101110011000110111110111111111011100111011111110110000100010011110
01111000000100010110011101010110111110110101110000111101100111011110101101110010011000110010110001101110011000110111110111111111011100111011111110110000100010011110
01111000000100001001110101010111010011000000001101111101110111110011100010001110011100101110001101100100111111111100110100010000001001111100101110110000100010011110
01111000000100010100010101111000111110110101110000111101100111011110101101110010011000110010110001101110011000110111110111111111011100111011111110110000100010011110
01111000000100010100010111010110111110110101110000111101100111011110101101110010011000110010110000101110011000110111110111111111011100111011111110110000100010011110
01111000000100010110011101010110111110110101110000111101100111011110101101110010011000110010110001101100101001101111101111010011001111110010000101100100001010011110
01111000000100010100010111010110111110110101110000111101100111011110101101110010011000110010110001101100101010110110010000111101101110101100011000000101001000101100
01111000000100010110011101010110111110110101110000111101100111011110101101110010011011010100000110101011100001111000011010100111000101001000000101100100001010011110
01111000000100010100010111010110111110110101110000111101100111011110101101110010011000110010110001100100111111111100110100010000001001111100101110110000100010011110
01111000000100010100010101111000111110110101110000111101100111011110101101110010011011010100000110101011100001111000011010100111000101001000000101100100001010011110
01111000000100010100010101111000111110110101110000111101100111011110101101110010011000110010110001101100101001101111101111010011001111110010000101100100001010011110
01111000000100010100010111010110111110110101110000111101100111011110101101110010011000110010110001101100101010100001100101001101001010011100011011100000100100011110
01111000000100010100010111010110111110110101110000111101100111011110110001000100100010110011001101110011111000001111001010000111110101001111000101100100001010011110
01111000000100010110011101010110111110110101110000111101100111011110101101110010011000110010110001101100101010110110010000111101101110101100011000000101001000101100
01111000000100010100011011110110100100100101100100111101101000000101001100001001110100010111101000010000000011010011010011111000011011101111100101100100001010011110
