01000110010001011101101000011000001100001001101000010111011110111011100010011000101101010001011110010111111110000011110110010111000000101101011110101000001000111000
01000110010001011101101000011000001100001001101000010111011110111011100010011000101101010001011110011000000111111101011111100000010000101101011110101000001000111000
01000111111111011101101000011000001100001001101000010111011110111011100010011000101101010001011110010111111110000011110110010111000000101101011110101000001000111000
01000110010001011101101000011000001100001001101000010111011110111011100010011000101101010001011110011000000111100100110101100000010000101101011110101000001000111000
01000110010001011101101000011000001100001001101000010111011110111011100010011000101101010001011110010111111110000011110110011100100100010101011110101000001000111000
01000110010001011101101000011000001100001001101000010111011110111011100010011000101101010001011110011000000111111101011110101011100110011010101110101000001000111000
01000110010001011101101000011000001100001001101000010111011110111011100010011000101101010001011111110001101101110010001110101111000000101101011110101000001000111000
00001011111111011101101000011000001100001001101000010111011110111011100010011000101101010001011110010111111110000011110110010111000000101101011110101000001000111000
01000110010001011101101000011000001100001001101000010111011110111011100010011000101101010001011110011000000111111101011111100111100000101101011110101000001000111000
01001101001111011101101000011000001100001001101000010111011110111011100010011000101101010001011110010111111110000011110110010111000000101101011110101000001000111000
01000110010001011101101000011000001100001001101000010111011110111011100010011000101101010001011110011000000111100100001011000111000000101101011110101000001000111000
01000110010001011101101000011000001100001001101000010111011110111011100010011000101101010001011110010111111110000011011011011000110000101101011110101000001000111000
01000110010001011101101000011000001100001001101000010111011110111011100010011000101101010001011110011000000111100100101110101011100110011010101110101000001000111000
01000110010001011101101000011000001100001001101000010111011110111011100010011000101101010001011111110000111100001111100011001000110000101101011110101000001000111000
01000110010001011101101000011000001100001001101000010111011110111011100010011000101101010001011110010111111110000010011100101011010110110101011110101000001000111000
01000110010001011101101000011000001100001001101000010111011110111011100010011000101101010001011110010111111110000011011011011110101000101101011110101000001000111000
00001000011101000011111010010100110101011001101000010111011110111011100010011000101101010001011110010111111110000011110110010111000000101101011110101000001000111000
