11110010110001101111010010001000000111001100110001001101001001101110111100011010111111001000001101100000110001000111010011000100010011100110000111000001000111100011
11110010110001101111010010001000000101010110010001001101001001101110111100011010111111001000001101100000110001000111010011000100010011100110000111000001000111100011
11110010110001101111010010010011000100111110110011010001000110100100111100011010111111001000001101100000110001000111010011000100010011100110000111000001000111100011
11110010110001101111010010001000000101010110010010111101101110110000010011111101010100101110111011100000110011011010111010000101000101100110000111000001000111100011
11110010110001101111010010001000000101011110000100111011101110001110111100011010111111001000001101100000110001000111010011000100010011100110000111000001000111100011
11110010110001101111010010001000000101010110010101001000001100101001011101011000001101011010000101110110100011010010110001011101010100000001001100000010101011101001
11110010110001101111010010001000000111001111011101010100010100000100001010101001001101011010000101110110100011010010110001011101010100000001001100000010101011101001
11110010110001101111010010001000000101010110010010111101101110110000010011111101010100101011010101000001110001101000101101100100110000100011010011100111111011001001
11110010110001101111010010001000000101010110010010111101101110110000010011111101010100101110111011100000110001000111010011000100010011100110000111000001000111100011
11110010110001101111010010001000000101010110010010111101101110110000010011111101010100101011010101000001110001101000101101100101000101100110000111000001000111100011
11110010110001101111010010001000000111001111011101010100010100101100001010101001001101011010000101110110100011010010110001011101010100000001001100000010101011101001
11110010110001101111010010001000000111001111011101001010111100011100011011101011000110010111100001101101100000001111000111100111101101101001000110101110111011011001
11110010110001101111010010001000011011010010110101100011111010101100001010101001001101011010000101110110100011010010110001011101010100000001001100000010101011101001
11110010110001101111010010001000000101011110000100101111010000100100001010101001001101011010000101110110100011010010110001011101010100000001001100000010101011101001
11110010110001101111010101100110111111010111101111000011111010101100001010101001001101011010000101110110100011010010110001011101010100000001001100000010101011101001
11110010110001101111010010001000000101010110000111101011001110011011000011001111100001000011101010110011100011001100101000111100101000001001011010000001000111100011
11110010110001101111010010001000000101010110001100000111101101101110111100011010111111001000001101100000110001000111010011000100010011100110000111000001000111100011
