10101010000010000010010111011111000001111101111100001001111001000010101000111010111100001110000111011111000001000110111100110101011101001100111111110111100011110111
10101010000010000010010111011111000001111101111100001001111001000010101000111010111100001110000111011111000001000110110010010010101110111100011010001001100011110111
10101010000010000010010111011111000001111101111100001001111001000010101000111010111100001110000111011111000001000110100100100111001010101000100001100111100011110111
10101010000010000010010111011111000001111101111100001001111001000010101000111010111100001110000111011111000001111000010011010110110000111000110101011111100011110111
10101010000010000010010111011111000001111101111100001001111001000010101000111010111100001110000111011111000001000110111100110101000101000101001100101111100011110111
10101010000010000010010111011111000001111101111100001001111001000010101000111010111100001110000111011111000001111000011101011011010001000100101000100111100011110111
10101010000010000010010111011111000001111101111100001001111001000010101000111010111100001110000111011111000001000110111100110101011101001100111111111111100011110111
10101010000010000010010111011111000001110110110001100110101000111010100001101101110101110001101101100101110101001001101110001011101101010011001101110011100011110111
10101010000010000010010111011111000001111101111100001001111001000010101000111010111100001110000111011111000001000110111101110000011010100110001000101111100011110111
10101010000010000010010111011111000001111101111100001001111001000010101000111010111100001110000111011111000001000110101111010100000111110111011011001011100011110111
10101010000010000010010111011111000001111101111100001001111001000010101000111010111100001110000111011111000001111000010010010010101110111100011010001001100011110111
10101010000010000010010111011111000001111101111100001001111001000010101000111010111100001110000111011111000001000110111110000000111111010110010011111010110001110111
10101010000010000010010111011111000001111101111100001001111001000010101000111010111100001110000111011111000001000110110010011010111000101110100111111010110001110111
10101010000010000010010111011111000001111101111100001001111001000010101000111010111100001110000111011111000001000110111010011101001011011110000010001010110001110111
10101010000010000010010111011111000001111101111100001001111001000010101000111010111100001110000111011111000001000110111101110000011010100110001111000111100011110111
10101010000010000010010111011111000001111101111100001001111001000010101000111010111100001110000111011111000001000110111101110000011010100110001000100111100011110111
10101010000010000010010111011111000001111101111100001001111001000010101000111010111100001110000111011111001000111001111110111110010001101011100111111010110001110111
