11011001000100010010100011111001011111101010111111000110100011001101100000011110110010100111000011011101000001000110110000101100010111010110011100110000000111111110
11011001000100010010100011111001011111101010111111000110100011001101100000011110110010100111000011011101000001000110111000000010101010100010010110011010110111111110
11011001000100010010100011111001011111101010111111000110100011001101100000011110110010100111000011011101000001000110110000101101010111010110011100110000000111111110
11011001000100010010100011111001011111101010111111000110100011001101101110001100111110000001000010101010010011101101100000011010010111010110011100110000000111111110
11011001000100010010100011111001011111101010111111000110100011001101101110001100111110000001000010101010011001111001101010010000100011011100011100110000000111111110
11011001000100010010100011111001011111101010111111000110100011001101100000011110110011100010110001101100110000100111111010101100010111010110011100110000000111111110
11011001000100010010100011111001011111101010111111000110100011001101101110001100111110000001000010101010010011101101100100011010010111010110011100110000000111111110
11011001000100010010100011111001011111101010111111000110100011001101100000011110110010100111000011011101000001000110111010101100010111010110011100110000000111111110
11011001000100010010100011111001011111101010111111000110100011001101101110001100111110000001000010101010010011101100101110100110010011011100011100110000000111111110
11011001000100010010100011111001011111101010111111000110100011001101101110001100111110000001000010101010011001111001101011100110010011011100011100110000000111111110
11011001000100010010100011111001011111101010111111000110100011001101100000011110110010100100101101101011000001000110110000101100010111010110011100110000000111111110
11011001000100010010100011111001011111101010111111000110100011001101101110001100111110000001000010101010011001111001101000011010010111010110011100110000000111111110
11011001000100010010100011111001011111101010111111000110100011001101100000011110110010100111000011011101000001000110111000110000100011011100011100110000000111111110
11011001000100010010100011111001011111101010111111000110100011001101101110001100111110000001000010101010010011101100101111110000100011011100011100110000000111111110
11011001000100010010100011111001011111101010111111000110100011001101101110001100111110000001000010101010011001111001100010111101110010011110100010011110010110110110
11011001000100010010100011111001011111101010111111000110100011001101101110001100111110000001000010101010010011101101100010100110010011011100011100110000000111111110
11011001000100010010100011111001011111101010111111000110100011001101100000011110110010100111000011011101000001000110110000111010011011011100011100110000000111111110
