00111011110001111011011100100001110000001101001011010100110010011000110100000111110111110000101001111000000110110011110010111010010100101110101110000010100100110110
00111011110001111011011100100001110000001101001011010100110010011000110100000111110111110000101001111000000110110011110010111010010100101110101110010101101100111111
00111011110001111011011100100001110000001101001011010100110010011000110100000111110111110000101001111000000110110011110010111010010100101110101111010011101100111111
00111011110001111011011100100001110000001101001011010100110010011000110100000111110111110000101001111000000110110011110010111010010101101110101110000010100100110110
00111011110001111011011100100001110000001101001011010100110010011000110100000111110111110000101001111000000110110011110010111010010100101110101110000100101001100111
00111011110001111011011100100001110000001101001011010100110010011000110100000111110111110000101001100100000110110011110010111010010100101110101110000010100100110110
00111011110001111011011100100001110000001101001011010100110010011000110100000111110111110000101001111000000110110011110010111010010100100101100001011010011011101111
00111011110001111011011100100001110000001101001011010100110010011000110100000111110111110000101001111000000110110011110010111010010100101110101111010011101101010010
00111011110001111011011100100001110000001101001011010100110010011000110100000111110111110000101001111000000110110011110010111010010100101110101110000010011011101111
00111011110001111011011100100001110000001101001011010100110010011000110100000111110111110000101001111000000110110011110010111010010100101110101110000010100100111111
00111011110001111011011100100001110000001101001011010100110010011000110100000111110111110000101001111000000110110011110010111010010100101110101110000010100111001111
00111011110001111011011100100001110000001101001011010100110010011000110100000111110111110000101001111000000110110011110010111010010100101110101110000011101100111111
00111011110001111011011100100001110000001101001011010100110010011000110100000111110111110000101001111000000110110011110010111010010100100100011111011010011011101111
00111011110001111011011100100001110000001101001010010100110010011000110100000111110111110000101001111000000110110011110010111010010100101110101110000010100100110110
00111011110001111011011100100001110000001101001011010100110010011000110100000111110111110000101001111000000110110011110010111010010100100101100011000100011110110110
00111011110001111011011100100001110000001101001011010100110010011000110100000111110111110000101001111000000110110011110010111010010100101110101110000100101000010010
00111011110001111011011100100001110000001101001011010100110010011000110100000111110111110000101001111000000110110011110010111010010100101110101110000010100100110110
