11101111011010101001110000000011100000110000110110010110111011110001101011000111000101001111100100110001101011001111000010011010111010000010011011111001101100100011
11101111011010101001000000000011100000110000110110010110111011110001101011000111000101001111100100110001101011001111000010011010111010000010011011111001101100100011
11101111011010101001110000000011100000110000110110010110111011110001101011000110110101001111100100110001101011001111000010011010111010000010011011111001101100100011
11101111011010101001110000000011100000110000110110010110111011001100000100001101100011111111100100110001101011001111000010011010111010000010011011111001101100100011
11101111011010101001110000000011100000110000110110010110111011110001101011000100100001101111100100110001101011001111000010011010111010000010011011111001101100100011
11101111011010101001110000000011100000110000110110010110111011110010001111011111000101001111100100110001101011001111000010011010111010000010011011111001101100100011
11101111011010101001110000000011100000110000110110010110111011001101101100001101100011111111100100110001101011001111000010011010111010000010011011111001101100100011
11101111011010101001110000000011100000110000110110010110111011110011100000011001011101001111100100110001101011001111000010011010111010000010011011111001101100100011
11101111011010101001110000000011100000110000110110010110111011110011100000011011110011111111100100110001101011001111000010011010111010000010011011111001101100100011
11101111011010101001110000000011100000110000110110010110111011001100000100001101100001001111100100110001101011001111000010011010111010000010011011111001101100100011
11101111011010101001110000000011100000110000110110011011011010011011110011000111000101001111100100110001101011001111000010011010111010000010011011111001101100100011
11101111011010101001110000000011100000110000110110010110111011111011010100001101100011111111100100110001101011001111000010011010111010000010011011111001101100100011
11101111011010101001110000000011100000110000110110010110111011110010111110001101100011111111100100110001101011001111000010011010111010000010011011111001101100100011
11101111011010101001110000000011100000110000110110010110111011110010011011100011000101001111100100110001101011001111000010011010111010000010011011111001101100100011
11101111011010101001110000000011100000110000110110010110111011110010111110000001011100110010011010001100000011001111000010011010111010000010011011111001101100100011
11101111011010101001110000000011100000110000110110010110111011110011100111111101000100111111100100110001101011001111000010011010111010000010011011111001101100100011
11101111011010101001110000000011100000110000110110010110111011110001101011000111000101001111100100110001101011001111000010011010111010000010011011111001101100100011
