10100000001001101011100011001111001101010010110111111010011110000100011110010010110111001011110101011101000011010000010010100010011100001111001001101101011000011000
10100000001001101011100011001110001100101000000111000100110001110001010011101111000101000100010101000010111001111100111010111001111100000110111110000101010010011000
10100000001001101011100011001110001100101000000111000100110001110001011000010001101000011011111011100111000010100101001110010100100101111100111110000101010010011000
10100000001001101011100011001111001101010010110111111010011110000100011110010010110111001011110101011101000011010000010100010011111000010011011110000011100010011000
10100000001001101011100011001110001100101000000111000100110001110001100110110011110011110011000101001111110100101101010101100010000111100010111110000101010010011000
10100000001001101011100011001111001101010010110111111000101001111100110111001100101011101011000101001000111011001111011001110111011011000110111110000101010010011000
10100000001001101011100011001111001101010010110111111000101001111100110111001100101011101011000101001000111011001110010000111101111111000011101110111010111001011110
10100000001001101011100011001111001101010010110111111000101001111100110111001100101011101011000101001000111011001110010000111101111111000011101110111010111000011000
10100000001001101011100011001110001100101000000111000100100111101011010010001000101101101111111010001011110001010000101011101101100101010110111110000101010010011000
10100000001001101011100011001110001100101000000111000100110001110001101000101100000101111111100110111111010000100011011110110100100100100001100001011001011000011000
10100000001001101011100011001110001100101000000111000100110001110001010011101111000101000001001010101101110000011110011011110011001101101010111110000101010010011000
10100000001001101011100011001111001101010010110111111000101001111100110111001101011100101110000010101001111001111100000111011001100010111100111110000101010010011000
10100000001001101011100011001110001100101000000111000100110001111000101010010110111010101000100011110111101110101011111001100011100010111100111110000101010010011000
10100000001001101011100011001110001100101000000111000100110001110001110101111110111100000101100100011111110001000111110001001011100010111100111110000101010010011000
10100000001001101011100011001110001100101000000111000100110001110000111111011100111011100101010000000001110101101000111001100011100010111100111110000101010010011000
10100000001001101011100011001110001100101000000111000100100111101011010010001000101101101111111010001011110001010000101011011111111001101000010001011111101101100100
10100000001001101011100011001110001100101000000111000100110001110001010011101111000101000100010101000010111001111100111010111001111100100111101110110001001100110101
