10100000110011111010010110101110011101100010000100100101110111001101110111111111101001011000010101101000110101110000110001111000110001100111111101000001011111110100
10100000110011111010010110101110011101100010000100100101110111001101110111111111101100110110011101001001011011111111000111101011000110110111110011101000101011000100
10100000110011111010010110101110011101100010000100100101110111001101110111111111101001011000010101101000110101110000001010000100010000001001100010000111000010110100
10100000110011111010010110101110011101100010000100100101110111001101110111111111101001011000010101101000110101100110011000111000101101000011000110000010011011000100
10100000110011111010010110101110011101100010000100100101110111001101110111110110011110110110110100110100111101100110011000111000101101000011000110000010011011000100
10100000110011111010010110101110011101100010000100100101110111001101110111111111101100100000001111110110100011001101010000000100101101000011000110000010011011000100
10100000110011111010010110101110011101100010000100100101110111001101110010110001111111110100000110100011010011000111000110100001101101000011000110000010011011000100
10100000110011111010010110101110011101100010000100100101110111001101110111111111101001011000010101101000110100101000011111010000111001110001101111111101100011110111
10100000110011111010010110101110011101100010000100100101110111001101110111111111100001001110000111011010100011001101010000000100101101000011000110000010011011000100
10100000110011111010010110101110011101100010000100100101110111001101110111111111101011010100100110100110111110101110100111101010001100000001110100010101111111000100
10100000110011111010010110101110011101100010000100100101110111001101110111111111101101101100111000010101101101000101011101100010101110011111001110011100100001000100
10100000110011111010010110101110011101100010000100100101110111001101110111110110001100001000010000011111011011010001010011101000110001000011000110000010011011000100
10100000110011111010010110101110011101100010000100100101110111001101110111111111101001011000010101101000110100101000011111010000111001110001101111111101100011110100
10100000110011111010010110101110011101100010000100100101110111001101110111111111101001011000010101101000110101110000001010000100011101000011000110000010011011000100
10100000110011111010010110101110011101100010000100100101110111001101110111111111101101101100111000010101101101000111110011001010101101000011000110000010011011000100
10100000110011111010010110101110011101100010000100100101110111001101110111111111101011010100100110100110111110101110100111101010000110100101110001111001001100000100
10100000110011111010010110101110011101100010000100100101110111001101110111111111100010011001000110010111111101101001010001101110010110100001000010001011100010101110
