01100101010111001101111011001001011110110011000000110101101101011011110001011111110110011101111011010001010000110000000111011001111010110000000111011101011101011001
01100101010111001101111011001001011110110011000000110101101101011011110001011111110110011101111011010001010000110000000111011001100100111101011100011011110011100001
01100101010111001101111011001001011110110011000000110101101101011011110001011111110110011101111011010001010000110000000111011001100100111101011100011111110000000100
01100101010111001101111011001001011110110011000000110101101101011011110001011111110110011101111011010001010000110000000111011001111010110000000111011101111011110001
01100101010111001101111011001001011110110011000000110101101101011011110001011111110110011101111011010001010000110000000111011001100100111101011100000011110001011001
01100101010111001101111011001001011110110011000000110101101101011011110001011111110110011101111011010001010000110000000111011001111010110000000111011101011100101100
01100101010111001101111011001001011110110011000000110101101101011011110001011111110110011101111011010001010000110000000111011001111010110000000111011101010000000100
01100101010111001101111011001001011110110011000000110101101101011011110001011111110110011101111011010001010000110000000111011001100100111101011100011110011010001100
01100101010111001101111011001001011110110011000000110101101101011011110001011111110110011101111011010001010000110000000111011001100100111101011100011011100000111110
01100101010111001101111011001001011110110011000000110101101101011011110001011111110110011101111011010001010000110000000111011001111010110000000111011101110100101100
01100101010111001101111011001001011110110011000000110101101101011011110001011111110110011101111011010001010000110000000111011001111010110000000111011101011111110100
01100101010111001101111011001001011110110011000000110101101101011011110001011111110110011101111011010001010000110000000111011001111010110000000111011101010001011001
01100101010111001101111011001001011110110011000000110101101101011011110001011111110110011101111011010001010000110000000111011001111010110000000111011101011101011011
01100101010111001101111011001001011110110011000000110101101101011011110001011111110110011101111011010001010000110000000100111100110001011101010010101011001011110001
01100101010111001101111011001001011110110011000000110101101101011011110001011111110110011101111011010001010000110000000111011001100100111111001011100101100010111001
01100101010111001101111011001001011110110011000000110101101101011011110001011111110110011101111011010001010000110000000111011001111010110000000111011101011100010000
01100101010111001101111011001001011110110011000000110101101101011011110001011111110110011101111011010001010000110000000111011001100100111101011100011011100000111110
