01101001011110010011010011000001110010110111010010111101110000110000100010111001011011000000000010111101110011010110000000001011100011010000000101100001000101000001
01101001011110010011010011000001110010110111010010111100011001000000000011010001000001001011111001110100011001011001011101001011100011010000000101100001000101000001
01101001011110010011010011000001110010110111010010111100011001000001110010001001011011000000000010111101110011010110000000001011100011010000000101100001000101000001
01101001011110010011010011000001110010110111010010111101110000110011000010111001011011000000000010111101110011010110000000001011100011010000000101100001000101000001
01101001011110010011010011000001110010110111010010111100011001000000011100000011011011000000000010111101110011010110000000001011100011010000000101100001000101000001
01101001011110010011010011000001110010110111010010111101110000110010110101001001100101001011111001110100011001011001011101001011100011010000000101100001000101000001
01101001011110010011010011000001110010110111010010111101110000110000100010111001010100000110101001110100011001011001011101001011100011010000000101100001000101000001
01101001011110010011010011000001110010110111010010111100011001000001110010000010010101001011111001110100011001011001011101001011100011010000000101100001000101000001
01101001011110010011010011000001110010110111010010111101110000010100100010111001011011000000000010111101110011010110000000001011100011010000000101100001000101000001
01101001011110010011010011000001110010110111011000101000101101001111100000110000111000000000000010111101110011010110000000001011100011010000000101100001000101000001
01101001011110010011010011000001110010110111010010111100011001000000000010010011011011000000000010111101110011010110000000001011100011010000000101100001000101000001
01101001011110010011010011000001110010110111010010111101110000110000100011111001010100000110101001110100011001011001011101001011100011010000000101100001000101000001
01101001011110010011010011000001110010110111010010111100011001000000011101101011000001101011100100001010111111110110100110110000001011000001000111010011010010110001
01101001011110010011010011000001110010110111010010111100011001000000011101101011000001101011100100001010111111110110000000001011100011010000000101100001000101000001
01101001011110010011010011000001110010110111010010111100011001000001110010000010110101000000000010111101110011010110000000001011100011010000000101100001000101000001
01101001011110010011010011000001110010110111010010111100011001000001110010000111110100101100111011111000100001011001011101001011100011010000000101100001000101000001
01101001011110010011010011000001110010110111010010111100010101111001100110111100000000000000000010111101110011010110000000001011100011010000000101100001000101000001
