10100110000101110010010011010100000100001011110000001101001111011011001000111101100100010000100110010100001000111000110011001101010111000010010110001110110010110110
11111000011010001010100000111111111110001011110000001101001111011011001000111101100100010000100110010100001000111000110011001101010111000010010110001110110010110110
10100110000101110010010011010100000100001011110000001101001111011011001000111101100100010000100110010100001001001110011111011111100111000010010110001110110010110110
11111000011010001010100000111111111110001011110000001101001111011011001000111101100100010000100110010100001001001110011111011111100111000010010110001110110010110110
10100001110000000101111101110101011010001111011110110000111011010000000101010010110000001110100010111011000000110000100101011111100111000010010110001110110010110110
10100110000101110010010011010100000100001011110000001101001111011011001000111101101101000100000110111110011010011011000011101000100111000010010110001110110010110110
10100110000101110010010011010100000111110100110110010001000111001101011010001111111010101010100110010100001000111000110011001101010111000010010110001110110010110110
10100110000101110010010011010100000100001011110000001101001111011011001000111101100100010000100110010100001000111000110011001101001110001111001010101001110010110110
10100110000101110010010011010100000111110100110110010001000111001101011010000010110000001110100010111011000000110000100101011111100111000010010110001110110010110110
11111000011010001010100000111111111110001011110000001101001111011011001000111101101101000100000110111110011010011011000011101000100111000010010110001110110010110110
10100001110000000101111101110101011010001111011110110000111011010000000101010010110000001110100010111011000000110001110010100100100100001101111000111111100011010001
11111000011010001010100000111111111110001011110000001101001111011011001000111101100100010000100110010100001000111000110011001101001110001111001010101001110010110110
10100110000101110010010011010100000111111011011011101011111000010111100101010010110000001110100010111011000000110000100101011111100111000010010110001110110010110110
10100110000101110010010011010100000100001011110000001101001111011011001000111101100100010000100110010100001000100111100000011001010111000010010110001110110010110110
10100110000101110010010011010100000111110100110110010001000111001101011010001111111010101010100110010100001001001110011111011111100111000010010110001110110010110110
10100110000101110010010011010100000111111100100000000010100110001111101000010101010001001100010000101100100111101111001000100101001110001111001010101001110010110110
00111101110010001111100100110000010010000011001010101110100011100010000010100101010010011111011010110101001111010100001001011111100111000010010110001110110010110110
