10111111011111100110001011010100000101000101010011110101111111110010010001000100101010001001101110001111100000101100110011111011000000000010110011110011010010100011
10111111011111100110001011010100000101000101010011110101111111110010010001000100101010001001101110001111100001110001111111101101100001010110101101110111111100100011
10111111011111100110001011010100000101000101010011110101111111110010010001000100101010001001101110001111100001101001010001100010011110011100110001101001001010110011
10111111011111100110001011010100000101000101010011110101111111110010010001000100101010001001101110001111100001101001110010100000110000101101000100100011011100011001
10111111011111100110001011010100000101000101010011110101111111110010010001000100101010001001101110001111100001101001110010110011000000000010110011110011010010100011
10111111011111100110001011010100000101000101010011110101111111110010010001000100101010001001101110001111100001101001010001100000110000101101000100100011011100011001
10111111011111100110001011010100000101000101010011110101111111110010010001000100101010001001101110001111100001101001010001100011000000000010110011110011010010100011
10111111011111100110001011010100000101000101010011110101111111110010010001000100101010001001101110001111100001110001111111110110110010111111111001010111001010001111
10111111011111100110001011010100000101000101010011110101111111110010010001000100101010001001101110001111100001110001111111110110111001001101000100100011011100011001
10111111011111100110001011010100000101000101010011110101111111110010010001000100101010001001101110001111100001110001111111000101011001100111100010001110110011111111
10111111011111100110001011010100000101000101010011110101111111110010010001000100101010001001101110001111100001110001111111111110111001001101000100100011011100011001
10111111011111100110001011010100000101000101010011110101111111110010010001000100101010001001101110001111100001110001111110001010100110100001110100111101101101101010
10111111011111100110001011010100000101000101010011110101111111110010010001000100101010001001101110001111100001101001110010101000100110111111111001010111001010001111
10111111011111100110001011010100000101000101010011110101111111110010010001000100101010001001101110001111100001101001110010010111100010111111111001010111001010001111
10111111011111100110001011010100000101000101010011110101111111110010010001000100101010001001101110001111100001101001010001100010011001101111100010001110110011111111
10111111011111100110001011010100000101000101010011110101111111110010010001000100101010001001101110001111100001110001111111111000100110111111111001010111001010001111
10111111011111100110001011010100000101000101010011110101111111110010010001000100101010001001101110001111100001110001111111111111100001001000100000011101000110101001
