01001001110010000011111001011101010100000101100010100110010111101010110100110110111010110001011011110000100011101001101100001001100111000110110000111100010011100111
01001001110010000011111001011101010100000101100010100110010111100000010111000110011111001000001100001001101110001101101100001001100111000110110000111100010011100111
01001001110010000011111001011101010100000101100010100110010111101010110100110110111010110001110111110000000110001101101100001001100111000110110000111100010011100111
01001001110010000011111001011101010100000101100010100110010111101010110011100100000110011110101010000000000110001101101100001001100111000110110000111100010011100111
01001001110010000011111001011101010100000101100010100110010111100000010111100001010111100101000010000000000110001101101100001001100111000110110000111100010011100111
01001001110010000011111001011101010100000101100010100110010111101010110111001101010110000000010110101110011001101001101100001001100111000110110000111100010011100111
01001001110010000011111001011101010100000101100010100110010111101010110110111011011000001010000100111010000110001101101100001001100111000110110000111100010011100111
01001001110010000011111001011101010100000101100010100110010111100000010111100001000001110111111000000000000110001101101100001001100111000110110000111100010011100111
01001001110010000011111001011101010100000101100010100110010111100000010111100001011001011111000011101011111001101001101100001001100111000110110000111100010011100111
01001001110010000011111001011101010100000101100010100110010111101010110100110110111001000001010010000001110111111101101100001001100111000110110000111100010011100111
01001001110010000011111001011101010100000101100010100110010111100000010111000110011100111101011100001010011001101001101100001001100111000110110000111100010011100111
01001001110010000011111001010011100001011001101011100101000101101101101000101110011000001010000100111010000110001101101100001001100111000110110000111100010011100111
01001001110010000011111001011101010100000101100010100110010111101010110100110110110110011011011001001100011001100110110010101010010111100011010000111100010011100111
01001001110010000011111001011101010100000101100010100110010111101011110001010110011100111101011100001010011001101001101100001001100111000110110000111100010011100111
01001001110010000011111001011101010100000101100010100110010111101010110100110110111001000001010010000000011001100110110010101010010111100011010000111100010011100111
01001001110010000011111001011101010100000101100010100110010111101010110100110110110100000000010110101110011001101001101100001001100111000110110000111100010011100111
01001001110010000011111001011101010100000101100010100110010111101010110100110110111010110001011011110000100011101001101100001001100111000110110000111100010011100111
