11011010001000010110110000110010110011111010110110001010000100000110110101111101011100110001000000010101101010110011000011000101011011011010000011110000000001101101
00110000001000010110110000110010110011111010110110001010000100000110110101111101011100110001000000010101101010110011000011000101011011011010000011110000000001101101
11011010001000010110110000110010110011111010110110001010100111110110011010111101011100110001000000010101101010110011000011000101011011011010000011110000000001101101
11011010001000010110110000110010110011111010110110001100010100000110110101111101011100110001000000010101101010110011000011000101011011011010000011110000000001101101
11011010001000010110110000110010110011111010110110001010000100000110110101111111100010110001000000010101101010110011000011000101011011011010000011110000000001101101
11011010001000010110110000110010110011111010110110001010010100000110110101111101011100110001000000010101101010110011000011000101011011011010000011110000000001101101
11011010001000010110110000110010110011111001101011001010000100000110110101111101011100110001000000010101101010110011000011000101011011011010000011110000000001101101
11011010001000010110110000110010110011111010110110001100010011110010011110000110101011100001000000010101101010110011000011000101011011011010000011110000000001101101
11011010001000010110110000110011111001111111110011001010000100000110110101111101011100110001000000010101101010110011000011000101011011011010000011110000000001101101
01100101001000010110110000110010110011111010110110001010000100000110110101111101011100110001000000010101101010110011000011000101011011011010000011110000000001101101
11011010001000010110110000110010110011111010110110001010100111110110010000001101011100110001000000010101101010110011000011000101011011011010000011110000000001101101
11011010001000010110110000110010110011111010110110001010000100000110110101111100111110100001000000010101101010110011000011000101011011011010000011110000000001101101
11011010001000010110110000110010110011111010110110001010100111111100110101111101011100110001000000010101101010110011000011000101011011011010000011110000000001101101
00010111110000001001010000110010110011111010110110001010000100000110110101111101011100110001000000010101101010110011000011000101011011011010000011110000000001101101
00010110001000010110110000110010110011111010110110001010000100000110110101111101011100110001000000010101101010110011000011000101011011011010000011110000000001101101
11011010001000010110110000110010110011111010110110001010000100000110110101111101011100110001000000010101101010110011000011000101011011011010000011110000011111010111
11011010001000010110110000110010110011111010110110001010000100000110110101111101011100110001000000010101101010110011000011000101011011011010000011110000000001101101
