00000011001011011011010110111010100010100001110001111101000000011011111010011011000010000101001111010101000100001111110111110100000010100000110010001101100101001010
00000011001011011011010110111010100010100001110001111101000000011011111010011011000010000101001111010101000100001111110111110100000010100000110010001101100101000000
00000011001011011011010110111010100010100001110001111101000000011011111010011011000010000101001110000011011100111101000000110100000010100000110010001101100101001010
00000011001011011011010110111010100010100001110001111101000000011011111010011011000101110000111110010110100100101100100111110100000010100000110010001101100101001010
00000011001011011011010110111010100010100001110001110001100000100100100000101011000010000101001111010101000100001111110111110100000010100000110010001101100101001010
00000011001011011011010110111010100011111100011110100101000000011011111010011011000010000101001111010101000100001111110111110100000010100000110010001101100101001010
00000011001011011011010110111010100010100001110001111101000000011011111010011101000010000101001111010101000100001111110111110100000010100000110010001101100101001010
00000011001011011011010110111010100010100001110001111101000000011011111010000111101100000101001111010101000100001111110111110100000010100000110010001101100101001010
00000011001011011011010110111010100010100001110001111101000000011011111010011011000010000101001111010101000100001111110111110100000010100000110101111101100101001010
00000011001011011011010110111010100010100001110001111101000000011011111010011011000010000101001111010101010010011101001011011100000010100000110010001101100101001010
00000011001011011011010110111000001110010101001011111101000000011011111010011011000010000101001111010101000100001111110111110100000010100000110010001101100101001010
00000011010010101010000110111010100010100001110001111101000000011011111010011011000010000101001111010101000100001111110111110100000010100000110010001101100101001010
00000011001011011011010110111010100010100001110001111101000000011011111010011011000101110000111110010110100101110011101011011100000010100000110010001101100101001010
00000011001011011011010110111010100010100001110001111101000000011011111010011011000010000101001111010101000100001111110111110100000010100000110010001101100001101111
00000011001011011011010110111010100010100001110001111101000000011011111010011011000010000101001111010101000111101011110111110100000010100000110010001101100101001010
00000011001011011011010110111010100010100001110001111101000000011011111010011011000010000101001111010101000100001111110111110100000010100000110101111101100110111000
00000011001011011011010110111010100010100001110001111101000000011011111010011011000010000101001111010101000100001111110111110100000010100000110010001101100101001010
