10111001111110100110111000110001101001000101110110100000001001011101000101111011111111000101010011101001011001100011000011110000010101011110011011011001101101111010
10111001111110100110111000110001101001000101110110100000001001011101000101111011111111000101010011101001011001100011000011110000010101011110011011011001101101110100
10111001111110100110111000110001101001000101110110100000001001011101000101111011111111000101010011101001011001100011000011110000010101011110011011101110000101111010
10111001111110100110111000110101001011001100100011101110001001011101000101111011111111000101010011101001011001100011000011110000010101011110011011011001101101111010
10111001111110100110111000110101001011001100100011101110001001011101000101111011111111000101010011101001011001100011000011110000010101011110011011011001101101110100
10111001111110100110111000110101001011001100100011100000001001011101000101111011111111000101010011101001011001100011000011110000010101011110011011011001101101111010
10111001111110100110111000110101001011001100100011100000001001011101000101111011111111000101010011101001011001100011000011110000010101011110011011011001101101110100
10111001111110100110111000110001101001000101001001100000001001011101000101111011111111000101010011101001011001100011000011110000010101011110011011011001101101111010
10111001111110100110111000110001101001000101001001100000001001011101000101111011111111000101010011101001011001100011000011110000010101011110011011011001101101110100
10111001111110100110111000110001100101001101100000100000001001011101000101111011111111000101010011101001011001100011000011110000010101011110011011011001101101111010
10111001111110100110111000110001101001000101110111010000001001011101000101111011111111000101010011101001011001100011000011110000010101011110011011011001101101111010
10111001111110100110111000110001100101001101100000100000001001011101000101111011111111000101010011101001011001100011000011110000010101011110011011011001101101110100
10111001111110100110111000110001101001000101110110100000001001011101000101111011111111000101010011101001011001100011000011110000010110001001011110101000000101111010
10111001111110100110111000110101001011001101100000100000001001011101000101111011111111000101010011101001011001100011000011110000010101011110011011011001101101111010
10111001111110100110111000110001101001000101110111010000001001011101000101111011111111000101010011101001011001100011000011110000010101011110011011011001101101110100
10111001111110100110111000110001101001000101110110100000001001011101000101111011111111000101010011101001011001100011000011110000010101011110011011101111011010110010
10111001111110100110111000110001101001000101110110100000001001011101000101111011111111000101010011101001011001100011000011110000010101011110011011011001101101111010
