010101101111111000000110001011101110101001110010101111111110111011000111000001011111010001001111101010111001100110010111100011111010011010000110011100110101110000000010010111101000
010101101111111000000110001011101110101001110010101111111110111011000111000011110100111111110111000101010110110110101010011110111010010011110001101011000001110000000010010111101000
010101101111111000000110001011101110101001110010101111111110111011000111000001011111010001001111101010111001100110010111100100001110000010000110011100110101110000000010010111101000
010101101111111000000110001011101110101001110010101111111110111011000111000011110100111111110111000101010110110110100010001101101001011010000110011100110101110000000010010111101000
010101101111111000000110001011101110101001110010101111111110111011000111000000010001111011010111111001001001000000110011001110010010011010000110011100110101110000000010010111101000
010101101111111000000110001011101110101001110010101111111110111011000111000001011111010001011101011001101100010101010111001110010010011010000110011100110101110000000010010111101000
010101101111111000000110001011101110101001110010101111111110111011000111000011110100111111110111000101001000010101010111001110010010011010000110011100110101110000000010010111101000
010101101111111000000110001011101110101001110010101111111110111011000110000010001001010001110101101010111001100110010111100011111010011010000110011100110101110000000010010111101000
010101101111111000000110001011101110101001110010101111111110111110101001001101101011110110001101101111010000101011010101001000011011001011010100011000010001110000000010010111101000
010101101111111000000110001011101110101001110010101111111110111011000111000001011111010001001111101010111001110110101001111010110000100000110111011010110101110000000010010111101000
010101101111111000000110001011101110101001110010101111111110111011000111000011110100111111110111000101010100110010010101010100000000101110010111011010110101110000000010010111101000
010101101111111000000110001011101110101001110010101111111110111011000111000001011111010001001111101010111001100110010111100100001110000011110111011010110101110000000010010111101000
010101101111111000000110001011101110101001110010101111111110111011000111000001011111010001001111101010111001100110010111100011100110001101000101001100000000110010100010010111101000
010101101111111000000110001011101110101001110010101111111110111011000111000011110100111111110111000101010110110110100010001101100101101110000110011100110101110000000010010111101000
010101101111111000000110001011101110101001110010101111111110111011000111000001011111010001001111101010111001100110010111100011111010000001111101100110110101110000000010010111101000
010101101111111000000110001011101110101001110010101111111110111011000111000001011111010001001111101010111001100110010111100011111010011010000110010101000011000000000100000000011011
010101101111111000000110001011101110101001110010101111111110111011000111000001011111010001001111101010111001100110010111100011111010011010000110011100110101110000000010010111101000
