011111101011001001010011100000111010100111010001001010100111010011011001110010010000101001000010111011111110010001010110111000000001010010011011001011111101010110010110010001100101
011111101011001001010011100000111010100111010001001010100111000111100010010001000011000010000110100010100000001100011010011100011101100110100000111001101000001111000110010001100101
011111101011001001010011100000111010100111010001101010011001110110001110110001101100001000000001110000010010101010001000111110111101101101001110110001101000001111000110010001100101
011111101011001001010011100000111010100111010001001010100111010011011001110010010000101001001000001101001100111010100111100010110111001111011100010001010001001001100010100001100101
011111101011001001010011100000111010100111010001001010100111010011011011000010001100110111011001000110101111101011111001011111010010010100011111101101111011100001110001001001100101
011111101011001001010011100000111010100111010001001010100111010011011001110010010000101001000010111011111110010101011111010001110100011101001110110001101000001111000110010001100101
011111101011001001010011100000111010100111010001001010100111010011011001110010010000101001000010111011111110010001010110111000000001010010000100110011100001010010001000010100100101
011111101011001001010011100000111010100111010001001010100111010011011001110010010000101001000010111011111110010001010110111000000001010010011011001011111011010101111010100110011010
011111101011001001010011100000111010100111010001001010100111010011011001110010010000101001000010111011111110010001010110111100001100010011101101100001001111011011100101100001000101
011111101011001001010011100000111010100111010001001010100111010011011001110010010000101001000010111011111110010001010110111100001100010011101101100001001111001110111100111111011010
011111101011001001010011100000111010100111010001001010100111010011011001110010010000101001000010111011111110010001010110111000000001010010000100110011100111001001010101110100100101
011111101011001001010011100000111010100111010001001010100111010011011001110010010000101001000010111011111110010001010110111100001101001110111100100010011100010000101110010001100101
011111101011001001010011100000111010100111010001001010100111010011011011000001010101000110010110101110100110010111110001101010000101011011001011000010111111011111110010111000101111
011111101011001001010011100000111010100111010001001010100111010011011001110010010000101001000010111011111110010001010110111000000001010110101011111101011110110011100010100001100101
011111101011001001010011100000111010100111010001001010100111010011011001110010010000101001000010111011111110010101011111010001011010011101100110111011101000001111000110010001100101
011111101011001001010011100000111010100111010001101010011001110110001110110001101100001000000001110000010010101010000000101101101110100100000100101110110111110001011011011111011010
011111101011001001010011100000111010100111010001001010100111010011011011000001010101000110010110101110100110010111110001101010000101011011001011101110111011011101111010100110011010
