100100010111111100110101001001010011111001011011000001111100101000000000010101110110101110010000010100110001011001010000011000001010001111011011101010110001100010100011011100001011
100100010111111100110101001001010011111001011011000001111100101000001111110001110001011010100010010100101100110101010000011000001010001111011011101010110001100010100011011100001011
100100010111111100110101001001010011111001011011000001111100101000001111110001110010011100110010000100110001011001010000011000001010001111011011101010110001100010100011011100001011
100100010111111100110101001001010011111001011011000001111100101000001111110001110010011100110010010100101100110101010000011000001010001111011011101010110001100010100011011100001011
100100010111111100110101001001010011111001011011000001111100000111110011011000100100101011100111110100110001011001010000011000001010001111011011101010110001100010100011011100001011
100100010111111100110101001001010011111001011011000001111100101000001111110001110010010100100000010100110001011001010000011000001010001111011011101010110001100010100011011100001011
100100010111111100110101001001010011111001011011000001111100101000001111110001110011100110100010010100101100110101010000011000001010001111011011101010110001100010100011011100001011
100100010111111100110101001001010011111001011011000001111100101000001111110001110010010111011000110110011111011001010000011000001010001111011011101010110001100010100011011100001011
100100010111111100110101001001010011111001011011000001111100101000000000101101010110000011100010010100101100110101010000011000001010001111011011101010110001100010100011011100001011
100100010111111100110101001001010011111001011011000001111100101000001111110001110010011111010000010100110001011001010000011000001010001111011011101010110001100010100011011100001011
100100010111111100110101001001010011111001011011000001111100101000001111110001110010011100100111011001101101001101101001001110010111001101001100011101000101100010100011011100001011
100100010111111100110101001001010011111001011011000001111100001000010110100111011101011010100010010100101100110101010000011000001010001111011011101010110001100010100011011100001011
100100010111111100110101001001010011111001011011000001111100101000001111110001110010010011010010010100101100110101010000011000001010001111011011101010110001100010100011011100001011
100100010111111100110101001001010011111001011011000001111100101000001111110001110010011100100101110100101100110101010000011000001010001111011011101010110001100010100011011100001011
100100010111111100110101001001010011111001011011000001111100101000001111110001110010010010101000100011001111011001010000011000001010001111011011101010110001100010100011011100001011
100100010111111100110101001001010011111001011011000001111100000111111011010111001000100110010000010100110001011001010000011000001010001111011011101010110001100010100011011100001011
100100010111111100110101001001010011111001011011000001111100101000001111110001110010011111010000010100110001011001010000011000001010001111011011101010110001100010100011011100001011
