001001100100101100000010111010101110110101100111001001011010011010000100001010111101000111000100001011001011000110101110011101100111110010010110000101110100100000100011001000011011
001001100100101100000010111010101110110101100111001001011010011010000100001010111101000111000100001011001011000110101110011101100111110010010111010101100010001000111001111000011011
001001100100101100000010111010101110110101100111001001011010011010000100001010111101000111000100001011001011000110101110011101100111101110100000000110111010010110110110011100011011
001001100100101100000010111010111001011101100010010110111101110110011111110010000000001111010010011111000011100100100100110001000100101001001101100100011000101000111001111000011011
001001100100101100000010111010101110110101100111001001011010011010000100001010111101000111000100001011001011000110101110011101100111101111010001111010100110001000111001111000011011
001001100100101100000010111010101110110101100111001001011010011010000100001010111101000111000100001011001011000110101110011101100111101100110011110100101000101011010100111100011011
001001100100101100000010111010101110110101100111001001011010011010000100001010111101000111000100001011001011000110101110011101100111101100100100110000100111011100000001001000011011
001001100100101100000010111010101110110101100111001001011010011010001000100111110001111100001011110110101001000110000101100101100100001111001000100010010110001000111001111000011011
001001100100101100000010111010111001001100001010110101110111001100111010010101000001011100101011101000111111010101010110001100001101000010011001111010100110001000111001111000011011
001001100100101100000010111010101110110101100111001001011010011010000100001010111101000111000100001011001011000110101110011101100111110000001010111010010110001000111001111000011011
001001100100101100000010111010101110110101100111001001011010011010000100001010111101000111000100001011001011000110101110011101101011000100001100010010011000101000111001111000011011
001001100100101100000010111010111001001100001010110101110111001100111010010101000001011100101011101000111111010101010110001100001101000010101001100100011000101000111001111000011011
001001100100101100000010111010101110110101100111001001011010011010000100001010111101000111000100001011001011000110101110011101100111110010010111010100111001101100011010011100011011
001001100100101100000010111010101110110101100111001001011010011010001000100111110001111100001011110110101001000110000101100101100100001111001000000110111010010110110110011100011011
001001100100101100000011011111110011110011011010000010100100010000010111101101010110010110000010101111010101111011111011111001110111110110001111011010100110001000111001111000011011
001001100100101100000010111010111001001101010101101110101111101000101110001101001010100000000111001111001000100110100010001011110111110011101000000110111010010110110110011100011011
001001100100101100000010111010111001011101100010010110111101110110011111110010000000001111010010011111000011100001011111110010011000001011101100010001101110111100111101100000000010
