001011011111111101110011001001100001000111111101001100001110001010001010111010000010100000111101100001111101010001111011100101000110010011110000100000010001100001000111001001010010
001011011111111101110011001001100001000111111101001100001110001010001010111010000010100000111101100001111101010001111011100101000110010011110000100000010001100010011010101000011010
001011011111111101110011001001100001000111111101001100001110001010001010111010000010100000111101100001111101010001111000110110110011000110010011001011111000010010011010101000011010
001011011111111101110011001001100001000111111101001100001110001011100100001100011011101010100100011011111101111010111001111110011101111001101001101000001101011110111101000111011011
001011011111111101110011001001100001000111111101001100001110001011100100001100011011101010100100011011011111010111111100100100011101011101110001101001100101111101100001001101010010
001011011111111101110011001001100001000111111101001100001110001010001010111010000010100000111101100001111101010001111000110110110011000111011000011000111010111110111101000111011011
001011011111111101110011001001100001000111111101001100001110001010001010111010000010100000111101100001100100001111010101001001110010011100011011001011110110011001101001001101010010
001011011111111101110011001001100001000111111101001100001110001011100111011011010001011011100001111000100100111100011000010000001111101101100000111011000000101101010001001101010010
001011011111111101110011001001100001000111111101001100001110001010001010111010000010100000111101100001111101010001111000110110110011000110010011001011111000010001000111001001010010
001011011111111101110011001001100001000111111101001100001110001010001010111010000010100000111101111001010111000010011100101110010111111011001001011001101010001000100001001001010010
001011011111111101110011001001100001000111010011101001010001011101100000001000010100100100110000010101000000011001011011100011011110001100011101110001011100001110111101000111011011
001011011111111101110011001001100001000111111101001100001110001011100111011011010001011011100001111000100100111100001110110101100110110110110110111000001001010000000111001001010010
001011011111111101110011001001100001000111111101001100001110001010001010111010000010100000111101100001100100001111010101001001110010011100011011001011110000100111010001001101010010
001011011111111101110011001001100001000111111101001100001110001011100111011011010001011011100001111000100100111100001001110000111101011110110011010111010111110010101000110001010010
001011011111111101110011001001100001000111111101001100001110001010001010111010000010100000111101100001111101010001111011100101000110010011110000100000010001101110111101000111011011
001011011111111101110011001001100001000111111101001100001110001011100100001100011011101010100100011011011111010111111100100101011101000101001011101111000101011110111101000111011011
001011011111111101110011001001100001000111111101001100001110001010001010111010000010100000111101100001111101010001111000110110110011000110010011001011111000011100011010110110010100
