000110011001101110100010111100000111011101000111000011010100000110011111101111111001001000101111001100110110100101110010010001010001101100011100100001010111001111001100111011001111
000110011001101110100010111100000111011101000111000011010100000110011111101111111001001000101111000110101001010001110010010001010001101100011100100001010111001111001100111011001111
000110011001101110100010111100000111011101000111000011010100000110011111101111111001001000101111001100110110100010000101011010001001101100011100100001010111001111001100111011001111
000110011001101110100010111100000111011101000111000011010100000110011111101111111001001000101111001100110110100000110010010001010001101100011100100001010111001111001100111011001111
000110011001101110100010111100000111011101000111000011010100000110011111101111111001001000101111000110101001011000001111101110011011101100011100100001010111001111001100111011001111
000110011001101110100010111100000111011101000111000011010100000110011111101111111001001000100100101100100110110001110010010001010001101100011100100001010111001111001100111011001111
000110011001101110100010111100000111011101000111000011010100000110011111101111111001001000101111000110101010101011110010010001010001101100011100100001010111001111001100111011001111
000110011001101110100010111100000111011101000111000011010100000110011111101111111001001000101111001100110101000101110010010001010001101100011100100001010111001111001100111011001111
000110011001101110100010111100000111011101000111000011010100000110011111111100110100110100111111000000100101101000001111101110011011101100011100100001010111001111001100111011001111
000110011001101110100010111100000111011101000111000011010100000110011111101111111001001000101111000110101001000101110010010001010001101100011100100001010111001111001100111011001111
000110011001101110100010111100000111011101000111000011010100000110011111101111111001001000101111000110101001000011001000111111110001101100011100100001010111001111001100111011001111
000110011001101110100010111100000111011101000111000011010100000110011111101111111001001000101111000110101010101110101100001010101001110010101100000001010111001111001100111011001111
000110011001101110100010111100000111011101000111000011010100000110011111101111111001001000101111000110101001000001101111101110011011101100011100100001010111001111001100111011001111
000110011001101110100010111100000111011101000111000011010100000110011111101111111001001000101111001100110110100000010111101011000110110100111111010001010111001111001100111011001111
000110011001101110100010111100000111011101000111000011010100000110011111101111111001001000101111001100110100011001111001111010010001110001100101010011011111000011110001001001100111
000110011001101110100010111100000111011101000111000011010100000110011111101111111001001000101111000111110110011010100111000111010101001111100001001001110100100101111011001101100101
000110011001101110100010111100000111011101000111000011010100000110011111101111111001001000101111000110101001010001110010010001010001101100011100100001010111001111001100111011001111
