000010111001001001110011101101101110100100100001111001010111011010100111101101001111000000110111010110110011101001001000010111110000110100100110010010110010100111110001111010110001
000010111001001001110011101101101110100100100001111001010111011010001110000101001111000000110111010110110011101001001000010111110000110100100110010010110010100111110001111010110001
000010111001001001110011101101101110100100100001111001010111011010001111010110111101000001010100000110111110010011000111111011110000110100100110010010110010100111110001111010110001
000010111001001001110011101101101110100100100001111001010111011010000000100100110101111011011111111110100110100000111001100110000110000101100110001001100011000101111101001111010001
000010111001001001110011101101101110100100100001111001010111011010001101011110011110010000011011010101011000000011100001010111110000110100100110010010110010100111110001111010110001
000010111001001001110011101101101110100100100001111001010111011010001101010111000110000110110110100111101010011011001011101110100100101011000000001110101010110101101101001111010001
000010111001001001110011101101101110100100100001111001010111011010101110000101001111000000110111010110110011101001001000010111110000110100100110010010110010100111110001111010110001
000010111001001001110011101101101110100100100001111001010111011010000000010111101011111001110001000001011001101001001000010111110000110100100110010010110010100111110001111010110001
000010111001001001110011101101101110100100100001111001010111011010110011100111101011111001110001000001011001101001001000010111110000110100100110010010110010100111110001111010110001
000010111001001001110011101101101110100100100001111001010100010110101110100100011111010001110010011111111001001001011101011001111100110100011001010111010010100110010101001111010001
000010111001001001110011101101101110100100100001111001010100010110101111001010101100111001110011000111110100011101111001000011100101010010111111001101110101101010111101001111010001
000010111001001001110011101101101110100100100001111001010111011010001110111101011101000001010100000110111110010011000111111011110000110100100110010010110010100111110001111010110001
000010111001001001110011101101101110100100100001111001010111001101101011001110111110010011101110010110010000000010000111111011110000110100100110010010110010100111110001111010110001
000010111001001001110011101101101110100100100001111001010111011010000000100100110110101001000011000001000000000010000111111011110000110100100110010010110010100111110001111010110001
000010111001001001110011101101101110100100100001111001010111011010000000100100110110101001000011000001000011011001110000001111110000110100100110010010110010100111110001111010110001
000010111001001001110011101101101110100100100001111001010111011010000000100001011011110000110111101000001010100001001100001000111011100000111100100011111110000101111101001111010001
000010111001001001110011101101101110100100100001111001010111011010001111101111110010111001010110110101000110000101010011100001010110101110111101001010001001100100110111011110100110
