100110101000000101010010101000010111110000000100101111100011101001101100110011010010010011110000110100001101111101001001101110001111101110001110001001001110111000110
101111100000000101010010101000010111110000000100101111100011101001101100110011010010010011110000110100001101111101001001101110001111101110001110001001001110111000110
100000101000000101010010101000010111110000000100101111100011101001101100110011010010010011110000110100001101111101001001101110001111101110001110001001001110111000110
100110111000000101010010101000010111110000000100101111100011101001101100110011010010010011110000110100001101111101001001101110001111101110001110001001001110111000110
100000011100011001010010101000010111110000000100101111100011101001101100110011010010010011110000110100001101111101001001101110001111101110001110001001001110111000110
100001101000000101010010101000010111110000000100101111100011101001101100110011010010010011110000110100001101111101001001101110001111101110001110001001001110111000110
110111100000000101010010101000010111110000000100101111100011101001101100110011010010010011110000110100001101111101001001101110001111101110001110001001001110111000110
110111000000000101010010101000010111110000000100101111100011101001101100110011010010010011110000110100001101111101001001101110001111101110001110001001001110111000110
100000100000000101010010101000010111110000000100101111100011101001101100110011010010010011110000110100001101111101001001101110001111101110001110001001001110111000110
100000011011101101010010101000010111110000000100101111100011101001101100110011010010010011110000110100001101111101001001101110001111101110001110001001001110111000110
100000011100000101010010101000010111110000000100101111100011101001101100110011010010010011110000110100001101111101001001101110001111101110001110001001001110111000110
100000011101011111111010101000010111110000000100101111100011101001101100110011010010010011110000110100001101111101001001101110001111101110001110001001001110111000110
100110101000000101010010101000010111110000000100101111100011101001101100110011010010010011110000110100001101111101001001101110001111101101001110001001001110111000110
100000011100011001010011001110010111110000000100101111100011101001101100110011010010010011110000110100001101111101001001101110001111101110001110001001001110111000110
101111100000000101010010101000010111110000000100101111100011101001101100110011010010010011110000110100001101111101001001101110001111101101001110001001001110111000110
100000011100101010110111001110010111110000000100101111100011101001101100110011010010010011110000110100001101111101001001101110001111101110001110001001001110111000110
101111100000000101010010101000010111110000000100101111100011101001101100110011010010010011110000110100001101111101001001101110001111101110001110001001001110111000110
