111011100110111011100101001101001100111011101001100000100011001000001100010100101111010000001110101010100001100110011111010011011001101110100110111100011101101000110
111011100110111011100101001101001100111011101001100000100011001000001100010010010111110000011011011110001000111100111011010011011001101110100110111100011101101000110
111011100110111011100101001101001100111011101001100000100011001000001100010110010011111011000000110110010001001101111011010011011001101110100110111100011101101000110
111011100110111011100101001101001100111011101001100000100011001000001100010110010011111011000000110110010110011101011111010011011001101110100110111100011101101000110
111011100110111011100101001101001100111011101001100000100011001000001100010100101100100110110100000000101101011011111011010011011001101110100110111100011101101000110
111011100110111011100101001101001100111011101001100000100011001000010000010011100111001101101100001100110100100010110011010011011001101110100110111100011101101000110
111011100110111011100101001101001100111011101001100000100011001000010011111000111111100011110011011101101011110010111011010011011001101110100110111100011101101000110
111011100110111011100101001101001100111011101001100000100011001000010011111000111111100011100101100111110100011100011111010011011001101110100110111100011101101000110
111011100110111011100101001101001100111011101001100000100011001000001100010010010111110000011000010011000111100100111011010011011001101110100110111100011101101000110
111011100110111011100101001101001100111011101001100000100011001000010000010010110011001000111101010111010100101010110011010011011001101110100110111100011101101000110
111011100110111011100101001101001100111011101001100000100011001000010000010011100111001101101100001100110100100010110011110000011000111000110011011000100110000101111
111011100110111011100101001101001100111011101001100000100011001000001100010110010011111011000000011110001000111100111011010011011001101110100110111100011101101000110
111011100110111011100101001101001100111011101001100000100011001000001111011100000010111010111001000001101011110010111011010011011001101110100110111100011101101000110
111011100110111011100101001101001100111011101001100000100011001000001100010100101111100011100101100111110100011100011111010011011001101110100110111100011101101000110
111011100110111011100101001101001100111011101001100000100011001000001100010100101111100011110011011101101011110010111011010011011001101110100110111100011101101000110
111011100110111011100101001101001100111011101001100000100011001000001100010010010111110000011011011101001101011011111011010011011001101110100110111100011101101000110
111011100110111011100101001101001100111011101001100000100011001000010000010010111010100001111101001111100111010111000111010011011001101110100110111100011101101000110
