111010010010100101101000110000111010100010110110111000110101100001111110000100001011110101101010101011001101101100001100011010110001001110001101011100101000001111100
111010010010100101101000110000111010100010110110111000110101100001111110000100001011110101101010101011001101101100001110100111110011011010001101011100101000001111100
111010010010100101101000110000111010100010110110111000110101100001111110000100001011110101101010101011001101101100001100010010010001001110001101011100101000001111100
111010010010100101101000110000111010100010110110111000110101100001111110000100001011110101101010101011001101101100001100011001010001001110001101011100101000001111100
111010010101100101101000110000111010100010110110111000110101100001111110000100001011110101101010101011001101101100001100011010110001001110001101011100101000001111100
111010010010100101101000110000111010100010110110111000110101100001111110000100001011110101101010101011001101101100001100011010110011011010001101011100101000001111100
111010010010100101101000110000111010100010110110111000110101100001111110000100001011110101101010101011001101000100111011100001010001001110001101011100101000001111100
111010010010100101101000110000111010100010110110111000110101100001111110000100001011110101101010101011001101101100001100011010110000011010001101011100101000001111100
111010010010100101101000110000111010100010110110111000110101100001111110000100001011110101101010101011001101101100001100011010110001000000010011011100101000001111100
111010010010100101101000110000111010100010110110111000110101100001111110000100001011110101101010101011001101101100001100011010110001000000000101011100101000001111100
111010010010100101101000110000111010100010110110111000110101100001111110000100001011110101101010101011001101101100001110100111110011010100000101011100101000001111100
111010010010100101101000110000111010100010110110111000110101100001111110000100001011110101101010101011001101101100001100110011110011011010001101011100101000001111100
111010010010100101101000110000111010100010110110111000110101100001111110000100001011110101101010101011001101101110110111011000100000010100000101011100101000001111100
111010010010100101101000110000111010100010110110111000110101100001111110000100001011110101101010101011001101000100111011111001001011110001000111010101101000001111100
111000001001000101101000110000111010100010110110111000110101100001111110000100001011110101101010101011001101101100001100011010110001001110001101011100101000001111100
111100100001100101101000110000111010100010110110111000110101100001111110000100001011110101101010101011001101101100001100011010110001001110001101011100101000001111100
111010010010100101101000110000111010100010110110111000110101100001111110000100001011110101101010101011001101101100001100011010110001001110001101011100101000001111100
