101111110110110011100000011011101011001111110101110011111101011011111101111111000100010101111100010010101111010101000001011100110010001011111011011100000000001110111
101111110110110011100000011011101011001111110101110011111101011011111101111111000110000011100010010010101111010101000001011100110010001011111011011100000000001110111
101111110110110011100000011011101011001111110101110011111101011011111101111111000100010110011010010010101111010101000001011100110010001011111011011100000000001110111
101111110110110011100000011011101011001111110101110011111101011011111101111111000100010101111100010001000101010101000001011100110010001011111011011100000000001110111
101111110110110011100000011011101011001111110101110011111101011011111101111111000100010000001010010010101111010101000001011100110010001011111011011100000000001110111
101111110110110011100000011011101011001111110101110011111101011011111101111111000100010101111100010010011101010101000001011100110010001011111011011100000000001110111
101111110110110011100000011011101011001111110101110011111101011011111101111111000100010101101010010010101111010101000001011100110010001011111011011100000000001110111
101111110110110011100000011011101011001111110101110011111101011011111101111011000110000011100010010010101111010101000001011100110010001011111011011100000000001110111
101111110110110011010011100110011111001111110101110011111101011011111101111111000100010101111100010010101111010101000001011100110010001011111011011100000000001110111
101111110110110011100000011011101011001111110101110011111101011011111101111111000100010101111100010010101111010101000001011100110010001011001011011100000000001110111
101111110110110011100000011011101011001111110101110011111101011011111101111011000011101001110010010010101111010101000001011100110010001011111011011100000000001110111
101111110110110011100000011011101011001111110111110011111101011011111101111111000100010101111100010010101111010101000001011100110010001011111011011100000000001110111
101111110110110011100000011011101011001111110101110011111101011011111101111111000110010101111100010010101111010101000001011100110010001011111011011100000000001110111
101111110110110011100000011011101011001111110101110011111101011011111101111111000100010101111100010010101111010101000001011100110010001001001011011100000000001110111
101111110110110011100000011011101011001111110101110011111101011011111101111111000100010101111100010010101111010101000001011100110010001011111011011100000010110011000
101111110110110011100000011011101011001111110101110011111101011011111101111111000100010101111100010010101111010101000001011100110010001001111110110101000000001110111
101111110110110011100000011011101011001111110101110011111101011011111101111111000100010101111100010010101111010101000001011100110010001011111011011100000000001110111
