101011110100100100000111110001111001011001110000000000011001010111101001110011000001101110100000101011010000100011101100110000110101101000110011000010100000011111101
101011110100100100000111110001111001011001110000000000011001010111101001100111111100011010100001111011010000100011101100110000110101101000110011000010100000011111101
101011110100100100000111110001111001011001110000000000011001010111101001100111111100001001001011110111110000100011101100110000110101101000110011000010100000011111101
101011110100100100000111110001111001011001110000000000011001010111100100100000001000111101110010010111100010111100010100110000110101101000110011000010100000011111101
101011110100100100000111110001111001011001110000000000011001010111101001100111111100001001110110000011010000100011101100110000110101101000110011000010100000011111101
101011110100100100000111110001111001011001110000000000011001010111101001110011000001001111110100101011010000100011101100110000110101101000110011000010100000011111101
101011110100100100000111110001111001011001110000000000011001010111101001100111111100001100001101101011010000100011101100110000110101101000110011000010100000011111101
101011110100100100000111110001111001011001110000000000011001010111100100100000001000111101110010010100010000100011101100110000110101101000110011000010100000011111101
101011110100100100000111110001111001011001110000000000011001010111101001110011000001101111110100101011010000100011101100110000110101101000110011000010100000011111101
101011110100100100000111110001111001011001110000000000011001010111101001110011000011100111110100101011010000100011101100110000110101101000110011000010100000011111101
101011110100100100000111110001111001011001110000000000011001011000010010001100001110110010001011110111110000100011101100110000110101101000110011000010100000011111101
101011110100100100000111110001111001000101110000000000011001010111101001110011000001101110100000101011010000100011101100110000110101101000110011000010100000011111101
101011110100100100000111110001111001011001110000000000011001011000010011110000001010000001110110000011010000100011101100110000110101101000110011000010100000011111101
101011110100100100000111110001111001011001110000000000011001010111101001110011000011110010100101010010010000100011101100110000110101101000110011000010100000011111101
101011110100100100000111110001111001011001110000000000011001010111101001110011000001101110100000101011010000100011101100110000110101101000110011000010100000011101010
101011110100100100000111110001111001011001110000000000011001010111101001110011000001101110100000101011010000100011101100110000110101101000110011000010100000000110110
101011110100100100000111110001111001011001110000000000011001010111101001110011000001101110100000101011010000100011101100110000110101101000110011000010100000011111101
