111100100101100101011010011101001101001101010100110111010011100110101001001001110101101000100010010010011010110101101000011010111101100100100111100010000011111100110
111100100101100101011010011101001101001101010100110111010011100110101001001001110101101000100010010010011010110101101000011010111101100100100111100010000011101010111
111100100101100101011010011101001101001101010100110111010011100110101001001001110101101000100010010010011010110101101000011010111101100100100111100010000000100100110
111100100101100101011010011101001101001101010100110111010011100110101001001001110101101000100010010010011010110101101000011010111101100100100111100010000011101010110
111100100101100101011010011001011000010011100100110111010011100110101001001001110101101000100010010010011010110101101000011010111101100100100111100010000011111100110
111100100101100101011010011001011000010011100100110111010011100110101001001001110101101000100010010010011010110101101000011010111101100100100111100010000011101010111
111100100101100101011010011101001101001101010010110111010011100110101001001001110101101000100010010010011010110101101000011010111101100100100111100010000011111100110
110111011000110001010001000110110110110101010100110111010011100110101001001001110101101000100010010010011010110101101000011010111101100100100111100010000011111100110
111100100101100101011010011101001101001101010010101000111101000110101001001001110101101000100010010010011010110101101000011010111101100100100111100010000011111100110
111100100101100101011010011101001101001101010010110111010011100110101001001001110101101000100010010010011010110101101000011010111101100100100111100010000011101010111
110111011000110001010001000110110110110101010100110111010011100110101001001001110101101000100010010010011010110101101000011010111101100100100111100010000011101010111
101110001110010011100010011101001101001101010100110111010011100110101001001001110101101000100010010010011010110101101000011010111101100100100111100010000011111100110
111100100101100101011010011101001101001101010010101000111101000110101001001001110101101000100010010010011010110101101000011010111101100100100111100010000011101010111
101110001110010011100010011101001101001101010100110111010011100110101001001001110101101000100010010010011010110101101000011010111101100100100111100010000011101010111
111100100101100101011010011101001101001101010100110111010011100110101001001001110101101000100010010010011010110101101000011010111101100100100111100001111100000000110
101100100101100101011010011101001101001101010100110111010011100110101001001001110101101000100010010010011010110101101000011010111101100100100111100010000011111100110
111100100101100101011010011101001101001101010100110111010011100110101001001001110101101000100010010010011010110101101000011010111101100100100111100010000011101010111
