000100101110010100101100110011001010010000111110010010001111100010101100100100010010000000000111001000100101110101001010001101100100100011001111010010001000011101110
000100101110010100101100110011001010010000111110010010001111100010101100100100010010000000000111001000110110000110011100001010001010011000011101101101101000101010010
000100101110010100101100110011001010010000111110010010001111100010101100100100010010000000000111001011000101110101001010001101100100100011001111010010001000011101110
000100101110010100101100110011001110111101010110000100001100010111010111001000010010000000000111001000100101110101001010001101100100100011001111010010001000011101110
000100101110010100101100110011001110111101010110000100001100010100101011001000010010000000000111001000100101110101001010001101100100100011001111010010001000011101110
000100101110010100101100110011001010010000111110010010001111100010101100100100010010000000000111001000110110000110011100001010111001000010100111010010001000011101110
000100101110010100101100110011001010010000111110010010001111100010101100100100010010000000000111001000110110000110011100001010001010111100100010000011110110111101110
000100101110010100101100110011001010010000111110010010001111100010101100100100010010000000000111001000110110000110011100001010001010111100100001001101100110111101110
000100101110010100101100110011001010010000111110010010001111100010101100100100010010000000000111001000100101110101001010001101100100100011001111010011111010111100100
000100101110010100101100110011001010010000111110010010001111100010101100100100010010000000000111001000100110110101001010001101100100100011001111010010001000011101110
000100101110010100101100110011001010010000111110010010001111100010101100100100010010000010100001000001100110110101001010001101100100100011001111010010001000011101110
000100101110010100101100110011001010010000111110010010001111100010101100100100010010000000000111001000100100100000001010001101100100100011001111010010001000011101110
000100101110010100101100110011001010010000111110010010001111100010101100100100010010000000000111001011000101110101001010001101100100100011001111010011111010111100100
000100101110010100101100110011001010010000111110010010001111100010101100100100010010000000000111001000100101110101001010001101100100100011001111010011111010010100100
000100101110010100101100110011001010010000111110010010001111100010101100100100010010000000000111001000110110000110011100001010111001000001010110100011011001100000100
000100101110010100101100110011001110111101010110000100001100010111010111001000010010000000000111001000100101110101001010001101100100100011001111010011111010111100100
000100101110010100101100110011001010010000111110010010001100100110101001001100111111010111101000010001011111101111001100001101001010011101001001110101001011001111110
