011110100000111100101010101100101011001100100111010110000011011011001011011110001100011101011101111110100000001000000011101100001111000110101100111101101011011100100
011110100000111100101010101100101011001100100111010110000011011011001011011110001100011101011101111110100000001000000011101100001111000110101111100011011111111100100
011110100000111100101010101100101011001100100111010110000011011011001011011110001100011101011101111110100000001000000011101100001111000110101111110011100111111100100
011110100000111100101010101100101011001100100111010110000011011011001011011110001100011101011101111110100000001000000011101100001111000110101101000110000110110001100
011101010011000001011101101100101011001100100111010110000011011011001011011110001100011101011101111110100000001000000011101100001111000110101100111101101011011100100
011110100000111100000100101100101011001100100111010110000011011011001011011110001100011101011101111110100000001000000011101100001111000110101100111101101011011100100
011101010011000001110010101100101011001100100111010110000011011011001011011110001100011101011101111110100000001000000011101100001111000110101100111101101011011100100
011101010011000001011110101001000110101011100111010110000011011011001011011110001100011101011101111110100000001000000011101100001111000110101100111101101011011100100
011101010011000001011101101100101011001100100111010110000011011011001011011110001100011101011101111110100000001000000011101100001111000110101111100011011111111100100
011110100000111100000100101100101011001100100111010110000011011011001011011110001100011101011101111110100000001000000011101100001111000110101111100011011111111100100
011101010011000001110010101100101011001100100111010110000011011011001011011110001100011101011101111110100000001000000011101100001111000110101111100011011111111100100
011101010011000001011110101001000110101011100111010110000011011011001011011110001100011101011101111110100000001000000011101100001111000110101111100011011111111100100
011110100000111100101010101001000110101011100111010110000011011011001011011110001100011101011101111110100000001000000011101100001111000110101100111101101011011100100
011110100000111100101010101100101011001100100111010110000011011011001011011110001100011101011101111110100000001000000011101100001111000110101111110110110101001100100
011101010011000001011101101100101011001100100111010110000011011011001011011110001100011101011101111110100000001000000011101100001111000110101111110011100111111100100
011110100000111100101010101100101011001100100111010110000011011011001011011110001100011101011101111110100000001000000011101100001111000111011101110101111011000100000
101011110011101100101101101100101011001100100111010110000011011011001011011110001100011101011101111110100000001000000011101100001111000111011101110101111011000100001
