101000001101110101001101010111101111000001000010100000110001000010011100100101101111001010001010110111110011011001001111100000100000100111010010010010010000100111011
101000001101110101001101010111101111000001000010100000110001000010011100100101101111000000110101110111110011011001001111100000100000100111010010010010010000100111011
101000001101110101001101010111101111000001000010100000110001000010011100100101101111001011110101110111110011011001001111100000100000100111010010010010010000100111011
101000001101110101001101010111101111000001000010100011001001111101100101000100000101110000110101110111110011011001001111100000100000100111010010010010010000100111011
101000001101110101001101010111101111000001000010100000110001000010011100100101110110001000110101110111110011011001001111100000100000100111010010010010010000100111011
101000001101110101001101010111101111000001000010100110101101101111000101100000111110110001001010110111110011011001001111100000100000100111010010010010010000100111011
101000001101110101001101010111101111000001000010011001110111011101110010011000000010111011110101110111110011011001001111100000100000100111010010010010010000100111011
101000001101110101001101010111101111000001000010100000110001000010011100100101110110111011110101110111110011011001001111100000100000100111010010010010010000100111011
101000001101110101001101010111101111000001000010011010000100100101100001010001000000001011110101110111110011011001001111100000100000100111010010010010010000100111011
101000001101110101001101010111101111000001011101011101000100100101100001010001000000001011110101110111110011011001001111100000100000100111010010010010010000100111011
101000001101110101001101010111101111000001000010100000110001000010011100100101110110001100011010110111110011011001001111100000100000100111010010010010010000100111011
101000001101110101001101010111101111000001000010100000110001000010011100100101101111001010001010101011010011011001001111100000100000100111010010010010010000100111011
101000001101110101001101010111101111000001000010011010001111110111111110111111101101001000110101110111110011011001001111100000100000100111010010010010010000100111011
101000001101110101001101010111101111000001000010100011011011001101000011111111010000001011110101110111110011011001001111100000100000100111010010010010010000100111011
101000001101110101001101010111101111000001000010011001110111011101110000001010110010001000110101110111110011011001001111100000100000100111010010010010010000100111011
101000001101110101001101010111101111000001000010100000110001000010011100100101110110010101101011110111110011011001001111100000100000100111010010010010010000100111011
101000001101110101001101010111101111000001000010011010001111110100000100010000110101001000110101110111110011011001001111100000100000100111010001000111001111111011000
