000011000010001010110111011010010000111010111001000100100001010001000101111010110001000011000010101011110101111011110001101100111110100001101000010101111100000010010
000011000010001010110111011010010101111010110100001001100011100001000101111010110001000011000010101011110101111011110001101100111110100001101000010101111100000010010
000011000010001010110111011010010000111010111001000100100001010001000101111010110001000011000010101011110101111011110001101100111110100001101001001000101101100010100
000011000010001010110101000001100110010000010010110010101111001001111110110000111011000010000010101011110101111011110001101100111110100001101000010101111100000010010
000011000010001010110111011010010101111010110100001001100001010001000101111010110001000011000010101011110101111011110001101100111110100001101000010101111100000010010
000011000010001010110101010100011100000011001000011110111001011110000110110000111011000010000010101011110101111011110001101100111110100001101000010101111100000010010
000011000010001010110111110000011100000011001000011110111001011110000110110000111011000010000010101011110101111011110001101100111110100001101000010101111100000010010
000011000010001010110111011010010000111010111001000100100001010001011100001000111011000010000010101011110101111011110001101100111110100001101000010101111100000010010
000011000010001010110111011010010101111010110100001001100011100001000101111010110001000011000010101011110101111011110001101100111110100001101001001000101101100010100
000011000010001010110111011010010000111010111001000100100001010001000101111010110001000011000010101011110101111011110001101100111110100001101001010010111000100010100
000011000010001010110111011011001110000101010111110010101111001001111110110000111011000010000010101011110101111011110001101100111110100001101000010101111100000010010
000011000010001010110111011110001000111010111001000100100001010001000101111010110001000011000010101011110101111011110001101100111110100001101000010101111100000010010
000011000010001010110101000001100110010000010010110010101111001001111110110000111011000010000010101011110101111011110001101100111110100001101001001000101101100010100
000011000010001010110111011010010101111010110100001001100001010001000101111010110001000011000010101011110101111011110001101100111110100001101001001000101101100010100
000011000010001010110101000001100111101011111001000100100001010001000101111010110001000011000010101011110101111011110001101100111110100001101000010101111100000010010
000011000010001010110101010100011100000011001000011110111001011110000110110000111011000010000010101011110101111011110001101100111110100001101001001000101101100010100
000011000010001010110101001101000000101010001010111100000011110101010010110000111011000010000010101011110101111011110001101100111110100001101001001000101101100010011
