101101000000000011010000000000110111011001100111100100101000011101000001000010100001101000100111001101101110010000111001101010101100000111000100110101111000011101011
101101000000000011010000000000110111011001100111100100101000011101000001000010100001101000100111001101101110010000111001101010101100000111000100110101101010000010100
101101000000000011010000000000110111011001100111100100101000011101000001000010100001101000100111001101101110010000111001101010101100000111000100110101110111001101011
101101000000000011010000000000110111011001100111100100101000011101000001000010100001101000100111001101101110010000111001101010101100000111000100110101111101100001001
101101000000000011010000000000110111011001100111100100101000011101000001000010100001101000100111110010000001011111101010000111010001010100000011100111101000011101011
101101000000000011010000000000110111011001100111100100101000011101000001000010100001101000100111110010000001011111101010000111010001010100000011100111101000100001001
101101000000000011010000000000110111011001100111100100101000011101000001000010100001101000100111001101101110010000111001101010101100000111000100110101100001100001001
101101000000000011010000000000110111011001100111100100101000011101000001000010100001101000100111001101101110010000111001101010101100000111000100110101100001101100100
101101000000000011010000000000110111011001100111100100101000011101000001000010100001101000100111001101101110010000111001101010011000100101101000010101010010010001001
101101000000000011010000000000110111011001100111100100101000011101000001000010100001101000100111001101101110010000111001101010101100000111000100000100110101011010100
101101000000000011010000000000110111011001100111100100101000011101000001000010100001101000100111001101101110010000111001101010101100000111000100110101111000011101101
101101000000000011010000000000110111011001100111100100101000011101000001000010100001101000100111001101101110010000111001101010100111011110110101111010000100111101011
101101000000000011010000000000110111011001100111100100101000011101000001000010100001101000100111001101101110010000111001101010100111011110001000101110101001100001001
101101000000000011010000000000110111011001100111100100101000011101000001000010100001101000100111110010000001011111101010000111010001010100000011100111110000000111011
101101000000000011010000000000110111011001100111100100101000011101000001000010100001101000100111110010000001011111101010000111010001010100000011100111101000000010100
101101000000000011010000000000110111011001100111100100101000011101000001000010100001101000100111110010000001011111101010000111010001010100000011100111101000011000001
101101000000000011010000000000110111011001100111100100101000011101000001000010100001101000100111001101101110010000111001101010100111011110110101111010000101110001001
