010001101101100001010111010000001001101011011110110010100101000000111110100101111001010000000110001001001011110100000011110010001111001111101011001110000000111101001000000011001000
001110111110011011001101111010111000001000000010100111111011101100001100001100011100011001101010110001110101110101101010100110100111011000110001010001110110000110010001100000011110
010001101100101010010001000001011111101001101011101001111011001100110110100010011011010110111100111110011100100011111001001101011101100100101101111000001001011000101011100011011000
010001101101100001010111010000001001101011011110110010100101000000111110100101111001010000000110001001001011110100000011100111000100110001111010011001001101111111001111010111001000
010001101101100001010111010000001001101011011110010110010110011111010110000010001000100100111100101011001000101111001100011000100111011000110001010001110110000110010001100000011110
001110111110011001100001101110010001111101110010000101010100100111010000101111010010010001010111111101100101110101101010100110100111011000110001010001110110000110010001100000011110
001110111110011011100100011101000100001001010000001100001110110110110101110001110100000001001000011110110101110010000010100101111000010010001111111110000000111101001000000011001000
001110111110011011100100011101000100001001010000001100001110100111100000001111000001100011010111101001000001110011111001001101011101100100101101111000001001011000101011100011011000
010001101101100001010111010000001001101011011110010110010110011111010110000010001000100100111100101011001000101111000000011110100011110101110001100100101100011110011011010111001000
010001101101100111000110111010011001010111101100100011011011101111110001010011010110011000110010110010111111000100111000100100101111001111101011001110000000111101001000000011001000
001110111110011011001101111010111000001000000010100110000000100111010110000010001000100100111100101011001000101111001100011000100111011000110001010001110110000110010001100000011110
010001101101101100110110011111110110111000010110100101000111111100110110110010100110011000110010110010111111000100111000100100101111001111101011001110000000111101001000000011001000
010001101101100110010010011111110110111000010110100101000111111100110110110010100110011000110010110010111111000100111000100100101111001111101011001110000000111101001000000011001000
010001101101100001010111010000001001101011011110010110010110011111110001010011010110011000110010110010111111000100111000100100101111001111101011001110000000111101001000000011001000
001110111110011001100001100101100010111101110011001100100011110100000000101111010010010001010111111101100101110101101010100110100111011000110001010001110110000110010001100000011110
010001101101100001010111010000001001101011011110111101111000000011010000011001111010001011010000010111011001110001000001100010010100010001111100000111111100010001001000110100111110
010001101101111011000010011111110110111000010110100001001010011100110100010010001000000011110111001011001011101010011001101000100011110111111001110010110111000000010101100101110010
