101100000011110111111110000011000100001011110000011001011110101001101011111010100110101010011100001101010111000110010011100001011111010100010000110001100110110011110111101000011001
101100000011110111111110000011000100001011110000011001011110101001101011111010100110101010011100001101010111000110010011100001011111010100010000110001100110110000110110000100010101
101100000011110111111110000011000100001011110000011001011110101001101011111010100110101010011100001111011000000101010111010011000010001011000111001010110000111011011001101000011001
101100000011110111111110000011000100001011110000011001011110101001101011111010100110101010011100001101010111000110010011100001011111010100010000110001100110110010111100111111101101
101100000011110111111110000011000100001011110000011001011110101001101011111010100110101010011100001111011000001100111111110010000011011011000010010010010110001110110111110111110101
101100000011110111111110000011000100001011110000011001011110101001101011111010100110101010011100001111011000001100111111110010000011001100111010111000010101000111011111010101101101
101100000011110111111110000011000100001011110000011001011110101001101011111010100110101010011100001101010101100101101011010010110101100100011010001010100101011001000001101110010101
101100000011110111111110000011000100001011110000011001011110101001101011111010100110101010011100001101010101101010000000011011100001011010000100001110000100101110101000111111101101
101100000011110111111110000011000100001011110000011001011110101001101011111010100110101010011100001101010101100101101011010010110101100100011010001010110000111011011001101000011001
101100000011110111111110000011000100001011110000011001011110101001101011111010100110101010011100001101010111000111101101011011010001011010000100001110000100101110101000111111101101
101100000011110111111110000011000100001011110000011001011110101001101011111010100110101010011100001111011000001100111111110010000011001100111010111000010101000111011111010100010101
101100000011110111111110000011000100001011110000011001011110101001101011111010100110101010011100001111011000001100111111110010000011001100111010110001001000011110110000111111101101
101100000011110111111110000011000100001011110000011001011110101001101011111010100110101010011100001101010111000111101101011011011001011001110010111000010101000111011111010101101101
101100000011110111111110000011000100001011110000011001011110101001101011111010100110101010011100001111011000001100111111110010010000001011000111001010110000111011011001101000011001
101100000011110111111110000011000100001011110000011001011110101001101011111010100110101010011100001101010111000111111110100101110110110010001111010011011110110011110111101000011001
101100000011110111111110000011000100001011110000011001011110101001101011111010100110101010011100001101010111000110010011100001011111010100010000110001100110000111110110011011111101
001110010000010010101111011010000010010111111001000111000101101101101010100010111001111100000100101001011101101101001110001111101011101101011101111001111100100101000101110010011000
