100101100000111110011001000100100100100110010000011100110000011001110010111111110001000010010011100010101010111011001100011111110111010011111010101011100011101010100000011100110101
100101100000111110011001000100100100100110010000011100101000010110100110100111000001000010010011100010101010111011001100011111110111010011111010101011100011101010100000011100110101
100101100000111110011001000100100100100110010000011100110000011001110010110111000001000010010011100010101010111011001100011111110111010011111010101011100011101010100000011100110101
100101100000111110011001000100100100100110010000011100110000011001110011100011000001000010010011100010101010111011001100011111110111010011111010101011100011101010100000011100110101
100101100000111110011001000100100100100110010000011100110000011001110011100011101100010010010011100010101010111011001100011111110111010011111010101011100011101010100000011100110101
100101100000111110011001000100100100100110010000011100110000011001110010111101011010011010001011000010101010111011001100011111110111010011111010101011100011101010100000011100110101
100101100000111110011001000100100100100111000110010101010000010011111100100011000001000010010011100010101010111011001100011111110111010011111010101011100011101010100000011100110101
100101100000111001000010000000010000000110100110100111101100110010110111001011001110011110011100000011011011011111111010110111110010110010000110110111111111101010100000011100110101
100101100000111001000010000000010000000110100110100111101100110010110111001011001110011110011100000011011001010101001111011100100100110010000110110111111111101010100000011100110101
100101100000111110011001000100100100100110010000011100110000100111111111010011000001000010010011100010101010111011001100011111110111010011111010101011100011101010100000011100110101
100101100000111001000010000000010000000110100110100111101100110010110100000000000010010011101011010110111100001111111010110111110010110010000110110111111111101010100000011100110101
100101100000111110011001000100100100100110010000011100110000011001011001111001101110001010100111011001011111000010111110110100101111001100001001010101101111101010100000011100110101
100101100000111110011001000100100100100110010000011100110000011001110010110101100101111101110000101100100001110111011100110011000001110011001110010010101010110011000110001100100101
100101100000111110011001000100100100100110010000011100110000011001110010111101011000000110011111110001100100101111111010111000111100011010100010000001011101100011000110001100100101
100101100000111110011001000100100100100110010000011100110000011001110011100011100101000101010100100000010101110010000111101111010111111000010111111100110101101111111110011110000000
100101100000111001000010000000010000000110100110100111101100110010110111001011001110011101110001000000011111001001100011101101100110000001011001100010110101101011001010111011010101
100101100000111110011001000100100100100110010000011100110000011001110011100011100001101000111111110111111101110010000111101111010111111000010111111100110101101111111110011111101001
