111101110000000111001001110111001111001100111110010100000111110100010000010001101111111001100000100000010011101101011110001000011011101111110101010010101011111101110110100001001101
111101110000000111001001110111001111001100111110010100000111110100010000010001101111111001100000100000010011101101011110001000011011101111110101100010101011111101110110100001001101
111101110000000111001001110111001111001100111110010100000111110100010000010001101111111001100000100000010011101101011110001000011011101111110000011011101101100001111111111111000001
111101110000000111001001110111001111001100111110010100000111100001110001101100100101111110010001110001100011001100000001000001110100110001111001010010101011111101110110100001001101
111101110000000111001001110111001111001100111110010100000111110100010011110110001010101010010001110001100011001100000001000001110100110001111001010010101011111101110110100001001101
111101110000000111001001110111001111010001101101011111010101011101010001000101101010011110010001110001100011001100000001000001110100110001111001010010101011111101110110100001001101
111101110000000111001001110111001111001100111010100101101010000110110100001000111111001011111010100111001110010110110110011111110100110001111001010010101011111101110110100001001101
111101110000000111001001110111001111001100111110010100000111110100010000010001101111111011000000100001010111100110010011100001000001111010111101011011101101100001111111111111000001
111101110000000111001001110111001111001100111110010100000111110100010000010001101111100110011000011111011001101010101001100101011111111100011100101110011011000111101000110010000000
111101110000000111001001110111001111001100111110010100000111110101101111001011111110100001000010100100110110100000001111110010000101100111010000101011101101100001111111111111000001
111101110000000111001001110111001111001100111010011111001010011111000110111100110101001100001011110110111110110111101011100011001101000010101111010111101101100001111111111111000001
111101110000000111001001110111001111001100111010100000111100100011100110001000111111001011111010100111001110010110110110011111110100110001111001010010101011111101110110100001001101
111101110000000111001001110111001111001100111110010100000111110100010000010001101111111011000000100001010111100110010011100001000001111010111101101011101101100001111111111111000001
111101110000000111001001110111001111001100111001101011101110001010100111000001111111001011111010100111001110010110110110011111110100110001111001010010101011111101110110100001001101
111101110000000111001001110111001111001100111110010100000111100000001101010011000011100110111110001000000000100110001110010001110100110001111001010010101011111101110110100001001101
111101110000000111001001110111001111001100111110010100000111110100010000010001101111111011000000100001010111100110010011100001000001111010111101101000100010011101000000101100100101
111101110000000111001001110111001111010001101100101101010111101011111010100010010011111000100101100011010111010110001010101011111110111110001111101010000101011011010101010000001010
