111111101001100100010100110101110011110011010001100101111001100110000011101000101010010010000000100000001101011101001001011111000000101010101100100000000000101011110000001011000101
111000010101011011110011000100010100110110101111000000110100110001000000111011000101011010000000100000001101011101001001011111000000101010101100100000000000101011110000001011000101
111000010101011011110011000100010100110110101111000000110100100111100011101001100000101000110000100000001101011101001001011111000000101010101100100000000000101011110000001011000101
111111101001100100010100110101111111101000011001010110111000011011001100000110011011011010000000100000001101011101001001011111000000101010101100100000000000101011110000001011000101
111000010101011011110011000100010100110110101110000001001000010100111001100111111001000011001110001111100110100000100010001111000000101010101100100000000000101011110000001011000101
101101110111000101010110000101101011110100111001100101010010001001010001000110011011011010000000100000001101011101001001011111000000101010101100100000000000101011110000001011000101
111111101001100100010100110101110011110011010110000100111011011101011100110011010001100110011000100000001101011101001001011111000000101010101100100000000000101011110000001011000101
111111101001100100010100110101110011111001110010000000010101101111010000110111011100110100100100000001100001011101001001011111000000101010101100100000000000101011110000001011000101
111111101001100100010100110101110011110011010110000100111011011010100000111011000101011010000000100000001101011101001001011111000000101010101100100000000000101011110000001011000101
111111101001100100010100110101110011111001110010000000010101111010110010101111001010100010000000100000001101011101001001011111000000101010101100100000000000101011110000001011000101
000110111101010111101111101101101011110100111001100101010010001001010001000110011011011010000000100000001101011101001001011111000000101010101100100000000000101011110000001011000101
111000010100001000000010111010000101110110101101001111010011110100010001000110011011011010000000100000001101011101001001011111000000101010101100100000000000101011110000001011000101
111000010101011011110111111100011101010101010001001011110011010110111101000100000011000111000110001111100110100000100010001111000000101010101100100000000000101011110000001011000101
111111101001100100010100110101110011111001110010000000010101101111010000110111011100110100101101000001100101001111101101101011001000101010101100100000000000101011110000001011000101
111111101001100100010100110101110011111001110010000000010101101111010000110111011100110100110001100001110010001001001101111011000101101010101100100000000000101011110000001011000101
111111101001100100010100110101110011110011010001100101111001100110000011101000101010010010000000100000001101011101001001011111000000101010101100100000000000101010100110100111000101
111101100011111110101111110110111001001010101101001111010011110100010001000110011011011010000000100000001101011101001001011111000000101010101100100000000000101011110000001011001001
