000010001100001000010011100101010011111101110110111111001000111010110110010110101011010001001000101010000000100100110010101110110011001011100011111001101000010111010000010011111010
000010001100001000010011100101010011111101110110111111001000111010110110010110101011010001001000101010000000100101101000110100010001000001111100001011100111001110010100111100111010
000010001100001000010011100101010011111101110110111111001000111010110110010110101011010001001000101010000000100100110010101110011101011010100110001000111101100100010010100111011010
000010001100001000010011100101010011111101110110111111001000111010110110010110101011010001001000101010000000100100110010101110110011001011100011111001101000010111010000010110011010
000010001100001000010011100101010011111101110110111111001000111010110110010110101011010001001000101010000000100100110010101110011101011010100110001000111101110111101100111100111010
000010001100001000010011100101010011111101110110111111001000111010110110010110101011010001001000101010000000100100110010101110011101011010100110001000111101001111010001100111011010
000010001100001000010011100101010011111101110110111111001000111010110110010110101011010001001000101010000000100100110010101110110011001011100011111001101000010111010010011011011010
000010001100001000010011100101010011111101110110111111001000111010110110010110101011010001001000101010000000100100110010101110011101011010100110001000111101110111010100010100111010
000010001100001000010011100101010011111101110110111111001000111010110110010110101011010001001000101010000000100101101000110011001001110110010101110000010110010011011011100001111010
000010001100001000010011100101010011111101110110111111001000111010110110010110101011010001001000101010000000100100110010101110110011001011100011111001101000010111010000010110101010
000010001100001000010011100101010011111101110110111111001000111010110110010110101011010001001000101010000000100100110010101110011101011010100110001000111111000011101010101000111010
000010001100001000010011100101010011111101110110111111001000111010110110010110101011010010110110011010010011100100010010111000101000001000100000010010010010101000001010100111011010
000010001100001000010011100101010011111101110110111111001000111010110110010110101011010001001000101010000000100100110010111011010001001110000101001111101011011101011010000111011010
000010001100001000010011100101010011111101110110111111001000111010110110010110101011010001001000101010000000100101101000110011001001110110010101110000010110010011011000111000101010
000010001100001000010011100101010011111101110110111111001000111010110110010110101011010001001000101010000000100100110010101110011101011001010111011101001011000010100010011011011010
000010001100001000010011100101010011111101110110111111001000111010110110010110101011010001001000101010000000100101101000110011001001110110010101110000010110010011011000111001010000
000010001100001000010011100101010011111101110110111111001000111010110110010110101011010001001000101010000000100100110010101110011101011010100110001000111101100100010000111011010000
