100011000010011011011100011011010100011010010001010010011110011101000100010101011010010010011100000101011111101111101100001011001111111111110000010100000101011011001000100000000000
100011000010011011011100011011010100011010010001010010011110011101000100010101011010010010011100000101011111101111101100001011001111111111110000010100010000111001010100010101000110
100011000010011011011100011011010100011010010001010010011110011101000100010101011010010010011100000101011111101111101100001011001111111111110000010100000101011011001100010101000110
100011000010011011011100011011010100011010010001010010011110011101000100010101011010010010011100000101011111101111101100001011001111111111110000010100000101011011001000000011010101
100011000010011011011100011011010100011010010001010010011110011101000100010101011010010010011100000101011111101111101100001011001111111111110000001011101010011101010100010101000110
100011000010011011011100011011010100011010010001010010011110011101000100010101011010010010011100000101011111101111101100001011001111111111110000010100000101011011001001011101010101
100011000010011011011100011011010100011010010001010010011110011101000100010101011010010010011100000101011111101111101100001011001111111111110000010100000101011011001000001000100010
100011000010011011011100011011010100011010010001010010011110011101000100010101011010010010011100000101011111101111101100001011001111111111110000010100000101011011001000000011011010
100011000010011011011100011011010100011010010001010010011110011101000100010101011010010010011100000101011111101111101100001011100100111011000101110100000101011011001000100000000000
100011000010011011011100011011010100011010010001010010011110011101000100010101011010010010011100000101011111101111101100001011001111111111110000010100000101011011001001011101000110
100011000010011011011100011011010100011010010001010010011110011101000100010101011010010010011100000101011111101111101100001011001111111111110000010100000100010111101001100001000110
100011000010011011011100011011010100011010010001010010011110011101000100010101011010010010011100000101011111101111101100001011001111111111110000010100000101010001000101100101000110
100011000010011011011100011011010100011010010001010010011110011101000100010101011010010010011100000101011111101111101100001011001111111111110000010100000101011011001000000010100010
100011000010011011011100011011010100011010010001010010011110011101000100010101011010010010011100000101011111101111101100001011001111111111110000010100000101011011001000101111100110
100011000010011011011100011011010100011010010001010010011110011101000100010101011010010010011100000101011111101111101100001011001111111111110000010100000101010001000101011101000110
100011000010011011011100011011010100011010010001010010011110011101000100010101011010010010011100000101011111101111101100001011001111111111110000010100000101011011001000001101000110
100011000010011011011100011011010100011010010001010010011110011101000100010101011010010010011100000101011111101111101100001011001111111111110000010100000101011011001000100000000000
