011111011110010011110111111010110100101000010011011001010001000011011110001110001101111001110110010101100111000110000000101001100111010010100011111111010011011111100100010110110111
011111011110010011110111111010110100101000010011011001010001000011011110001110001101111001110110010101100111000110000110001001100111010010100011111111010011011111100100010110110111
011111011110010011110111111010110100101000010011011001010001000011011110010110011101011001111100001001111000100101010010110011100111010010100011111111010011011111100100010110110111
011111011110010011110111111010110100101000010011011001010001000011011110010110011101011001111000000011011100100001110111010110111100010010100011111111010011011111100100010110110111
011111011110010011110111111010110100101000010011011001010001000011011110001110001101111001010011101100100001100001010100110111001011010010100011111111010011011111100100010110110111
011111011110010011110111111010110100101000010011011001010001000011011110010110011101011001111000000010010010110010100011001000010101111011101001001111010011011111100100010110110111
011111011110010011110111111010110100101000010011011001010001000011011110001110001101111001110110010101100111000110000000101001100100111001100001011001001000010110111111101010110111
011111011110010011110111111010110100101000010011011001010001000011011110001110001001011001010011101100100001100001010100110111001011010010100011111111010011011111100100010110110111
011111011110010011110111111010110100101000010011011001010001000011011110010110011101011001111100001000110011000111010100100110111100010010100011111111010011011111100100010110110111
011111011110010011110111111010110100101000010011011001010001000011011110010110011101011001111100001000110011000111010010110011100111010010100011111111010011011111100100010110110111
011111011110010011110111111010110100101000010011011001010001000011011110010110011101011001111100001001111000100101001101101001100111010010100011111111010011011111100100010110110111
011111011110010011110111111010110100101000010011011001010001000011011110001110001001011010010011101100100001100001010100110111001011010010100011111111010011011111100100010110110111
011111011110010011110111111010110100101000010011011001010001000011011110001110001101111001011101111011001100001111000111100110111100010010100011111111010011011111100100010110110111
011111011110010011110111111010110100101000010011011001010001000011011110001110001101100101110000111110111001110101101111111001100100111001100001011001001000010110111111101010110111
011111011110010011110111111010110100101000010011011001010001000011011000010110111001011100100011100110010010100101001101101001100111010010100011111111010011011111100100010110110111
011111011110010011110111111010110100101000010011011001010001000011011110001110001100000010111011000011111001000101100000010111100111010010100011111111010011011111100100010110110111
011111011110010011110111111010110100101000010011011001010001000011011110001110001101111001110110010101100111000110000110001001100111010010100011111111010011011111100100010110110111
