111100011100011000110001001101101100010101100001111110110111011011000001000000101010111100010010010011111110000000010111111100001100101110000111111110101010010000011000101100010010
111100011100011000110001001010101001000001101100000100000011000000110001010000101010111100010010010011111110000000010111111100001100101110000111111110101010010000011000101100010010
111100011100011000110001000111011101110000111010001010001110111010001100001011111001111101000010010011111110000000010111111100001100101110000111111110101010010000011000101100010010
111100011100011000110001001010101001011011110000101011110111001010100000000010010000011010010010010011111110000000010111111100001100101110000111111110101010010000011000101100010010
111100011100011000110001001010101001000001101100000110101101000110111011111110111010111100010010010011111110000000010111111100001100101110000111111110101010010000011000101100010010
111100011100011000110001001101101101110000111010001010001110111010001100001011111001111101000010010011111110000000010111111100001100101110000111111110101010010000011000101100010010
111100011100011000110001001010101001000000101100101011110111001010100000000010010000011010010010010011111110000000010111111100001100101110000111111110101010010000011000101100010010
111100011100011000110001001000111001011011110000101011110111001010100000000010010000011010010010010011111110000000010111111100001100101110000111111110101010010000011000101100010010
111100011100011000110001001000101000011101100000000101000110111000000111111110110010010011010111011110000000100010010001101101000111001011010010001110011011001100100110111010010010
111100011100011000110001001010101001001010100100011000010011000001011000001000010100000001011000101001001100011010010001101101000111001011010010001110011011001100100110111010010010
111100011100011000110001001101101100010101100000000101000110111000000111111110110010010011010111011110000000100010010001101101000111001011010010001110011011001100100110111010010010
111100011100011000110001001010101001011001001010010101011000111000001111001011100000111111101011011001110100011100010101011100111111101111011001100010000010000010100011111100101010
111100011100011000110001001010101001001111110100110110101101000110111011111110111010111100010010010011111110000000010111111100001100101110000111111110101010010000011000101100010010
111100011100011000110001001010101001000001101100000100000011000000110001010000101010110111110000101011111110010001100101011100111111101111011001100010000010000010100011111100101010
111100011100011000110001001010101001001010100100011000010011000001011000001000010100000001011110011110000000100010010001101101000111001011010010001110011011001100100110111010010010
111100011100011000110001001010101001000001101100000100010110110011110111110010000110010100111110100111000110000011011001110001110100011101010100101100111111000001100011111100101010
111100011100011000110001001010101001000001101100000100000011000000110001010000101010111100010010010011111110000000010111111100001100101110000111111110101010010000011000101100010010
