110000001011001001100010000000011000000111011001000110000111010001011110100101010111110000000100111110100000010110000110011110001111101011101100110101100101011101100110000110111111
110000001011001001100010000000011000000111011001000110000111010001011110111011110000101001110110111000100000010110000110011110001111101011101100110101100101011101100110000110111111
110000001011001001100010000000011000000111011001000110000111010001011111000010101000111001001111101100000001101111001111100000111000100101101000110110010111111010110010000010010111
110000001011001001100010000000011000000111011001000110000111010001011110100101010111110000000100111110100000010110000110011110001111101011101100110101100101011101001110111011001011
110000001011001001100010000000011000000111011001000110000111000100111100100011110000101001110110111000100000010110000110011110001111101011101100110101100101011101100110000110111111
110000001011001001100010000000011000000111011001000110000111010001011110111011110000101001110110111000100000010110000110011110001111101011101100110101100101011101001110111011001011
110000001011001001100010000000011000000111011001000110000111010001011110100101010111110000011010111101100111100010110001000100101011010000111001110000011000010010010111001110011111
110000001011001001100010000000011000000111011001000110000111010001011111000101100010010101010100001010110111110010011100000011110111111011000010001011110000010010010111001110011111
110000001011001001100010000000011000000111011001000110000111010001011110111011110000101110111110111000100000010110000110011110001111101011101100110101100101011101100110000110111111
110000001011001001100010000000011000000111011001000110000111000100111100100011110000101001110110111000100000010110000110011110001111101011101100110101100101011101001110111011001011
110000001011001001100010000000011000000111011001000110000111000100111100100000110001000100010000001010110111110010011100000011110111111011000010001011110000010010010111001110011111
110000001011001001100010000000011000000111011001000110000111010001011111000010101000110001111011011100011010101000101001101000101011111010101111110001010111000000010001110111001011
110000001011001001100010000000011000000111011001000110000111010001011111000110101000011010010100001010110111110010011100000011110111111011000010001011110000010010010111001110011111
110000001011001001100010000000011000000111011001000110000111010001011110100110010110011110001101111011100110001011010101111101000011011011001101101000011000010010010111001110011111
110000001011001001100010000000011000000111011001000110000111010001011111000010010010110111110010111000100000010110000110011110001111101011101100110101100101011101100110000110111111
110000001011001001100010000000011000000111011001000110000111010001011110100101101101110110001111101100000001101111001111100000111000100101101000110110010111111010110010000010010111
110000001011001001100010000000011000000111011001000110000111010001011110111011110011111010011101010110111100001111011000101000001011100101010100110010001110001011100011111010001010
