101110001010110110101011001111100110001000011110100110100110010000011010000011010111110100010100010101001001100100110101111100001111101100001110010001001110011110001011010101001000
101011000010011111010001111010001101011110110011111100010011111011001100101110001101000001100011011110010011110011001100011011001010101000110011111010001011010101101011011010101000
101110001010110110101011001111100110001000011110100110100110010000011010000011010111110100010100010101001001100100110101111100001111001100110011111010001011010101101011011010101000
101011000010011111010001111010001101011110110011111100010011111011001100101110001101000001100100111110001101011001100100001111111011000100110011111010001011010101101011011010101000
101110001010111110110011100000101010100110100011010010101101110000011010100001111111100101000100011011110100110110001011111101011010011111101000100110011010100010110001010101001000
101110101111000111110111000100101010101110100011001001001110010110111110111001010110111101101101110001100000000011010001100100101101101001101000100110011010100010110001010101001000
101110001010110110101011001111100110001000011110100110100110010000011010000011010111110100010100010101001001100100110101111100001111001111110011111010001011010101101011011010101000
101011000010011111010001111010001101011110110011111100010011111011001100101110001101000001111111000011100011001011111101001000110100011001110011111010001011010101101011011010101000
101011000010011111010001111010001101011110110011111100010011111011001100101110001101000001100010010010010001011111011111011101110001010101110011111010001011010101101011011010101000
101110001010110110101011001111100110001000011110100110100110010000011010000011010111111000001110011010001111110101111011001101011000000100110011111010001011010101101011011010101000
101110101110110010001011001111100110001000011110100110100110010000011010000011010111110100010100010101001001100100110101111100001111001100110011111010001011010101101011011010101000
101011000010011111010001111010001101011110110011111100010011111011001100101110001101000001100011011110011110010010110110100110111010010010111011110011010111000100011110011101000010
101110100001110010001011001111100110001000011110100110100110010000011010000011010111110100010100010101001001100100110101111100001111001100110011111010001011010101101011011010101000
101011000010011111010001111010001101011110110011111100010011111011001100101110001101001101100101001100100010010010110110100110111010010010111011110011010111000100011110011101000010
101110100010000010101101110001000001111000001110010011111011111101101000010100001100001000000110100111001101011001100100001111111011000100110011111010001011010101101011011010101000
111011000010011111010001111010001101011110110011111100010011111011001100101110001101000001100011011110010011110011001100011011001010101000110011111010001011010101101011011010101000
101110001010110110101011001111100110001000011110100110100110010000011010000011010111110100000001000110101000110111111001100001101000010110011101011011000101001111101001110011011001
