100001110000010001001100000011111011101101111010010111101101010111100100100001000101001001000100001000100110001010111011111010001010011111100010111001111101001010101000001110101011
100001110000010001001001011000110011111011001101100000001100000101110100010100110011010000111110010110011110001010111011111010001010011111100010111001111101001010101000001110101011
100001110000010001001100000000010100101100000000110101011010010010110101101111111110111000000101111101101110110001011001100011000010011101010001111010001001000110000100110001100110
100001110000010001001010011100000000011010101101101111101111111001100011000010100100001101101110100100101101111110101010100011010111011010011100101000010110000000011010001100100010
100001110000010001001100000000010011111011001101100000001100000101110100010100110011010000111110010110011110001010111011111010001010011111100010111001111101001010101000001110101011
100001110000010001001001011000110011111011001101101111101111111001100011000010100100001101101110100100101101111110101010100011010111011010011100101000010110000000011010001100100010
100001110000010001001100000000010101111000110111101110001000111111001100110111100110101100110000110101110101001000011001111110001011111010000100101111011001101101010111001110101011
100001110000010001001100000000010100100010100101111111000100110001001111100001001111110011110000010010110001000111110000110011010111011010011100101000010110000000011010001100100010
100001110000010001001100000000010100010101101101001100100101100011011111010100111001101010001010001101000111110010110111111100111010000010111010111110110011010010011000011011110110
100001110000010001001100000000010100010101101101001100100101100011011111010100111001101011110001111001100111000011001010100011010111011010011100101000010110000000011010001100100010
100001110000010001001100000000010101111000110111101110001000111111001100110111100110101100110000001011000110000011001010100011010111011010011100101000010110000000011010001100100010
100001110000010001001100000000010100101100000000110101011010010010110101101111111110111000000101110001110011011101010101100101011101110001011010110100000010011110001011001000101011
100001110000010001001010011100000000011010101101101111101111111001100011000010100100001101101110100100101100011101100011010001001101100110010010111110110011010010011000011011110110
100001110000010001001010011100000000011010101101101111101111111001100011000010100100001101101110101011000011101011101100001000010100110010110111001110010010011110001011001000101011
100001110000010001001010011100000000011010101101101111101111111001100011000010100100001101101110100100101100011101001010100011101010011010110111001110010010011110001011001000101011
100001110000010001001001011000110011111011001101101111101111111001100011000010100100001101101110101011000011101011101100001000010100110010110111001110010010011110001011001000101011
100001110000010001001100000000010100101100000000110101011010010010110101101111111110111000000101110011011010010011001010100011010111011010011100101000010110000000011010001100100010
