001111101110000000000001100000111011110110100001001101010111100011111010010101101100110010111011011001010010010100101111111001001110111000000100100011111001101001010000001001111101
001111101110000000000001100000111011110110100001001101010111100011111010010101101100110010111011011001010010010100101111111001001110111000000100100010110011010101110100111101111101
001111101110000011110100001010010001110001101011110010110010100100011010010101101100110010111011011001010010010100101111111001001110111000000100100011111001101001010000001001111101
001111100101000011110100001010010001110001101011110010110010100100011010010101101100110010111011011001010010010100101111111001001110111000000100100011111001101001010000001001111101
001111101110000011110100001010010001110001101011110010110010100100011010010101101100110010111011011001010010010100101111111001001110111000000100100010110011010101110100111101111101
001111101110000000000001100000111011110110100001001101010111100011111010010101101100110010111011011001010010010100101111111001001110111000000101011101000011010101110100111101111101
001111100101000011110100001010010001110001101011110010110010100100011010010101101100110010111011011001010010010100101111111001001110111000000100100010110011010101110100111101111101
001111101110000011110100001010010001110001100001110010000111110110100111111011101100110010111011011001010010010100101111111001001110111000000100100011111001101001010000001001111101
001111100101000011110100001010010001110001100001110010000111110110100111111011101100110010111011011001010010010100101111111001001110111000000100100011111001101001010000001001111101
001111101110000011110100001010010001110001101011110010110010100100011010010101101100110010111011011001010010010100101111111001001110111000000101011101000011010101110100111101111101
001111100101000011110100001010010001110001101011110010110010100100011010010101101100110010111011011001010010010100101111111001001110111000000101011101000011010101110100111101111101
001111101110010101001100111111011101000011010010110000101110010101110111110111100011111101010001011011000011101111001010001001101110011111101111101110110100100000111001111001101111
001111101110000000000001100000111011110110100001001101010111100011111010010101101100110010111011011001010010010100101111111001001111011001000111100111001011001101010100101110111111
001111101110000000000001100000111011110110100001001101010111100011110000100001001010010100111010110100011111010010111101100111001111010111001110101100011011000000111001111001101111
001110000011111101001011011001101010101100010000110001010100110000111101001111100001000001010001100010110010001000001000001100011001111010010100011001100100100000111001111001101111
001111101110000000000001100000111011110110100001001101010111100011111010010101101100110010111011011001010010010100101111111001001110111000000100100011111001101001010011100001101111
001111100101000011110100001010010001110001110100000111110110111110110101111011101100110111110000101101010101011110001011010011000100000001100001001101101111100011101111011011010100
