010010010001000010000100001100111111101001000001101000001011110001010000101111110111111100001000001001000010111100011100111100110110001110011010110100011111111001100010011000011001
010010010001000010000100001100111111101001000001101000001011110001010000101001100100010111110010110110011000110010011100111100110110001110011010110100011111111001100010011000011001
010010010001000010000100001100111111101001000001101000001011110001010000101001100100010111110010110010011001110001011000000100011110110000001010110100011111111001100010011000011001
010010010001000010000100001100111111101001000001101000001011110001010000101001100100010111110010110010011001011110101111011110000100001110011010110100011111111001100010011000011001
010010010001000010000100001100111111101001000001101000001011110001010000101001100100010111110010110010011001110001011000000100011110100101010101100000000111111001100010011000011001
010010010001000010000100001100111111101001000001101000001011110001010000101001100100010111110010110110011000110010011111101101010110010001001110110100011111111001100010011000011001
010010010001000010000100001100111111101001000001101000001011110001010000101111110111111011101011000111001001000010000110100001001100110000001010110100011111111001100010011000011001
010010010001000010000100001100111111101001000001101000001011110001010000101001100100010111110010110110011000110111000100010000000000100001001110110100011111111001100010011000011001
010010010001000010000100001100111111101001000001101000001011110001010000101111110111111100001000001001000010111100011100110110110000100100001010110100011111111001100010011000011001
010010010001000010000100001100111111101001000001101000001011110001010000101111110111111011101011000111001001001111001000011100010011101000001010110100011111111001100010011000011001
010010010001000010000100001100111111101001000001101000001011110001010000101001100100010111110010110010011001011110101111011110001111111100010110011101100000010010001010110101101101
010010010001000010000100001100111111101001000001101000001011110001010000101111110111111011101011000111001001001111001000011100011000011010111100110100100111011101011001101000011001
010010010001000010000100001100111111101001000001101000001011110001010000101001100100010111110010110110011000001101010000001110011000011010111100110100100111011101011001101000011001
010010010001000010000100001100111111101001000001101000001011110001010000101001100100010111110010110110011000001101010011110100100111000000111100110100100111011101011001101000011001
010010010001000010000100001100111111101001000001101000001011110001010000101001100100010111110010110110011000110110010000001110011000011010111100110100100111011101011001101000011001
010010010001000010000100001100111111101001000001101000001011110001010000101111110111111011101011000111001001110100000000101000100011110000101110110001110101101010001100001000011001
010010010001000010000100001100111111101001000001101000001011110001010000101111110110100111100111010001000110001001011011100101011101011101010010011101100000010010001010110101101101
