101001101000011001001000100100110010110001001000011101110110001010111011000111001011010111010110010101100010111100101010000011001101010001110110010011010001000101011011101111100111
101001101000000110010100101001011111100100000011111101110110001010111011000111001011010111010110010101100010111100101010000011001101010001110110010011010001000101011011101111100111
101001101000000000001000110111011100100101110000010111001101011001011101000011111101100100010110101111110101010111001010001100001111010011101110001101010111110110101100100001001110
101001101000011001001000100100110010110001001000101010001101011100111011000111001011010111010110010101100010111100101010000011001101010001110110010011010001000101011011101111100111
101001101000000000001000001100010100111110111000001000010111011110010101110111111101111111011110000000001110100011111111011001000110110100101011001010110111110110101100100001001110
101001101000011001001000100100110010110000101010110101110110001010111011000111001011010111010110010101100010111100101010000011001101010001110110010011010001000101011011101111100111
101001101000000000001000110111011100100101110000010111001101011001011101000011111101100100010110101111110101010111001010001100001111010011101110001101010100111100011101000010011011
101001101000011001001000100100110010110001001000011101110110001010111011000111001011010111010110010101100010111100101010000011001101010001110110010011010001111111001110101101001110
101001101000011001001000101000011010010010100000011101110110001010111011000111001011010111010110010101100010111100101010000011001101010001110110010011010001000101011011101111100111
101001101000000100001100011101000011101000111011101111000011100001101101101010010001100010111101000011001111100110011111101000011011111100101100100110111010010010100000110110010010
101001101000011001001000100100110010011010001100101010001101011100111011000111001011010111010110010101100010111100101010000011001101010001110110010011010001000101011011101111100111
101001101000011001001000100100110010110001001000101111000011100001101101101010010001100010111101000011001111100110011111101000011011111100101100100110111010010010100000110110010010
101001101000000110010100101001011111100100000011111101110110001010111011000111001011010111010110010101100010111100101010000011001101010001110110010011010001111111001110101101001110
101001101000011001001000100100110010010010101101001110011111110011111000110100011011100001111100011101001111000110010010001111011110011000110010101110000011110100111000001010110110
101001101000001011001010101000000101100111010011111101110110001010111011000111001011010111010110010101100010111100101010000011001101010001110110010011010001000101011011101111100111
101001101000000000001000110111011100100101101001001110011111110011111000110100011011100001111100011101001111000110010010001111011110011000110010101110000011110100111000001010110110
110000000001011011101101011110110001000101000001110101110110001010111011000111001011010111010110010101100010111100101010000011001101010001110110010011010001000101011011101111100111
