100000111101001111100101000110001100101111110000111011100001000101111100011010011011010101100001101011100110111000001100100011101011011101011011000101110100011111101010110011100101
100000111101001111100101000110001100101111110000111011100001000101111101001100011011010101100001101011100110111000001100100011101011011101011011000101110100011111101010110011100101
100000111101001111100101000110001100101111110000111011100001010000011111011010011011010101100001101011100110111000001100100011101011011101011011000101110100011111101010110011100101
100000111101001111100101000110001100101111110000111011100001010000011111010110110100011101010101010000010011000010011010111000110101100111010011010011101111000000000111010100000101
100000111101001111100101000110001100101111110000111011100001000101111100011010011011010101100001101011100110111000001100100011101010001010111111011111101001100101010101101011111101
100000111101001111100101000110001100101111110000111011100001000101111101001100011011010101100001101011100110111000001100100011101010001010111111011111101001100101010101101011111101
100000111101001111100101000110001100101111110000111011100001010000011111011010011011010101100001101011100110111000001100100011101010001010111111011111101001100101010101101011111101
100000111101001111100101000110001100101111110000111011100001000101111101001100011011010111111001011111011110111111001000010001110101100111010011010011101111000000000111010100000101
100000111101001111100101000110001100101111110000111011100001010000011111010110110100011101010101010000010011000100101111101101101111110010011011111001111010010000000111010100000101
100000111101001111100101000110001100101111110000111011100001010000011111010110110100011101010101010000010001100010000010100111011110001110101111100011110001001011000101011111100101
100000111101001111100101000110001100101111110000111011100001010000011111010110110100011101010101010000010001100010000010100111011110001110000010101011101011110010110011111110010101
100000111101001111100101000110001100101111110000111011100001000101111100011010011011010101100001101011100110111000001100111000010101010111010011010011101111000000000111010100000101
100000111101001111100101000110001100101111110000111011100001000101111101001100011011010111111001011111011110111011010011001000111011110010100100110001011000001010001110111010000101
100000111101001111100101000110001100101111110000111011100001010000011111010110110100011101010101010000010001100010000010100111011111011000001101100101101110100101010101101011111101
100000111101001111100101000110001100101111110000111011100001000101111100011010011011010101100001101011100110111000001100100011101000111110010000001100000010000111100001000001101101
100000111101001111100101000110001100101111110000111011100001000101111101001100011011010111111001011111011110111111000100010111010001111111111111011011110000010100000101111000010110
100000111101001111100101000110001100101111110000111011100001010101101000011010111001010001110000111011100011101111000110101011000010100011110101010110011010011101101000000101011000
