101101000000001001001111111000101001010110010010110011110100101001100111010010100111111110011001100100111010000110100100011000001001100111001011000011110110111100100001111101101100
101101000000001001001111111000101001010110000011000101111011010011101000011111111100001000001111001011010010010111110100011000001001100111001011000011110110111100100001111101101100
101101000000001001001111111000101001010110000011000101111011010011000010001111011100011111010010010100111010000110100100011000001001100111001011000011110110111100100001111101101100
101101000000001001001111111000101001010110000011000101111011010011101111100001000111000001000011110000111010000110100100011000001001100111001011000011110110111100100001111101101100
101101011110100100111100101110111001001011101000111100111101101110010000110010100110111101100100010101110001011010011000010001111001101000010001110001110111110010110001111101101100
101101000000001001001111111000101001010110000001000001010110101010100010000110001100101101000111110001110001011010011000010001111001101000010001110001110111110010110001111101101100
101101000000001001001111111000101001010110010010110011110100101110111011100011100100111001000111111011001010011100111001101010001111111110110111000010010011001000011101000101001100
101101000000001001001111111000101001010110010001000111010010101100100110010110101100111010101111001100111000010111110100011000001001100111001011000011110110111100100001111101101100
101101000000001001001111111000101001010110000011000101111011010011101111100001000111001100111001100100111010000110100100011000001001100111001011000011110110111100100001111101101100
101101000000001001001111111000101001010110010001000111010010101100100110010110101100111000100101101111101011000101100011010010101101100111001011000011110110111100100001111101101100
101101000000001001001111111000101001010110010010110011110100101001100011110000010000000101001111100011110000011001010110010010101101100111001011000011110110111100100001111101101100
101101000000001001001111111000101001010110010001000111010010101100100110010110101100111001000111111011001010011100111001101010001111111110110111000010010011001000011101000101001100
101101000000001001001111111000101001010110010010110011110100101001100010100101000011100111101000011011001010011100111001101010001111111110110111000010010011001000011101000101001100
101101011110100100111010011100111010011011000111010101001010110110001111100111100000010110110100010111100000110110001011110010111101100110011000100100011110010101101110011100000100
101101011110100100111010011100111010011011000111010101001010110110001111100111100000011100000101010010101111001110111011110010111101100110011000100100011110010101101110011100000100
101101000000001001001111111000101001010110000011000101111011010011000011011001010101110111000111111011001010011100111001101010001111111110110111000010010011001000011101000101001100
101101000000001001001111111000101001010110010010110011110100101001100111010001110000000100110111100011110001011010011000010001111001101000010001110001110111110010110001111101101100
