001010001100111100010000001111111011010110001110111110001001000110100100010000101110100101110001100111110110101100011010101011111001100101010100000000010110111000111110110111000111
001001011010010001001010111010010000000000100011100100111100101101110010111101110100010000011010110001011011110110101111000000101111001000001110110101111101101110010011101101110010
001001011010010001001010111010010000000000100011100100111100101101110010111101110100010000011010110001011011110110101111000000101111001000001110110101111101101110010011101001111101
001001011010010001001010111010010000000000100011100100111100101101110010111101110100010000011010110001011011110110101111000000101111001111011001001010101010010100100010000111000111
001001011010010001001010111010010000000000100011100100111100111101111011111000101110100101110001100111110110101100011010101011111001100101010100000000010110111000111110110111000111
001010001100111100010000001111111011010110001110111110001001000110100100010000101110100101110001100111110110101100011010101011111001100101010100000000010110110111110001101001111101
001001011010010001001010111010010000000000100011100101000101001010001110111110010001011010110100011100111000101100011010101011111001100101010100000000010110111000111110110111000111
001010001100111100010000001111111011010111001011100111011010111101010000111000010010100101110001100111110110101100011010101011111001100101010100000000010110111000111110110111000111
001001011010010001001010111010010000000000100011100100111111011011100111110001110001111011000100110011110110101100011010101011111001100101010100000000010110111000111110110111000111
001001011010010001001010111010010000000000100011100100111100101101110010111101110100010000011010110001011011110110101111000000101111001000010010011000000011011010100110110111000111
001010001100111100010000001111111011010110001100010010011001110011010100010000101110100101110001100111110110101100011010101011111001100101010100000000010110111000111110110111000111
001001011010010001001010111010010000000000100011100100111100101101110010111101110100010000011010110001011011110110101111000000101111001000001110110101111101101110010001000100111001
001010001100111100010000001111111011010110001110111110001001000110100100010000101110100101110001100111110110101100011010101011111001100101010001011000110000010000011111010100001001
001001011010010001001010111010010000000000100011100100110101101010100100010000101110100101110001100111110110101100011010101011111001100101010100000000010110111000111110110111000111
001001011010010001001010111010010000000000100011100100111100101101110010111101110100010000011010110001011011110110101111000000101111001000001110110001111100011101000010111001010010
001001011010010001001010111010010000000000100011100100111100101101110010111101110100010000011010110001011011110110101111000000101111001000001011101101011011101100100001001001110111
001001011010010001001010111010010000000000100011100100111100101101110010111101110100010000011010110001011011110110101111000000101111001000001110110101111101101110010011101101110010
