101011011110010100011011010011101101100110011010011100100100111010010100111100011011101101100010001111010001101111101110110101001010011110000000010110000000101011000110101011101010
101011011110010100011011010011101101100110011010011100100100111010010100111100011011101101100010001111010001101111101110110101001010011110000000011100000010011100000110101011101010
101011011110010100011011010011101101100110011010011100100100111010010100111100011011010110100001100100110101111111101110110101001010011110000000010110000000101011000110101011101010
101011011110010100011011010011101101100110011010011100100100111010010100111100011011101101100010001111010001101111101110110101001010011100100001110110010100101011000110101011101010
101011011110010100011011010011101101100110011010011100100100111010010100111100011011101101100010001111010001101111101110110101001010011110000000010110010010011100000110101011101010
101011011110010100011011010011101101100110011010011100100100111010010100111100011011101101010111010100110111000001111101000101100000100111011001010000011001001010011001110111101010
101011011110010100011011010011101101100110011010011100100100111010010100111100011011101101100010001111010001101111101110110101001010011110000000010110010110101010001000101011101010
101011011110010100011011010011101101100110011010011100100100111010010100111100011011101101010111010100110111000001111101000101100000100111011001010000001100000010100101110111101010
101011011110010100011011010011101101100110011010011100100100111010010100111100011011010110100001100100110101111111101110110101001010011110000000010110010010011100000110101011101010
101011011110010100011011010011101101100110011010011100100100111010010100111100011011010110100001100100110101111111101110110101001010011100100001110110010100101011000110101011101010
101011011110000011111111001001110000011101011001011101011001111111111010011010011001100010111000101111010101100010111001110010100110101100101011001000101110110110101110101011101010
101011011110010100011011010011101101100110011010011100100100111010010100111100011011101101010111010100110111000001111101000101100000100111111000101111000101010100011001110111101010
101011011110000011111111011111111001100110010110011110000101010000101100010100011011101100110111001111101100100000000011011011010010000001110001111101010001110000001010101011101010
101011011110000011111111011111111001100110010110011110000101010000101100010100011011101100110111001111101100100000000011011011010001111001000111101001011001010110001011100001011100
101011011110000011111111011111111001100110010110011110000101010000101100010100011011101100110111001111101100100000000011011011010000001011001110011110110111110110001011100001011100
101011011110010100011011010011101101100110011010011100100100111010010100111100011011010110100001100100110101111111101110110101001010011110000000010110010110101010001000101011101010
101011100111111110011110100000110010010111101000111111010111111100111001001111100101001110000111110100011101110000011100100000101010111010101100101011111110000011000101101010101100
