010011100100110010101001111000010110001101100101010011101100110111000110111000000100110101101000110111100000001001001100010101111100010011011101001100100000111010101011101101010011
010011100100110010101100111111110000011111011100001011010101100100111000101001010010101110100101110011101011111011000111011010000010111001011101001100100000111010101011101101010011
010011100100110010101001111000010110001101100101010011101100110111000111011011011111100000011000101100100011001000100111011010000010111001011101001100100000111010101011101101010011
010011100100110010101100100000110000000100100100111111011010010100111000101001010010101110100101110011101011111011000111011010000010111001011101001100100000111010101011101101010011
010011100100110010101001111000010110001101100101010011101100110111000111011011011111100000011000101100111100010001100111011010000010111001011101001100100000111010101011101101010011
010011100100110010101001111000010110001101100101010111100101110100011100101001010010101110100101110011101011111011000111011010000010111001011101001100100000111010101011101101010011
010011100100110010101001111000010110001101100101010011101100110111000110111000000100110101111011010101000110001101000111011010000010111001011101001100100000111010101011101101010011
101000101010010010000010011101000100001111101101000111110010110011001100101001010010101110100101110011101011111011000111011010000010111001011101001100100000111010101011101101010011
010011100100110010101100100000110000000100100100111111100000110001011010110001011010101110100101110011101011111011000111011010000010111001011101001100100000111010101011101101010011
010011100100110010101001111000010110001101100101010011101100110111000111101110001101010101100110011000001011110100100111011010000010111001011101001100100000111010101011101101010011
010011100100110010101001111000010110001101100101010011101100110111110111111000001110111010100010010001010010101000100101101111011010111001011101001100100000111010101011101101010011
010011100100110010101001111000010110001101100101010011101100110111000111011011011111100011110011111111001110011100100111011010000010111001011101001100100000111010101011101101010011
010011100100110010101001111000010110001101100101010011101100110111000111011001110011110000110100011010011100010000111110011100011110110000000011011111101010100101101011101101010011
010011100100110010101100111111110000011111011100001001011001011100010000010101011110000000010000000011101011010101101111011010000010111001011101001100100000111010101011101101010011
010011100100110010101001111000010110001101100101010011101100110111000110111000000100110101111011010101000110001101001100010101111100010011011101001100100000111010101011101101010011
010011100100110010101001111000010110001101100101010011101100110111000110111000000100110101111011010101000110001111011010110000101110010001100001001100100000111010101011101101010011
101011000000100110001000101000101111011001000000011101000111001000100100101001001101111110010000000011001011110011000111011010000010111001011101001100100000111010101011101101010011
