110111000010110100011010110101011010011111011001001100100000111110010101110110111010111001011100111010110100000101100101101001000001000110111111011011100100000101001001000010110101
110111000010110100011010110101011010011111011001001100100000111110010101101011000001100001100110100111101011100101100101101001000001000110111111011011100100000101001001000010110101
110000100110100100100110010000011000100000000011110010001111001000111000011011011000010000111111011111101011000101111010011001100001000110111111011011100100000101001001000010110101
110111000010110010000100010110010001001101001111110001101111111110101100000101011001000101011011100100011110111000101110000111100001000110111111011011100100000101001001000010110101
110000100110100100100110010000011000100000000011110010001111001000111000011011011000010000111111011111101001111110001101001001001110100011000111001100110011100100100001011010111000
011111001001010010100010101111001010110011111110000011101010000100111110010010010001011000000010000010101100011010101100101001100001000110111111011011100100000101001001000010110101
100101000100110011001010110101011010011111011001001100100000111110010101110110111010111001011100111010110100000101100101101001000001000110111111011011100100000101001001000010110101
110111000010110100011010110101011010011111011001001100100000111110010101110110111010111001011100111010100100111101001001111011101101111110101101101111111000000000010101001110111000
110111000010110100011010110101011010011111011001001100100000111110010101110110111010111001011100111010110100000101100101101001000001000110111111011011100100000101001101001110111000
110000100110100100101110101100010100110000110010110001001011111010100101000100001111101011101001101000100110101010010010001001100001000110111111011011100100000101001001000010110101
100101000100110011001010110110001001001001110100010110010101010101000011011011100000001100110111101100011001011110010010100001100001000110111111011011100100000101001001000010110101
110111000010110010000100010110010001001101001111110001101111111110101100000101011001000101011011100100011110111110010010001001100001000110111111011011100100000101001001000010110101
110000100110100100100110010000011000100000000011110010001111001000111000011011011000010000111111011110101111101110101000000001111001100000101101000011100100000101001001000010110101
110000100110111110111100111010110001100000001101011100010010100001000000001011110111011000001011100100011110111000101110000111100001000110111111011011100100000101001001000010110101
110000100110111111110010011010101001100101101110010010011000101101101010010000001000101001011100010011110100100011110100011001100001000110111111011011100100000101001001000010110101
100010100000101000010110000000110001001001110100010110010101010101000011011011100000001100110111101100011001011110010010100001100001000110111111011011100100000101001001000010110101
110001010100110100011010110101011010011111011001001100100000111110010101101011000001100001100110100111101011100101100101101001000001000110111111011011100100000101001001000010110101
