111010000010011011111111011011000010011000001110101001000000010100111010100001101110010010001101101001001110100110010010010011111111101011001010110001000100111000011110101100000110
111010000010011011111110011010110110001000111111100101100110111000010101010111001011101001111111100101110110110100101110111111011100111000100100010000110000110100010010101100000110
111010000010011011111110011010110110001000111111100101100110111000010101010111001011101001111111100101110110110100101110111111011100111000100100010000110000110100111111100110000110
111010000010011011111110011010110110001000111111100101100110111000010101010111001011101001111111100101110110110100101110111111011100111001101111000010011001110110100001011100000110
111010000010011011111111011011000010011000001110101001000000010100111010100011000101111111100111110010011011101110011011010100001010010101111110100101011011100010001000100000111110
111010000010011011111111011011000110001000111111100101100110111000010101010111001011101001111111100101110110110100101110111111011100111000100100010000110000110100111111100110000110
111010000010011011111111011011000010011000001110101001000000010100111010100001101110010010001101101001001110100110010010010011111111100100001111001100011011010101000110000000101101
111010000010011011111111011011000110001000111111100101100110111000010101010111001011101001111111100101110110110100101110111111011100111001101111000010011001110110100001011100000110
111010000010011011111111010001110110001000111111100101100110111000010101010111001011101001111111100101110110110100101110111111011100111001101111000010011001110110100001011100000110
111010000010011011011111000111011101011110010010111111010011010011000011111010010001011100010100110011011011101110011011010100001010010101111110100101011011100010001000100000111110
111010000010011011111111011011000010011000001110101001000000010100111010100011000101111111100111110010011011101110011011010100001010010101111110100001101000001110100001011100000110
111010000010011011111111010010100001111101000001010000000100100110100110101000101100110001010100110101111100110001000011010010111011111001101111000010011001110110100001011100000110
111010000010011011111011000001010110001000111111100101100110111000010101010111001011101001111111100101110110110100101110111111011100111001101111000010011001110110100001011100000110
111010000010011011111111011011000010011000001110101001000000010100111010100011000101111111100111110010011011101110011011010100001010010101111110100101011011100010001001100000000110
111010000010011011111111011011000010011000001110101001000000010100111010100001101110010010001101101001001110100110010010010011111111101011001010110001000100111000011110101001011100
111010000010011011111110011010110110001000111111100101100110111000010101010111001011101001111111100101110110110100101110111111011100111000100100010000110000110100100001011100000110
111010000010011011111111011011000011111100101000111101100000110000011101111001101111110111101001110011101001110101011011111100010100000011010001101101101111011001100111010000111100
