110010110011100111001101010000010010101011101011101000110101001001001111010010000001111111100111100101100000111011001010111110010011101100111010000111100001100011010010100110001010
110010110011110010011101101111110110010100000100011101010110010010001000100000100011000001011011111000111100011011000100110001111100100111101001100100111010000100111011110111110010
110010110010110001000100110010111000111011101111100000111101010110011001111111011011001010001100110011001101100001111111010101000101000001100000110010001010110100111011110111110010
110010110011100111001101010000010010101011101011101000110101001001001111010010000001111111100111100101100000111011001010111110010011010111011010010110111100101110000000100111110010
110010110011100111001101010000010010101011101011101000110101001001001111010010000001111111100111100101100000111011001010111110010011111100010100111011010001100100111011110111110010
110010110011110010011101111010110001011010011110101111011110110011110001011110111001010011000010011100100110011100010100010001110110011000100010100101011110011100110100100111110010
001100000000100110000011001100011101000111000001111000110101001001001111010010000001111111100111100101100000111011001010111110010011101100111010000111100001100011010010100110001010
110100100010001011011001111001110110010001101100100010000000100010011001111111011011001010001100110011001101100001111111010101000101000001100000110010001010110100111011110111110010
110010110011100111001101010000010010101011101011101000110101001001001111010010000001111111100111100101100000111011001010111110010011101100111010000100011100101110000000100111110010
110010110011100111001101010000010010101011101011101000110101001001001111010010000001111111100111100101100000111011001010111110010011100001001110111001000001100011010010100110001010
110010001101001111010100010010111000111011101111100000111101010110011001111111011011001010001100110011001101100001111111010101000101000001100000110010001010110100111011110111110010
110010110011100111001101010000010010101011101011101000110101001001001111010010000001111101000110010111001001000000111100100000001111010110000100101000010001100100111011110111110010
110010110011100111001101010000010010101011101011101000110101001001001111010010000001111111100111100101011110100100100110111101100111000100000110001101010000101110000000100111110010
110010110011100111001101010000010010101011101011101000110101001001001111010010000001111101000110010111001001000000111100100000001111010110000100101000010111001110000000100111110010
110010110011100111001101010101111001111101000110110010000000100010011001111111011011001010001100110011001101100001111111010101000101000001100000110010001010110100111011110111110010
110010001101010110010011001100011101000111000001111000110101001001001111010010000001111111100111100101100000111011001010111110010011101100111010000111100001100011010010100110001010
100110110001001110000111101110110101110000111110100011111001100100001111010010000001111111100111100101100000111011001010111110010011101100111010000111100001100010010001101011010100
