10001101100001011100000000000010010101001100101100000000010000111100101010111010110000010110100010110110010011100011101101111001001100010001001010010000101111001011110011100111111110
10001101100001011100000000000010010101001100101100000000111011111001000111111110101011111111100100111000100100000000100011110010000001100101001010010000101111001011110011100111111110
10001101100001011100000000000010010101001100101100000000010000111100101010111010110000010110100010110110010011100011101101111001001100010010100100000010110000110000111010001101111110
10001101100001011100010101100000100000001111010010010001010010001111110001000111000110111010110000000010110000101101101001010110000001100101001010010000101111001011110011100111111110
10001101100001011100000000000010010101001100101100000000010000111100101010111010110000010110100011111110011010111110111111101110111100010001001010010000101111001011110011100111111110
10001101100001011100000000000010010101001100101100000000111011111110010101100000101001100001000011010001010010001010000100001110100011010001001010010000101111001011110011100111111110
10001101100001011100000000000010010101001100101100000000010000111100101010111010100111101100110000100100101111010101101001010110000001100101001010010000101111001011110011100111111110
10001101100001011100000000000010010101001100101100000000010000111100101010111010100111111110110010110110010011100011101101111001001100010001001010010000101111001011110011100111111110
10001101100001011100000000000010010101001100101100000000010000111100101010111010110000111101100111000000110101001000010011101110111100010001001010010000101111001011110011100111111110
10001101100001011100010101101111100000100000100000000110001100110101110100100001100101101010001000010000001100011011101101111001001100010001001010010000101111001011110011100111111110
10000100111111000100011001011000000000000100100110110001011100110010111110000101010100000000010011001110101010110000010011101110111100010001001010010000101111001011110011100111111110
10001101100001011100010101100000100000001111010010010001111001001010111110000101010100000000010011001110101010110000010011101110111100010001001010010000101111001011110011100111111110
10001101100001011100000000000010010101001100101100000000010000111100101010111010110000111101100111100110101010110000010011101110111100010001001010010000101111001011110011100111111110
10001101100001011100000000000010010101001100101100000000010000111100101010111010100111101100101101000000110101001000010011101110111100010001001010010000101111001011110011100111111110
10001101100001011100010101100000100001100011100100110100000000001101100110011101010100000000010011001110101010110000010011101110111100010001001010010000101111001011110011100111111110
10001101100001011100000000000010010101001100101100000000111011111000100001110100001110111100100111100110101010110000010011101110111100010001001010010000101111001011110011100111111110
10110000001110011010000100111010001011100111010101010011001011000001111010001001111010011000111000010111000010000011100110111000011101111110111100111100111110100111010001100010100011
