101111100110001100010000111101111101010100101100111010000000011100111101111011010010101101111010110011100101010111010100100110011100111000101010000101110001111110010000110000110001
101111100110001100010000111101111101010100101100111010000000011100111101111011010010101101111010110011100101010111010111011100100010110100010010110010110010001011001000010100110001
101111011100101111100100001011000111000000110010111010000000011100111101111011010010101101111010110011100101010111010100100110011100111000101010000101110001111110010000110000110001
101111011100101101001000011000000111000000110010111010000000011100111101111011010010101101111010110011100101010111010100100110011100111000101010000101110001111110010000110000110001
101111011100101111100100001011000111000000110010111010000000011100111101111011010010101101111010110011100101010111010111011100100010110100010010110010110010001011001000010100110001
101111100110001100010000111101111101010100101100111010000000011100111101111011010010101101111010011000100001011100011001011000101000001101000100011010100001001011011101011110001110
101111100110001100010000111101111101010100101100111010000000011100111101111011010010101101111010011000111101001010001011011010000110110100010010110010110010001011001000010100110001
101111011100101101001000011000000111000000110010111010000000011100111101111011010010101101111010110011100101010111010111011100100010110100010010110010110010001011001000010100110001
101111100110001100010000111101111101010100101100111010000000011100111101111011010010101101111010110011100101010111010100100110011100111000101000010110100001001011011101011110001110
101111100110001100010000111101111101010100101100111010000000011100111101111011010010101101111010110010011001001011111110100100110010000101011110000101110001111110010000110000110001
101111100110001100010000111101111101010100101100111010000000011100111101111011010010101101111010011000100001100101000000000110111000111000101010000101110001111110010000110000110001
101111100110001100010000111101111101010100101100111010000000011100111101111011010010101101111010110011100101010111010100100110011100111000101000011000101101100111010000001110001110
101111100110001100010000111101111101010100101100111010000000011100111101111011010010101101111010110011100101010010001101111000001100001101000100011010100001001011011101011110001110
101111011100101111100100001011000111000000110010111010000000011100111101111011010010101101111010011000100001011100011001011000101000001101000100011010100001001011011101011110001110
101111100110001100010000111101111101010100101100111010000000011100111101111011010010101101111010110010001100000110101100100110011100111000101010000101110001111110010000110000110001
101111100110001100010000111101111101010100101100111010000000011100111101111011010010101101111010110011100101010010001111111101111011011101111000010110101100011111010000001110001110
010001010010011100110001001111101101000101000001000101100011010001101011011001000000001000110000110000101001011100111011111001000111000010111010111111110011011111011100011010110110
