11001110111011101000100110001101101001110001110100111111010100110011011000100000010000000001101100000101010010011011000100111110100011101001100101100010010011100100101001010011111001
11001110111011101000100110001101101001110001110100111111010100110011011000100000010000000001010100000011110010011101110011100111101000000100110111100010010011100100101001010011111001
11001110111011101000100110001101101001110001110100111111010100110011011000100000010000000001101100000100110101000100010000111110100011101001100101100010010011100100101001010011111001
11001110111011101000100110001101101001110001110100111111010100110011011000101000011010111110110001011011011000010100100000100111101000000100110111100010010011100100101001010011111001
11001110111011101000100110001101101001110001110100111111010100110011011000100000010000000001101100000100110101011001110110010111101000000100110111100010010011100100101001010011111001
11001110111011101000100110001101101001110001110100111111010100110011011000100000010000000001011101010111010001010100100000100111101000000100110111100010010011100100101001010011111001
11001110111011101000100110001101101001110001110100111111010100110011011000100000010000000001010100000010001111011011111110001001110010100100101110010010010011100100101001010011111001
11001110111011101000100110001101101001110001110100111111010100110011011000100000010000000001101100000100110101001100110001000011110011101001100101100010010011100100101001010011111001
11001110111011101000100110001101101001110001110100111111010100110011011000100000010000000001101100000100111001000101100010010111101000000100110111100010010011100100101001010011111001
11001110111011101000100110001101101001110001110100111111010100110011011000100000010000000001101100000100110101011001010011011011110100100100101110010010010011100100101001010011111001
11001110111011101000100110001101101001110001110100111111010100110011011000101000011010111110110001011011010111100100010000111110100011101001100101100010010011100100101001010011111001
11001110111011101000100110001101101001110001110100111111010100110011011000100000010000000001011101010111011110100100010000111110100011101001100101100010010011100100101001010011111001
11001110111011101000100110001101101001110001110100111111010100110011011000100000010000000001101100000100110101011110000100100000100010100001101111010001110011100100101001010011111001
11001110111011101000100110001101101001110001110100111111010100110011011000100000010000010000001011000001110010100011111110011101101100000101011101000000011011100100101001010011111001
11001110111011101000100110001101101001110001110100111111010100110011011000101000011010111110001110110010110110101011011001001111011011101111001101011101001001010100100011100010110101
11001110111011101000100110001101101001110001110100111111010100110011011000100000010000000001010100000010001100010101010001100010000001011010100110001011010101000011110111101010000001
11001110111011101000100110001101101001110001110100111111010100110000101000111101000111010011001110110011000011001001101101001110000011010010101110110001010100110000001110001000100011
