110011100101000000001101100010111110110100000001110010010000100101001100101001011101001000011100110110110111101011011110111111101110100100110100011000001110010011100110101010000111
110011100101000000001101100010111110110100000001110010010000100101001100101001011101001000011100110111100001100111100100001001001110100100110100011000001110010011100110101010000111
110011100101000000001101100010111110110100000001111001111001111001110000010000010000100100010011000001100000010111110110101110110110000101101101110101111110010011100110101010000111
110011100101000000001101100010111110110100000001110010010000100101001100101001011101001000011100110110110111101110000110011001101100100100110100011000001110010011100110101010000111
110011100101000000001101100010111110110100000001110010010000100101001100101001011101001000011100110110110111101011011110111111010000000101101101110101111110010011100110101010000111
110011100101000000001101100010111110110100000001110010010000100101001100101001011101001000011100110111100001100010111010101110110110000101101101110101111110010011100110101010000111
110011100101000000001101100010111110110100000001110010010000100101001100101001011101001000011100110110110111101110000110011001101110100100110100011000001110010011100110101010000111
110011100101000000001101100010111110110100000001111001111001111001110000010000010000100100010011000001100000010111110110101110000110100100000010101011011100001110000011110111111001
110011100101000000001101100010111110110100000001111001111001111001110000010000010101111011111001111011100111011010110110101000011001101100110001001010011001011111011110111000110001
110011100101000000001101100010111110110100000001110010010000100101001100101010111000100100010100000100000011000100010110001011010100000101101101110101111110010011100110101010000111
110011100101000000001101100010111110110100000001110010010000100101001100101001011101001000011011101111111001011011001110101110110110000101101101110101111110010011100110101010000111
110011100101000000001101100010111110110100000001110010010000100101001100101001011101001000011100110111100001100010111010101110111110100100110100011000001110010011100110101010000111
110011100101000000001101100010111110110100000001110010010000100101001100101001100011100100010100000100000011000100010110001011010100000101101101110101111110010011100110101010000111
110011100101000000001101100010111110110100000001110010010000100101001100101001011101001000011100110110110111101011011110111111101111110010111101110101111110010011100110101010000111
110011100101000000001101100010111110110100000001111001111001111001000000110000100101110010110001010111010111100100111001111101111001101100110001001010011001011111011110111000110001
110011100101000000001101100010111110110100000001111001111001111001110000010000010000100011011000100000000010001000110101111011011110100100110100011000001110010011100110101010000111
110011100101000000001101100010111110110100000001111001111001111001110000010000010101111100110010011001011000011001001011100111001100001001111111011100011001001001110001011000000101
