00011000010100101011010100111000010011111100000110111010001000000000010101101010110101000010110101010110011100010011101010100010011011110100101001101011001111101001111111111001011100
00011111110101011000010000000101001110010111001111111001001001111111011101001011100100111000110000010111101010100011101100010100110101101101111000011110100101001010000110001011011100
00011111110101011000010000000101001011001101111010010010011111010010000111111110001111101110011101001101011111001000111010111001101111011000010011001000001000010000110101011001100100
00011111110101011000010000000101001110100111101101110011110011101110110101111000011110000111101010100111111111010011100001011001101111011000010011001000001000010000110101011001100100
00011111110101011000010000000101001011001010110010100110100100100111101000010101110101010001000111111101001010111000110111110100110101101101111000011110100101001010000110001011011100
00011000010100101011010100111000010011111001011001001101011000011101110101111111000101000010110101010110011100010011101010100010011011110100101001101011001111101001111111111001011100
00011111110101011000010000000101001010111111001111111001001001111111011101001011100100111000110000010111101010100011101100010100110101101101111000011110100101001010000110001011011100
00011111110101011000010000000101001110010111001111111111111110110010110100010101110101010001000111111101001010111000110111110100110101101101111000011110100101001010000110001011011100
00011111110101011000010000000101001011001101111010010010011111010010000111111110001111101110011101001101011111001000111010111001101111011000010011001000001000010101110100011010100100
00011111110101011000010000000101001110010111001111111001001001111111011101001011100100111000110000010111101010100011101100010100110101101101111000011110100101001010000000001011011100
00011111110101011000010000000101001110100111101101110011110011101110110101111000011110000111101010100111111111010011100001011001101111011000010011001000001000010101110100011010100100
00011111110101011000010000000101001001100110100010001010010010011010001011001110111011110100010110110111001010100001001111000111011010111010001011101100000100100100100101111011011100
00011000010100101011010100111000010011111100000110111010001000000000010101100101100000000001011010001011100111100111100110110110011111111101101110110101000000110010010110100111100100
00011111110101011000010000000101001110010111001111111111111110110010100000010101110101010001000111111101001010111000110111110100110101101101111000011110100101001010000110001011011100
00011111110101011000010000000101001011001010110010100000010011101010000111111110001111101110011101001101011111001000111010111001101111011000010011001000001000010000110101011001100100
00011111110101011000010000000101001001100110100010001010010011010011000010000110001111101110011101001101011111001000111010111001101111011000010011001000001000010000110101011001100100
11111110000000010010001100001100111000100101111110010001101011100111101001110110110110000010111011101101111111001010011001000000001001000110100001000111000000010101101101111111100111
