11101100101111010111111001010111101100110000100001101001001110101000011110000011111111111111001110111011000111101001101011111000111110100011101010110100110010110011110011001001100001
11101100101111010111111001010111101100110000100001101001001110101000011110000011111111111111001110111011000111101001101011111000111110100011101010010011011000010100000000101010100001
11101100101111001000100000111110100101101110101111001100000110101101001100000100100001010001000010000011101011001001001110000111110100111001001111001100110010110011110011001001100001
11101100101111010111111001010111101100110000100001101001001110101000011110000011111111111111001110111011000111101001101011111000111110100011111001110010111110001011011111101100100001
11101100101111010111111001010111101100110000100001101001001110101001011000011111101011101111111111110111100001111000001111100001001110000110010011111100010001100000110001011000000101
11101100101111010111111001010111101100110000100001101001001110101010001110100110000011001110010010111110111011010100000001100001010111011110011000010011001110010001110101000000000101
11101100101111010111111001010111101100110000100001101001001110101000010011001101000110101101111000000111111010000011011111011011010010101111101010110100110010110011110011001001100001
11101100101111010111111001010111101100110000100001101001001110110101000100110110010100101001100011100001110010000010111101010101100100010110000001001001110011010100000000101010100001
11101100101111001011010011110001001111010000001010110110001000110100011001101100010011011101010111100111100001111000001111100001001110000110010011111100010001100000110001011000000101
11101100101111010111111001010111101100110000110111101110110110111000011010010011010111000101011001100101100001111000001111100001001110000110010011111100010001100000110001011000000101
11101100101111010111111001010111101100110000100001101001001110101000001100000100111001111000010000100011111101111000001111100001001110000110010011111100010001100000110001011000000101
11101100101111001000100000111110100110001000111010011011011011101111001100000100100001010001000010000011101011001001001110000111110100111001001111001100110010110011110011001001100001
11101100101111001011010011110001001111010000001010110110001000110100011010010011010111000101011001100101100001111000001111100001001110000110010011111100010001100000110001011000000101
11101100101111010111111001010111101100110000100001101001001110101000101001111001100110010101001000000111111010000011011111011011010010101111101010110100110010110011110011001001100001
11101100101111001011010100011101001000110100011010100111010000000000010110110001001010000111101111011001011110100010011000101010101110001100110000001001110011010100000000101010100001
11101100101111010111111001010111101100110000100001101001001110101010001110100110000011001110010000010010101000010011011001001100010100110011101010110100110010110011110011001001100001
11101100101111001000101010110110001100000100110101010010010101110110011100100010101110000100110100010110000101001101111011001111010000011101011100111010100100010001110101000000000101
