011111100100011111111110101011001111100010100000111110111101011011011011010111001110010001000000011111010010011110001111111111111001100101110010011110111100011111110111101101001100
011111100100011111111110101011001111100010100000111110111101011011011011010111001110010001000000011111010010011110001111111111111001100101110010011110111100110001101000100100110100
011111100100011111111110101011001111100001111110001101111111001100100010011111001101001011001100100000001011100100110000011100110111101110000100001010111100011111110111101101001100
011111100100011111111110101011001111100000101000000100011100101101100010111100011100000000100100111010010011010100101010101100110111101110000100001010111100011111110111101101001100
011111100100011111111110101011001111100010100000111110111101011011011011010111001110010001000000011111010010011110001111111111111001100101110110000011101101010001111100100001001100
011111100100011111111110101011001111100010100000111110111101011011011011010111001110010001000000011111010010011110001111111111111001100101110010011100011000011111110111101101001100
011111100100011100011110110101001101100010100000111110111101011011011011010111001110010001000000011111010010011110001111111111111001100101110010011110111100011111110111101101001100
011111100100011100011110110101001101100010100000111110111101011011011011010111001110010001000000011111010010011110001111111111111001100101110010011110111100110001101000100100110100
011111100100011111111110101011001111100010100000111110111101011011011011010111001110010001000000011111010010011110001111111111111001100101110110001001011100011111110111101101001100
011111100100011111111110101011001111100010100000111110111101011011011011010111001110010001000000011111010010011110001111111111111001100101110010011110111100110001111100100001001100
011111100100011111111110101011001111100000101000000100011100101101100010111100011100000000100100111011001011100100110000011100110111101110000100001010111100011111110111101101001100
011111100100011111111110101011001111100001111110001101111111001100001010101011000101111011100110001111110011010100101010101100110111101110000100001010111100011111110111101101001100
011111100100011111111110101011001111100010100000111110111101011011011011010111001110010001000000011111010010011110001111111111111001100101110010010100011000011111110111101101001100
011111100100011111111110101011001111100000101000000100011100101101110111010111001110010001000000011111010010011110001111111111111001100101110010011110111100110001101000100100110100
011111100100011111111110101011001111100000101000000100011100101101110111010111001110010001000000011111010010011110001111111111111001100101110010011110111100011111110111101101001100
011111100100011100011110110101001101100010100000111110111101011011011011010111001110010001000000011111010010011110001111111111111001100101110110000011101101010001111100100001001100
011111100100011101010111100000101110110100001101100100001000110000001101111010010100100100101011001001111111000100111010010100101111001000101000101011010111100111000101111110011101
