10011000101100011101001111001111101111111000100100001111110000101110100111101111010001001101101111101001101100010001100111101100010010000110110111000000000110111000
10011000101100010100001101001111101111111000100100001111110000101110100111101111010001001101101111101001101100010001100111101100010010000110110111000000000110111000
10011000101100011100011100101111101111111000100100001111110000101110100111101111010001001101101111101001101100010001100111101100010010000110110111000000000110111000
10011000101100011100011100001101010101111000100100001111110000101110100111101111010001001101101111101001101100010001100111101100010010000110110111000000000110111000
10011000101100011101001111001111100110111100100100001111110000101110100111101111010001001101101111101001101100010001100111101100010010000110110111000000000110111000
10011000101100011100011100100100011111111000100100001111110000101110100111101111010001001101101111101001101100010001100111101100010010000110110111000000000110111000
10011011001001000111011110101000100110111100100100001111110000101110100111101111010001001101101111101001101100010001100111101100010010000110110111000000000110111000
10011000101100011100011101101111101111111000100100001111110000101110100111101111010001001101101111101001101100010001100111101100010010000110110111000000000110111000
10011000101100010100001101000110101111111000100100001111110000101110100111101111010001001101101111101001101100010001100111101100010010000110110111000000000110111000
10011011001001000110011010101111101111111000100100001111110000101110100111101111010001001101101111101001101100010001100111101100010010000110110111000000000110111000
10011000101100011101001111001111100111010101010100001111110000101110100111101111010001001101101111101001101100010001100111101100010010000110110111000000000110111000
10011000101100011101001111001110100101111000100100001111110000101110100111101111010001001101101111101001101100010001100111101100010010000110110111000000000110111000
10011000101100011100011100011010110001000010100100001111110000101110100111101111010001001101101111101001101100010001100111101100010010000110110111000000000110111000
10011000101100011101001111001110101101001010110010011111010111010010001101001011101110001101101111101001101100010001100111101100010010000110110111000000000110111000
10011000101100011101001111001110100101111001011100001111110000101110100111101111010001001101101111101001101100010001100111101100010010000110110111000000000110111000
10011000101100011101001111001111100111001001101000110010110110001101010111001010101110001101101111101001101100010001100111101100010010000110110111000000000110111000
10011000101100011101001111001111101111111000100100001111110000101110100111101111010001001101101111101001101100010001100111101100010010000110110111000000000110111000
