00011101110010100001001010001111000100100100100110110110001000010011010000111111111001101011011110101110110001000011010011100001110100100000110011100011001010101111
00011101110010100001001010001111000100100100100110110110001000010011010000100110101110110011010110101110110001000011010011100001110100100000110011100011001010101111
00011101110010100001001010001111000100100100100110110110001000010011010000100100100001110011010110101110110001000011010011100001110100100000110011100011001010101111
00011101110010100001001010001111000100100100100110110110001000010011010000111111111001101011011100000101010010110100000011101111100010111101001101100010011100010010
00011101110010100001001010001111000100100100100110110110001000010011010000111111111001101011011110101110110001000011010011100001110100100000110011100010011100010010
00011101110010100001001010001111000100100100100110110110001000010011010000100110101110110011010110101110110001000011010011100001110100100000110011100010011100010010
00011101110010100001001010001111000100100100100110110110001000010011010000111111111001101011011111111010010001101001001101101001000001001101101000111010011100010010
00011101110010100001001010001111000100100100100110110110001000010011010000111111111001101011010110101110110001000011010011100001110100100000110011100011001010101111
00011101110010100001001010001111000100100100100110110110001000010011010111010000101010010011111110101110110001000011010011100001110100100000110011100011001010101111
00011101110010100001001010001111000100100100100110110110001000010011010000100100100001110011010110101110110001000011010011100001110100100000110011100010011100010010
00011101110010100001001010001111000100100100100110110110001000010011010000111111111001001110110011011000011111100101101110010101000001001101101000111010011100010010
00011101110010100001001010001111000100100100100110110110001000010011010000111111111001101011011100000100010111110011111100101001000001001101101000111010011100010010
00011101110010100001001010001111000100100100100110110110001000010011010000111111111001101011011111100110110001000011010011100001110100100000110011100011001010101111
00011101110010100001001010001111000100100100100110110110001000010011010000111111111001001101010001000001010000000001100001110110101101000010001011010110011100010010
00011101110010100001001010001111000100100100100110110110001000010011010000111111111001001101010001000001010000011010101000001000100000000000011000111011100010010010
00011101110010100001001010001111000100100100100110110110001000010011010000111111111001100100101110101110110001000011010011100001110100100000110011100011001010101111
00011101110010100001001010001111000100100100100110110110001000010011010000111111111001101011011110101110110001000011010011100001110100100000110011100011001010101111
