01010010111010100001010010010001011000111001111011010100111011010001001101100010110011101101110000101001000100111010111111000101000010101000000011000111000100101010
01010010111010100001010010010001011000111001111011010100111011010001001101100010110011101101110000101001000100111000111111000101000010101000000011000111000100101010
01010010111010100001010010010001011000111001111011010100111011010001001101100010110011101101110000101001000100111010111011010101100110011000000011000111000100101010
01010010111010100001010010010001011000111001111011010100111011010001001101100010110011101101110010111110101011011010111111000101000010101000000011000111000100101010
01010010111010100001010010010001011000111001111011010100111011010001001101100010110011101101110000101001000100111001100111010101100110011000000011000111000100101010
01010010111010100001010010010001011000111001111011010100111011010001001101100010110011101101110000101001000100111011011101010100010010011000000011000111000100101010
01010010111010100001010010010001011000111001111011010100111011010001001101100010110011101101110000101001000100111010111010011111001010001000000011000111000100101010
01010010111010100001010010010001011000111001111011010100111011010001001101100010110011101101110000111111111100100001100011000101000010101000000011000111000100101010
01010010111010100001010010010010010000111001111011010100111011010001001101100010110011101101110000101001000100111010111111000101000010101000000011000111000100101010
01010010111010100001010010010001011000111001111011010100111011010001001101100010110011101101110000101001000101110100100100100101000010101000000011000111000100101010
01010010111010100001010010010001011000111001111011010100111011010001001101100010110011101101110000101001000100110110110010001001010001100000000011000111000100101010
01010010111010100001010010010001011000111001111011010100111011010001001101100010110011101101110000101001000100111010111010011111000010101000000011000111000100101010
01010010111010100001010010010001011000111001111011010100111011010001001101100010110011101101110000101001000100111011011100011110111111000000000011000111000100101010
01010010111010100001010010010001011000111001111011010100111011010001001101100010110011101101110000101001000100111010111100010110100010101000000011000111000100101010
01010010111010100001010010010001011000111001111011010100111011010001001101100010110011101101110000101001000100111010111011011101110000000000000011000111000100101010
01010010111010100001010010010001011000111001111011010100111011010001001101100010110011101101110000101001000100111011000000111101111000010110010111000111000100101010
01010010111010100001010010010001011000111001111011010100111011010001001101100010110011101101110000101001000100111010111111000101000010101000000011000111000100101010
