01110001001011101011110011110101110111010110100010000101101010011001001010111101101011001100011100100000100000101111111110001010010000101111010010110010001111001111
01110001001011101011110011110101110111010110100010000101101010011000010010100100100110111100110001001111111010001100001110101111100011010001000001011001111111001111
01110001001011101011110011110101110111010110100010000101101010011000010010100100101110111000011110000110000101110100110001111000011000000111100001011101111111001111
01110001001011101011110011110101110111010110100010000101101010011000010010100100101110111000011110000110000101110100110001111001011110010001000001011001111111001111
01110001001011101011110011110101110111010110100010000101101010011000010010100100101110111000011110000110000101110100110001111001000010001000110001011101111111001111
01110001001011101011110011110101110111010110100010000101101010011001001011011011001101001100100010001110001101111100111111010001011100001100011100111000010101100111
01101010101010101001000111100100010000011111011001001110010100110000001001100111111100010001010110000100100101111101111000010001011110010001000001011001111111001111
01101010101010101001000101001011101111101000101111010111011100101000010111010011011011011111010101011100101011011011101111100101001010011110100010110010001111001111
01101010101010101001000111100100010000011111011001001110010100110000001001100111111100010001010110000100100101111101111000010001011100001100011100111000010101100111
01101010101010101001000101001011101111101000101111010111011100101000010111010011011011011110011111111000101110001100011010011010001010100001000001011001111111001111
01101010101010101001000101001011101111101000101111010111011100101000010111010011011011011110011111111000101110001100011010011011110110111100101000010110110011001111
01110001001011101011110011110101110111010110100010000101101010011001001011011011001101001100100010001110001101111100111111101000011000000111100001011101111111001111
01101010101010101001000101001011101111101000101111010111011100101000010111010011100101110000101010011000011111000011000111011011101111010111100001011101111111001111
01101010101010101001000101001011101111101000101111010111011100101000010111010011011011011110011111111000101110001100011010101000011000000111100001011101111111001111
01110001001011101011110011110101110111010110100010000101101010011001001011011011110011100011010101011100101011011011101111100101001010011110100010110010001111001111
01101000111011100000111101111111111010000000111001000101101010011001001010111101101011001100011100100000100000101111111110001010010000101111010010110010001111001111
01101000111011100000101011101101000110001000101111010111011100101000010111010011010101110111011110111011100000111111000110110111111000101010011011110000111011011010
