01110011010010100010110101110111001100111110110011101100111101110100011011010010100010010100001011111100101110100001110100100010001110101000000000100101101001100101
01110011010010100010110101110111001100111010100010001010111111111000100011010010100010010100001011111100101110100001110100100010001110101000000000100101101001100101
01110011010010100010110101110111001100111110110011101100111101110100011011010010100010010100001011111100101110100001110100100010001111010101000011011110011001100101
01110011010010100010110101110111001100111110110011101100111101110100011011010010100010010100001011111100101110100001110100100010001111010110010000111110110111100101
01110011010010100010110101110111001100111110111110010000100000001000001100011010001010101001000001011000101011111000001110101000110101101000000000100101101001100101
01110011010010100010110101110111001100111110110010110100010000001000001100011010001010101001000001011000101011111000001110101000110101101000000000100101101001100101
01110011010010100010110101110111001100111110110011101100111101110100011011010010100010010100001011111100111010100001110100100010001110101000000000100101101001100101
01110011010010100010110101110111001100111010100010001010111111111000101000011011111110100100111111111100101110100001110100100010001110101000000000100101101001100101
01110011010010100010110101110111001100111110110011101100111101110100011011010010100010010100001011111100101110100001110100100010001110100010100100100000110011001011
01110011010010100010110101110111001100111110110011101100111101110100011011010010100010010100001011111100101110100001110100100010001110100011101110000101101001100101
01110011010010100010110101110111001100111010100010110100010000001000001100011010001010101001000001011000101011111000001110101000110101101000000000100101101001100101
01110011010010100010110101110111001100111010100010001001010011001110011010100100110000010100001011111100101110100001110100100010001110101000000000100101101001100101
01110011010010100010110101110111001100111010100010001010110100010110001000110111101000001110101111000000101110100001110100100010001110101000000000100101101001100101
01110011010010100010110101110111001100111110110011101100111101110100011011010010100010010100001011111100101110100001110100100010001110101001010110101011111110110100
01110011010010100010110101110111001100111110110011101100111101110100011011010010100010010100001011111100101110100001110100100010001111010100000000100101101001100101
01110011010010100010110101110111001100111110111110010000100000001000001100011010001010101001000001011000101011111000001110101000110101111100000011001001000100011011
01110011010010100010110101110111001100111110110011101100111101110100011011010010100010010100001011111100101110100001110100100010001110101000000000100101101001100101
