11100001001111111011010000011101001111001000100111010001110000000101011001001110100010010101000000111101100010000101001111100101110111100001000110110111100110001000
11100001001111111011010000011101001111001000100111010001110000000101110100001100010000000010100001111111010000010111001010010000001100000000000101101101101110001000
11100001001111111011010000011101001111001000100111010001110000000101011001001110100010010101000000111101100010000101001111100101110111100001000111011111111001110011
11100001001111111011010000011101001111001000100111010001110000000101110100001100010000000010100001111111010000010010100011100110110011101100000110110111100110001000
11100001001111111011010000011101001111001000100111010001110000000101011001001110100010010101000000111101100010000101001111100101110111100001000111011111111000011011
11100001001111111011010000011101001111001000100111010001110000000101011001001110100010010010001101101010111110010111001010010000001100000000000101101101101110001000
11100001001111111011010000011101001111001000100111010001110000000101110100001100010000000010100001111111010010100111001010010000001100000000000101101101101110001000
11100001001111111011010000011101001111001000100111010001110000000101110100001100010000000010100001111111010000010101111010011101000001000101110010110001101101001110
11100001001111111011010000011101001111001000100111010001110000000101011001001110100010010101100100011101001000010111001010010000001100000000000101101101101110001000
11100001001111111011010000011101001111001000100111010001110000000101011001001110100010010101000000111101100010000101001111101001001010110000111010100111100110001000
11100001001111111011010000011101001111001000100111010001110000000101011001001110100010010101000000111101100010000101001111100101110111100001000110101001011101000110
11100001001111111011010000011101001111001000100111010001110000000101011001001110100010010101000000111101100010000011010111011001010101100110000010010101101101001110
11100001001111111011010000011101001111001000100111010001110000000101011001001110100010010010010001111111010000010111001010010000001100000000000101101101101110001000
11100001001111111011010000011101001111001000100111010001110000000101110100001100010000000010100001111111010000010000111111100101110111100001000110110111100110001000
11100001001111111011010000011101001111001000100111010001110000000101011001001000011011001000000101111010000100010111011110001110001000100111011011010111101110001000
11100001001111111011010000011101001111001000100111010001110000000101110100001100010000000010100001111111010000010000111111100101110111100001000111011111111001110011
11100001001111111011010000011101001111001000100111010001110000000101011001001110100010010101000000111101100010000101001111100101110111100001000111011111111001110010
