10100101000000110011011100101010001010101001001110111000011101001111001011101011001000100100010110000011001101011001111100110000100100110110000111100000001100110110
10111110011110100011011100101010001010101001001110111000011101001111001011101011001000100100010110000011001101011001111100110000100100110110000111100000001100110110
10111111100100110110001001111010001101011111001110111000011101001111001011101011001000100100010110000011001101011001111100110000100100110110000111100000001100110110
10100101000000110000110011111010001101011111001110111000011101001111001011101011001000100100010110000011001101011001111100110000100100110110000111100000001100110110
10100101000000110011011010101010001010101001001110111000011101001111001011101011001000100100010110000011001101011001111100110000100100110110000111100000001100110110
10100101000000110011010000101001011001101011000001011010100111000111011011101011001000100100010110000011001101011001111100110000100100110110000111100000001100110110
00111001100001011011010101001010001010101001001110111000011101001111001011101011001000100100010110000011001101011001111100110000100100110110000111100000001100110110
10111111001100010110001001111010001101011111001110111000011101001111001011101011001000100100010110000011001101011001111100110000100100110110000111100000001100110110
00111001100001011011011101100100001001111111001110111000011101001111001011101011001000100100010110000011001101011001111100110000100100110110000111100000001100110110
10100101000000110011010101001010001010101001001110111000011101001111001011101011001000100100010110000011001101011001111100110000100100110110000111100000001100110110
01000000110011010000101001011001101011000001011010100111001100111111000011011101111000100100010110000011001101011001111100110000100100110110000111100000001100110110
01000000110010110110001001111010001101011111001110111000011101001111001011101011001000100100010110000011001101011001111100110000100100110110000111100000001100110110
10111110010011101110001001111010001101011111001110111000011101001111001011101011001000100100010110000011001101011001111100110000100100110110000111100000001100110110
10100101000000110011010011010110001010101001001110111000011101001111001011101011001000100100010110000011001101011001111100110000100100110110000111100000001100110110
10100101000000110011011101100100001001111111001110111000011101001111001011101011001000100100010110000011001101011001111100110000100100110110000111100000001100110110
10100101000000110001100100101010001010101001001110111000011101001111001011101011001000100100010110000011001101011001111100110000100100110110000111100000001100110110
01000000110001100010101000111000111111011001011000001111001101001111001011101011001000100100010110000011001101011001111100110000100100110110000111100000001100110110
10100101000000110001100000101010001010101001001110111000011101001111001011101011001000100100010110000011001101011001111100110000100100110110000111100000001100110110
00110011011000110110001001111010001101011111001110111000011101001111001011101011001000100100010110000011001101011001111100110000100100110110000111100000001100110110
10100101000000110010000001101100011111101101110010011000011101001111001011101011001000100100010110000011001101011001111100110000100100110110000111100000001100110110
10100101000000110001100000111010001101011111001110111000011101001111001011101011001000100100010110000011001101011001111100110000100100110110000111100000001100110110
01001111011000110110001001111010001101011111001110111000011101001111001011101011001000100100010110000011001101011001111100110000100100110110000111100000001100110110
10100101000000100111110000101010001010101001001110111000011101001111001011101011001000100100010110000011001101011001111100110000100100110110000111100000001100110110
10100010110101001100001001111010001101011111001110111000011101001111001011101011001000100100010110000011001101011001111100110000100100110110000111100000001100110110
10111000100100100011101001001010001010101001001110111000011101001111001011101011001000100100010110000011001101011001111100110000100100110110000111100000001100110110
10100101000000110001111101100100001001111111001110111000011101001111001011101011001000100100010110000011001101011001111100110000100100110110000111100000001100110110
10100101000000110001100010101010001010101001001110111000011101001111001011101011001000100100010110000011001101011001111100110000100100110110000111100000001100110110
10100101000000110010110101111010001101011111001110111000011101001111001011101011001000100100010110000011001101011001111100110000100100110110000111100000001100110110
01000000110001100001001101110110001010101001001110111000011101001111001011101011001000100100010110000011001101011001111100110000100100110110000111100000001100110110
00110011011011011011010101001010001010101001001110111000011101001111001011101011001000100100010110000011001101011001111100110000100100110110000111100000001100110110
01000000110000110110001001111010001101011111001110111000011101001111001011101011001000100100010110000011001101011001111100110000100100110110000111100000001100110110
10100101000000110011111000000010001010101001001110111000011101001111001011101011001000100100010110000011001101011001111100110000100100110110000111100000001100110110
