00011111101110010010001010000000011010101111000011101001100000010111000001110001100111101100100100110100010111110110100111101010100001001011010111100000001100000110
00011111101110010000011010000000011010101111000011101001100000010111000001110001100111101100100100110100010111110110100111101010100001001011010111100000001100000110
00011111101110010010001010001011110010011111000011101001100000010111000001110001100111101100100100110100010111110110100111101010100001001011010111100000001100000110
10000001010000110010001010000000011010101111000011101001100000010111000001110001100111101100100100110100010111110110100111101010100001001011010111100000001100000110
00011111101110010010001011001000011010101111000011101001100000010111000001110001100111101100100100110100010111110110100111101010100001001011010111100000001100000110
00011111101101010000011010000000011010101111000011101001100000010111000001110001100111101100100100110100010111110110100111101010100001001011010111100000001100000110
00011111101110010010001010001100011010101111000011101001100000010111000001110001100111101100100100110100010111110110100111101010100001001011010111100000001100000110
00010110101110010000011010000000011010101111000011101001100000010111000001110001100111101100100100110100010111110110100111101010100001001011010111100000001100000110
01100010100111000110001010000000011010101111000011101001100000010111000001110001100111101100100100110100010111110110100111101010100001001011010111100000001100000110
00011111100001000110001010000000011010101111000011101001100000010111000001110001100111101100100100110100010111110110100111101010100001001011010111100000001100000110
00011111101110010010001010000000011010101111000011101001100000010111000001110001100100010101110100110100010111110110100111101010100001001011010111100000001100000110
00011111101111101000101010000000011010101111000011101001100000010111000001110001100111101100100100110100010111110110100111101010100001001011010111100000001100000110
00100001111001100110001010000000011010101111000011101001100000010111000001110001100111101100100100110100010111110110100111101010100001001011010111100000001100000110
00011111101110010001000111000110011010101111000011101001100000010111000001110001100111101100100100110100010111110110100111101010100001001011010111100000001100000110
01100010100101111010111010000000011010101111000011101001100000010111000001110001100111101100100100110100010111110110100111101010100001001011010111100000001100000110
00011111001000010010001010000000011010101111000011101001100000010111000001110001100111101100100100110100010111110110100111101010100001001011010111100000001100000110
