00001000110000000100011000101001100111111000101011101100111011101001101111001011111111100111001001000000110000100011001100010001110110100000010001110100111100100011
00001000110000000100011000101001100111111000101011101100111011101001101111001011111111100111001001000001010100111110001100101000101010110000000100100010010001000011
00001000110000000100011000101001100111111000101011101100111011101001101111001011111111100111001001000000010000010110100100101000101010110000000100100010010001000011
00001000110000000100011000101001100111111000101011101100111011101001101111001011111111100111001001000000110000100011000010011000101010110000000100100010010001000011
00001000110000000100011000101001100111111000101011101100111011101001101111001011111111100111001001000001010101010001000100101000101010110000000100100010010001000011
00001000110000000100011000101001100111111000101011101100111011101001101111001011111111100111001001000111000101011101110110010001101010110000000100100010010001000011
00001000110000000100011000101001100111111000101011101100111011101001101111001011111111100111001001000000010000010110100100010101111010110000000100100010010001000011
00001000110000000100011000101001100111111000101011101100111011101001101111001011111111100111001001000000000011110100111101100010101010110000000100100010010001000011
00001000110000000100011000101001100111111000101011101100111011101001101111001011111111100111001001000000110000100011001100000000011010110000000100100010010001000011
00001000110000000100011000101001100111111000101011101100111011101001101111001011111111100111001001000000000011110100111101100000101010110000000100100010010001000011
00001000110000000100011000101001100111111000101011101100111011101001101111001011111111100111001001000111000101011101110111011000101010110000000100100010010001000011
00001000110000000100011000101001100111111000101011101100111011101001101111001011111111100111001001000000000011110100110111011000101010110000000100100010010001000011
00001000110000000100011000101001100111111000101011101100111011101001101111001011111111100111001001000001000110110011010111011000101010110000000100100010010001000011
00001000110000000100011000101001100111111000101011101100111011101001101111001011111111100111001001000111000101011101110110010001110110100000010001110100111100100011
00001000110000000100011000101001100111111000101011101100111011101001101111001011111111100111001001000001000001000110101010001000101010110000000100100010010001000011
00001000110000000100011000101001100111111000101011101100111011101001101111001011111111100111001001000001110011010001000100101000101010110000000100100010010001000011
00001000110000000100011000101001100111111000101011101100111011101001101111001011111111100111001001000111000101011101110110000001101010110000000100100010010001000011
00001000110000000100011000101001100111111000101011101100111011101001101111001011111111100111001001000000110000100011000010010001101010110000000100100010010001000011
00001000110000000100011000101001100111111000101011101100111011101001101111001011111111100111001001000000110000100011000011110010101010110000000100100010010001000011
00001000110000000100011000101001100111111000101011101100111011101001101111001011111111100111001001000000110000100011000011111000011010110000000100100010010001000011
00001000110000000100011000101001100111111000101011101100111011101001101111001011111111100111001001000000010000010110100100010111010110010010101001101000010000100001
00001000110000000100011000101001100111111000101011101100111011101001101111001011111111100111001001000111000101011101110110010000110010010101001101000010000101011110
00001000110000000100011000101001100111111000101011101100111011101001101111001011111111100111001001000000010000010110110001111110000110010010101001101000010000100001
00001000110000000100011000101001100111111000101011101100111011101001101111001011111111100111001001000000000011110100111101100000000110010010101001101000010000100001
00001000110000000100011000101001100111111000101011101100111011101001101111001011111111100111001001000000110000100011000010111010110010010101001101000010000101011110
00001000110000000100011000101001100111111000101011101100111011101001101111001011111111100111001001000000101100001001010110111010110010010101001101000010000101011110
00001000110000000100011000101001100111111000101011101100111011101001101111001011111111100111001001000000101110111001010010111010010110010010101001101000010000100001
00001000110000000100011000101001100111111000101011101100111011101001101111001011111111100111001001000111000101011101110101101010100110010010101001101000010000100001
00001000110000000100011000101001100111111000101011101100111011101001101111001011111111100111001001000000000011110100111100010111010110010010101001101000010000100001
00001000110000000100011000101001100111111000101011101100111011101001101111001011111111100111001001000000010001111001100101111110000110010010101001101000010000100001
00001000110000000100011000101001100111111000101011101100111011101001101111001011111111100111001001000000111101011010000011100000000110010010101001101000010000100001
00001000110000000100011000101001100111111000101011101100111011101001101111001011111111100111001001000000110000100011001100000000110010010101001101000010000101011110
