10010010101010100110101011111000101100001100110111101111011110011111100100100000010111000011111100011111110100001111011110000110011011010011001001110111111110000101
10010010101010100110101011111000101100001100110111101101011110011111100100100000010111000011111100011111110100001111011110000110011011010011001001110111111110000101
10010010101010100110101011111000101100001100110111101110111110011111100100100000010111000011111100011111110100001111011110000110011011010011001001110111111110000101
10010010101010100110101011111000101100001100110111101111011001001111100100100000010111000011111100011111110100001111011110000110011011010011001001110111111110000101
10010010101010100110101011111000101100001100100100000110110011011111100100100000010111000011111100011111110100001111011110000110011011010011001001110111111110000101
10010010101010100110101011111000101100001100110111101111011001000001011110100000010111000011111100011111110100001111011110000110011011010011001001110111111110000101
10010010101010100110101011111000101100001100110111101111011110011111100100100000010111000011111100011111110100001111011110000110011011010011001001110111111111110001
10010010101010100110101011111000101100001100110111101111010011011111100100100000010111000011111100011111110100001111011110000110011011010011001001110111111110000101
10010010101010100110101011111000101100001100110111101110101110011111100100100000010111000011111100011111110100001111011110000110011011010011001001110111111110000101
10010010101010100110101011111000101100001100100100000110111110011111100100100000010111000011111100011111110100001111011110000110011011010011001001110111111110000101
10010010101010100110101011111000101100001100110111101111011000011100100100100000010111000011111100011111110100001111011110000110011011010011001001110111111110000101
10010010101011110011000011001101110111110100000001110011011110011111100100100000010111000011111100011111110100001111011110000110011011010011001001110111111110000101
10010010101010100110101011111000101100001100110111101111011011110011111100100100000010111000011111100011111110100001111011110000110011011010011001001110111111110001
10010010101010100110101011111000101100001100110111101111011001011111100100100000010111000011111100011111110100001111011110000110011011010011001001110111111110000101
10010010101010100110101011111000101100001100100100000111111110011111100100100000010111000011111100011111110100001111011110000110011011010011001001110111111110000101
10010010101010100110101011111000101100001100110111101111011001001101100100100000010111000011111100011111110100001111011110000110011011010011001001110111111110000101
10010010101010100110101011111000101100001100110111100000111110011111100100100000010111000011111100011111110100001111011110000110011011010011001001110111111110000101
10010010101010100110101011111000101100001100100100001010111110011111100100100000010111000011111100011111110100001111011110000110011011010011001001110111111110000101
10010010101010100110101011111000101100001100110111101111011011011111100100100000010111000011111100011111110100001111011110000110011011010011001001110111111110000101
10010010101010100110101011111000101100001100110111101111011110011111100100100000010111000011111100011111110100001111011110000110011011010011001001110111111000000101
10010010101010100110101011111000101100001100110111101111011001110001100100100000010111000011111100011111110100001111011110000110011011010011001001110111111110000101
10010010101010100110101011111000101100001100110111100011111110011111100100100000010111000011111100011111110100001111011110000110011011010011001001110111111110000101
10010010101010100110101011111000101100001100111111011001011110011111100100100000010111000011111100011111110100001111011110000110011011010011001001110111111110000101
10010010101010100110101011111000101100001100110111100001111110011111100100100000010111000011111100011111110100001111011110000110011011010011001001110111111110000101
10010010101010100110101011111000101100001101101100110110100110011111100100100000010111000011111100011111110100001111011110000110011011010011001001110111111110000101
10010010101010100110101011111000101100001100110111101111011000000000000110101000010111000011111100011111110100001111011110000110011011010011001001110111111110000101
10010010101010100110101011111000101100001100110111101101001110011111100100100000010111000011111100011111110100001111011110000110011011010011001001110111111110000101
10010010101010100110101011111000101100001100100111000011011110011111100100100000010111000011111100011111110100001111011110000110011011010011001001110111111110000101
10010010101010100110101011111000101100001100110111100001011110011111100100100000010111000011111100011111110100001111011110000110011011010011001001110111111110000101
10010010101010100110101011111000101100001100110111101111011001000001101011000000010111000011111100011111110100001111011110000110011011010011001001110111111110000101
10010010101010100110101011111000101100001100110111101110110011011111100100100000010111000011111100011111110100001111011110000110011011010011001001110111111110000101
11111010101010100110101011111000101100001100110111101111011110011111100100100000010111000011111100011111110100001111011110000110011011010011001001110111111110000101
