11110101011010111100111111001011100000111111111000110101010001100110110110001100011100000110111011111110111001111001000100001011100111101110111100101110101101000110
01100010011010111100111111001011100000111111111000110101010001100110110110001100011100000110111011111110111001111001000100001011100111101110111100101110101101000110
01110101011010111100111111001011100000111111111000110101010001100110110110001100011100000110111011111110111001111001000100001011100111101110111100101110101101000110
01101101011010111100111111001011100000111111111000110101010001100110110110001100011100000110111011111110111001111001000100001011100111101110111100101110101101000110
10101110111001001111000111110111010100111111111000110101010001100110110110001100011100000110111011111110111001111001000100001011100111101110111100101110101101000110
01110110001001001110111101010110100110111111111000110101010001100110110110001100011100000110111011111110111001111001000100001011100111101110111100101110101101000110
00110101011010111100111111001011100000111111111000110101010001100110110110001100011100000110111011111110111001111001000100001011100111101110111100101110101101000110
10101110111001001111000111110111010100101111111000110101010001100110110110001100011100000110111011111110111001111001000100001011100111101110111100101110101101000110
10001000011100011100000011011100100110111111111000110101010001100110110110001100011100000110111011111110111001111001000100001011100111101110111100101110101101000110
10101110111001001110111101010110100110111111111000110101010001100110110110001100011100000110111011111110111001111001000100001011100111101110111100101110101101000110
01101101011000111100111111001011100000111111111000110101010001100110110110001100011100000110111011111110111001111001000100001011100111101110111100101110101101000110
01000110001001001110111101010110100110111111111000110101010001100110110110001100011100000110111011111110111001111001000100001011100111101110111100101110101101000110
01100010000010111100111111001011100000111111111000110101010001100110110110001100011100000110111011111110111001111001000100001011100111101110111100101110101101000110
01111110010010111100111111001011100000111111111000110101010001100110110110001100011100000110111011111110111001111001000100001011100111101110111100101110101101000110
01110101010000101000110101100100111000111111111000110101010001100110110110001100011100000110111011111110111001111001000100001011100111101110111100101110101101000110
01110100001000110111111101010110100110111111111000110101010001100110110110001100011100000110111011111110111001111001000100001011100111101110111100101110101101000110
