01001010010101100111101011111110010001111010111101001100110010110110110111010100101011000000111011001010001011101110100101101011111100110111011111101001110101111010
01001010010101100111101011111110010001111010111101001100110010110110110111010100101011000000111010101010001011101110100101101011111100110111011111101001110101111010
01001010010101100111101011111110010001111010111101001100110010110110110111010100101011000001000000101010001011101110100101101011111100110111011111101001110101111010
01001010010101100111101011111110010001111010111101001100110010110110110111010100101011000000111011000010001011101110100101101011111100110111011111101001110101111010
01001010010101100111101011111110010001111010111101001100110010110110110111010100101011000000111010000011100011101110100101101011111100110111011111101001110101111010
01001010010101100111101011111110010001111010111101001100110010110110110111010100101011000000111011001010011011101110100101101011111100110111011111101001110101111010
01001010010101100111101011111110010001111010111101001100110010110110110111010100101011000000111010000010001011101110100101101011111100110111011111101001110101111010
01001010010101100111101011111110010001111010111101001100110010110110110111010100101011000000111010001001001011101110100101101011111100110111011111101001110101111010
01001010010101100111101011111110010001111010111101001100110010110110110111010100101011001000100000110010001011101110100101101011111100110111011111101001110101111010
01001010010101100111101011111110010001111010111101001100110010110110110111010100101011000000111010001001000100110101010111100110100100011100111011011100100101111010
01001010010101100111101011111110010001111010111101001100110010110110110111010100101011000000111010010010001011101110100101101011111100110111011111101001110101111010
01001010010101100111101011111110010001111010111101001100110010110110110111010100101011000000111010001010001011101110100101101011111100110111011111101001110101111010
01001010010101100111101011111110010001111010111101001100110010110110110111010100101011001010011110101010001011101110100101101011111100110111011111101001110101111010
01001010010101100111101011111110010001111010111101001100110010110110110111010100101011000000111011011100001011101110100101101011111100110111011111101001110101111010
01001010010101100111101011111110010001111010111101001100110010110110110111010100101011000000111011001010001011101110100101101011111100110111011111100110100101111010
01001010010101100111101011111110010001111010111101001100110010110110110111010100101011000000111011001010001011101110100101101011111100110111011110001010110101111010
