10101000111010011010100001101011000000100011100111111010111110100100000111101011001100001011100010110101111110011011010011010110100110110101000001000001100101101001
10101000111011110010100001101011000000100011100111111010111110100100000111101011001100001011100010110101111110011011010011010110100110110101000001000001100101101001
10101000111011100010100001101011000000100011100111111010111110100100000111101011001100001011100010110101111110011011010011010110100110110101000001000001100101101001
10101000111011011000100001101011000000100011100111111010111110100100000111101011001100001011100010110101111110011011010011010110100110110101000001000001100101101001
10101000111011001010100001101011000000100011100111111010111110100100000111101011001100001011100010110101111110011011010011010110100110110101000001000001100101101001
10101000111010011110100001101011000000100011100111111010111110100100000111101011001100001011100010110101111110011011010011010110100110110101000001000001100101101001
10101000111011000010100001101011000000100011100111111010111110100100000111101011001100001011100010110101111110011011010011010110100110110101000001000001100101101001
10101000111010001000111001101011000000100011100111111010111110100100000111101011001100001011100010110101111110011011010011010110100110110101000001000001100101101001
10101000111010011000100001101011000000100011100111111010111110100100000111101011001100001011100010110101111110011011010011010110100110110101000001000001100101101001
10101000111010010011101000010010100000100011100111111010111110100100000111101011001100001011100010110101111110011011010011010110100110110101000001000001100101101001
10101000111010011011101000010010100000100011100111111010111110100100000111101011001100001011100010110101111110011011010011010110100110110101000001000001100101101001
10101000101001000010100001101011000000100011100111111010111110100100000111101011001100001011100010110101111110011011010011010110100110110101000001000001100101101001
10101000101000110010100001101011000000100011100111111010111110100100000111101011001100001011100010110101111110011011010011010110100110110101000001000001100101101001
10101010010110110010100001101011000000100011100111111010111110100100000111101011001100001011100010110101111110011011010011010110100110110101000001000001100101101001
10101000111010000011101000010010100000100011100111111010111110100100000111101011001100001011100010110101111110011011010011010110100110110101000001000001100101101001
10101000111011011011101000010010100000100011100111111010111110100100000111101011001100001011100010110101111110011011010011010110100110110101000001000001100101101001
