01101001010011011101011100111010111101110010111100111110011011000101010110001101011011010010010010011001000010001010101101000000110011010101000111011111110011101000
01101001010011011101011100111010111101110010111100111110011011000011010110001101011011010010010010011001000010001010101101000000110011010101000111011111110011101000
01101001010011011101011100111010111101110010111100110001001111000101010110001101011011010010010010011001000010001010101101000000110011010101000111011111110011101000
01101001010011011101011100111010111101110010111100111110011011000101001100001001011011010010010010011001000010001010101101000000110011010101000111011111110011101000
01101001010011011101011100111010111101110010111100111110011011000101010110001101011011010010010010011001000010001010100010010101000011010101000111011111110011101000
01101001010011011101011100111010111101110010111100111110011011000101010110001101011011010010010010011001000010001011000010010101000011010101000111011111110011101000
01101001010011011101011100111101110010110010111100111110011011000101010110001101011011010010010010011001000010001010101101000000110011010101000111011111110011101000
01101001010011011101011100111010111101110010111100111110011100110101010110001101011011010010010010011001000010001010101101000000110011010101000111011111110011101000
01101001010011011101011100111010111101110010111100111110011011001100100110001101011011010010010010011001000010001010101101000000110011010101000111011111110011101000
01101001010011011101011100111010111101110010111100111110011011000100101100110111011011010010010010011001000010001010101101000000110011010101000111011111110011101000
10001101101101011101011100111010111101110010111100111110011011000101010110001101011011010010010010011001000010001010101101000000110011010101000111011111110011101000
01110101000100010100011100111010111101110010111100111110011011000101010110001101011011010010010010011001000010001010101101000000110011010101000111011111110011101000
01101001010011011101011100111010111101110010111100111110010011100001010110001101011011010010010010011001000010001010101101000000110011010101000111011111110011101000
01101001010011011011011100111010111101110010111100111110011011000101010110001101011011010010010010011001000010001010101101000000110011010101000111011111110011101000
01101001010011011101011100111010111101110010111101000100111011000101010110001101011011010010010010011001000010001010101101000000110011010101000111011111110011101000
01101001010011011101011100111010111101110010111100111110011011000101010110010110011101010010010010011001000010001010101101000000110011010101000111011111110011101000
