11100011011011111111110111010010001001000000111101110000011010111100100010010110111111110010000001110100111001101111111111111001010100111000011010111011011001110000
11100011011011111111110111010010001001000000111101001110110101010010100000011000111111110010000001110100111001101111111111111001010100111000011010111011011001110000
11100011010010101000101011011010011111010010000001110000011010111100100010010110111111110010000001110100111001101111111111111001010100111000011010111011011001110000
00000011010010101000101011011010011111010010000001110000011010111100100010010110111111110010000001110100111001101111111111111001010100111000011010111011011001110000
01000011010010101000101011011010011111010010000001110000011010111100100010010110111111110010000001110100111001101111111111111001010100111000011010111011011001110000
00001010001111011111011100000101100001000001100111110100011101111010100010011001100111110010000001110100111001101111111111111001010100111000011010111011011001110000
11100011010010101000101011011010011111010010000001110011110010011100100010010110111111110010000001110100111001101111111111111001010100111000011010111011011001110000
00001010001111011111011100000101101000101100001111000001111010011010100010011001100111110010000001110100111001101111111111111001010100111000011010111011011001110000
00000011010010101000101011011010011111010010000001110011110010011100100010010110111111110010000001110100111001101111111111111001010100111000011010111011011001110000
01000011010010101000101011011010011111010010000001110011110010011100100010010110111111110010000001110100111001101111111111111001010100111000011010111011011001110000
11100011011011111111110111010010001001000000110101101001101000011100100010010110111111110010000001110100111001101111111111111001010100111000011010111011011001110000
11100011011011111111110111010010001001000000110000011101101101100101100100001100101111110010000001110100111001101111111111111001010100111000011010111011011001110000
00001010001111011111011100000101100001000001100110010101011010110000110010011100100111110010000001110100111001101111111111111001010100111000011010111011011001110000
00001010001111011111011100000101100001000001110110010011011101111010100010011001100111110010000001110100111001101111111111111001010100111000011010111011011001110000
00001010001111011111011100000101100001000001100110010101000101011000111011100111101111110010000001110100111001101111111111111001010100111000011010111011011001110000
11100011011011111111110111010010001001000000111100111010111101000100110011110001111101110010000001110100111001101111111111111001010100111000011010111011011001110000
00001010001111011111011100000101100001000001100110010101011010110000110010010110111111110010000001110100111001101111111111111001010100111000011010111011011001110000
11100011011011111111110111010010001001000000111101001110110110101111101011101000001111110010000001110100111001101111111111111001010100111000011010111011011001110000
11100011011011111111110111010010001001000000111101110000011001000001101000110010111111110010000001110100111001101111111111111001010100111000011010111011011001110000
00001010001111011111011100000101100001000001100110011001001110011100100010010110111111110010000001110100111001101111111111111001010100111000011010111011011001110000
00001010001111011111011100000101100001000001100111100110110101010010100000011000111111110010000001110100111001101111111111111001010100111000011010111011011001110000
11100011011011111111110111010010001001000000111101111111111010101101100111010001011111110010000001110100111001101111111111111001010100111000011010111011011001110000
11100011011011111111110111010010001001000000010000010000011010111100100010010110111111110010000001110100111001101111111111111001010100111000011010111011011001110000
01001111111111010101100010001000111001011001000001001101010011100101100100001100101111110010000001110100111001101111111111111001010100111000011010111011011001110000
11100011011011111111110111010010001001000000110000111010111101000100110011110001111101110010000001110100111001101111111111111001010100111000011010111011011001110000
00001010001111011111011100001001111000101000100111100110110101010010100000011000111111110010000001110100111001101111111111111001010100111000011010111011011001110000
00001010001111011111011100000101100001000001100110010101011010110000110010011101001111110010000001110100111001101111111111111001010100111000011010111011011001110000
11100011011011111111110111010010001001000000111010101100011110011010100010011001100111110010000001110100111001101111111111111001010100111000011010111011011001110000
11100011011011111111110111011101110000011000011000001100101110011110110111001001100111110010000001110100111001101111111111111001010100111000011010111011011001110000
11100011011011111111110111010010001001000000111010100011100011010100010011001100111110010000001110100111001101111111111111001010100111000011010111011011001110000101
11100011011011111111110111010010001001000000111101110000011010111100100010010110111111110010000001110100111001101111111111111001010100111000011010111011011001111001
11100011011011111111110111010010001001000000111101110000011010111100100010010110111111110010000001110100111001101111111111111001010100111000011010111011011000000101
