01110000011011000010101010101111010011000111110110111101110011000101011111010001011111011100010110111010000110110001110110100010110001001011100100111110110111000000
01110000011011000010101011101111010011000111110110111101110011000101011111010001011111011100010110111010000110110001110110100010110001001011100100111110110111000000
01110000011011000010101010101111010011000111110110111101110011000101011111010001011111011100010110111010000110110001110110100010110001001001001100111110110111000000
01110000011011000010101010101111010011000111110110111101110011000101011111010001011111011100010110111010000110110001110110100011000110111100110100111110110111000000
01110000011011000010101010100111010011000111110110111101110011000101011111010001011111011100010110111010000110110001110110100010110001001011100100111110110111000000
01110000011011000010101010101111010011000111110110111101110011000101011111010001011110101100010110111010000110110001110110100010110001001011100100111110110111000000
01110000011011000010101010101111010011000111110110111101110011000101011111010001011111011100010110111010000110110001110110100010110001001010110101011110110111000000
01110000011011000010101010101111010011000111110110111101110011000101011111010001011111011100010110111010000110110001110110100010110001000100001000111110110111000000
01110000011011000010101010101111010011000111110110111101110011000101011111010001011111011100010110111010000110110001110110100010110001001010110100111110110111000000
01110000011011000010101010101111010011000111110110111101110011000101011111010001010001100110010110111010000110110001110110100010110001001011100100111110110111000000
01110000011011000010101010101111010011000111110110111101110011000101011111010001011111011100010110111010000110110001110110100011111000010110100100111110110111000000
01110000011011000010101001001111010011000111110110111101110011000101011111010001011111011100010110111010000110110001110110100010110001001011100100111110110111000000
01110000011011000010100110101111010011000111110110111101110011000101011111010001011111011100010110111010000110110001110110100010110001001011100100111110110111000000
01110000011011000010101010110001010011000111110110111101110011000101011111010001011111011100010110111010000110110001110110100010110001001011100100111110110111000000
01110000011011000010101010101111010011000111110110111101110011000101011111010001011111011100010110111010000110110001110110100010110001001010101001100010110111000000
01110001011000010110000010100111010011000111110110111101110011000101011111010001011111011100010110111010000110110001110110100010110001001011100100111110110111000000
01110000011011000010101010101111010011000111110110111101110011000101011111010001011111011100010110111010000110110001110110100010110001001010110101010010111111000000
01110000011011000010101010101111010011000111110110111101110011000101011111010001011111011100010110111010000110110001110110100010110001001010010111000011101011110111
01110000011011000010101010101111010011000111110110111101110011000101011111010001011111011100010110111010000110110001110110100010110110011010111011111110110111000000
01110000011011000010101010100001010011000111110110111101110011000101011111010001011111011100010110111010000110110001110110100010110001001011100100111110110111000000
01110000011011000010101011100001010011000111110110111101110011000101011111010001011111011100010110111010000110110001110110100010110001001011100100111110110111000000
01110000011011000010101010101111010011000111110110111101110011000101011111010001010110011100010110111010000110110001110110100010110001001011100100111110110111000000
01110000011011000010101010101111010011000111110110111101110011000101011111010001011111011100010110111010000110110001110110100010110001001011100100111110110001001101
01110000011011000010101010101111010011000111110110111101110011000101011111010001011110011100010110111010000110110001110110100010110001001011100100111110110111000000
01110000011011000001001010101111010011000111110110111101110011000101011111010001011111011100010110111010000110110001110110100010110001001011100100111110110111000000
01110001011001110000111101001111010011000111110110111101110011000101011111010001011111011100010110111010000110110001110110100010110001001011100100111110110111000000
01110000011011000010101010101001010011000111110110111101110011000101011111010001011111011100010110111010000110110001110110100010110001001011100100111110110111000000
01110000011011000010101010101111010011000111110110111101110011000101011111010001011111011100010110111010000110110001110110100010110001001011100001101010111111000000
01110000011011000010101010101111010011000111110110111101110011000101011111010001011111011100010110111010000110110001110110100010110001010010010101100000011011000101
01110000011011000010101010101111010011000111110110111101110011000101011111010001010011011100010110111010000110110001110110100010110001001011100100111110110111000000
01110000011011000010101010101111010011000111110110111101110011000101011111010001011111011100010110111010000110110001110110100010110001001010010111000011101010001101
01110001011001101010011111001111010011000111110110111101110011000101011111010001011111011100010110111010000110110001110110100010110001001011100100111110110111000000
