00110101111110111001000100111011000011010111101001100001001001101001000010101001110010000011011010111010011111110101101110100100111000101101111000011101100111011101
00110101111110111001000100111011000011010111101001100001001001101001000010101001110010000011011010111010011111110101101110100100111000101100011001101101100111011101
00110101111110111001000100111011000011010111101001100001001001101001000010101001110010000011011010111010011111110101101110100100111000101101111000011101100000010010
00110101111110111001000100111011000011010111101001100001001001101001000010101001110010000011011010111010011111110101101110100100111000100111001010011101100111011101
00110101111110111001000100111011000011010111101001100001001001101001000010101001110010000011011010111010011111110101101110100100111000101101111000011101101010000100
00110101111110111001000100111011000011010111101001100001001001101001000010101001110010000011011010111010011111110101101110100100111000101101111000011101111101011101
00110101111110111001000100111011000011010111101001100001001001101001000010101001110010000011011010111010011111110101101110100100111000101101111000011110010000101001
00110101111110111001000100111011000011010111101001100001001001101001000010101001110010000011011010111010011111110101101110100100100011001111111010011101100111011101
00110101111110111001000100111011000011010111101001100001001010110101000010101001110010000011011010111010011111110101101110100100111000101101111000011101100111011101
00110101111110111001000100111011000011010111101001100001001001101001000010101001110010000011011010111010011111110101101110100100111000101101111010011101100111011101
00110100000100011001000100111011000011010111101001100001001001101001000010101001110010000011011010111010011111110101101110100100111000101101111000011101100111011101
00110101111110111001000100111011000011010111101001100001001001101001000010101001110010000011011010111010011111110101101110100100111000101100101001101101100111011101
00110101111110111001000100111011000011010111101001100001001001101001000010101001110010000011011010111010011111110101101110100100111010011011101101101101100111011101
00110101111110111001000100111011000011010111101001100001001001101001000010101001110010000011011010111010011111110101101110100100111000101101100010101101100111011101
00110101111110111001000100111011000011010111101001100001001001101001000010101001110010000011011010111010011111110101101110100100111000101101100010101110010000101001
00110101111110111001000100111011000011010111101001100001001001101001000010101001110010000011011010111010011111110101101110100100111000101101111000011101100000001101
