11100011000010011111111001011110101101110000110101110111000011010101101011100011011011001000111001110010001101100111110001100110000100101011011011001011000010000101
11100011000010011111111001011110101101110000110101110111000011010101101011100011011011100111111001110010001101100111110001100110000100101011011011001011000010000101
11100011000010011111111001011110101101110000110101110111000011010101101011100011011100101000111001110010001101100111110001100110000100101011011011001011000010000101
11100011000010011111111001011110101101110000110101110111000011011001011010101000011011001000111001110010001101100111110001100110000100101011011011001011000010000101
11100011000010011111111001011110101101110000110101110111000011010101101011100011011001001000111001110010001101100111110001100110000100101011011011001011000010000101
11100011000010011111111001011110101101110000110101110111000011010101101011100011010011001000111001110010001101100111110001100110000100101011011011001011000010000101
11100011000010011111111001011110101101110000110101110111000011010101101011100011010000001000111001110010001101100111110001100110000100101011011011001011000010000101
11100011000010011111111001011110101101110000110101110111000011010101101011100011010001001000111001110010001101100111110001100110000100101011011011001011000010000101
11100011000010011111111001011110101101110000110101110111000011010101101011100011011111001000111001110010001101100111110001100110000100101011011011001011000010000101
11100011000010011111111001011110101101110000110101110111000011011100100010111010101011001000111001110010001101100111110001100110000100101011011011001011000010000101
11100011000010011111111001011110101101110000110101110111000011010101101011101100001111001000111001110010001101100111110001100110000100101011011011001011000010000101
11100011000010011111111001011110101101110000110101110111000011010101101011100011000011001000111001110010001101100111110001100110000100101011011011001011000010000101
11100011000010011111111001011110101101110000110101110111000011010101101011100011011011111000111001110010001101100111110001100110000100101011011011001011000010000101
11100011000010011111111001011110101101110000110101110111000011010101101011100011011101001000111001110010001101100111110001100110000100101011011011001011000010000101
11100011000010011111111001011110101101110000110101110111000011010101100011010000011011001000111001110010001101100111110001100110000100101011011011001011000010000101
11100011000010011111111001011110101101110000110101110111001010111110010100111011010111001000111001110010001101100111110001100110000100101011011011001011000010000101
