11110100000000110111101100010100011011010000001000000010001110111110111111010001010001000001010001011011111111010011011101111111101100010110111001111000011111110111
11110100000000110111101100010100011011010000001000000010000110101000101101011011010001000001010001011011111111010011011101111111101100010110111001111000011111110111
11110100000000110111101100010100011011010000001000000010000110101000101101100001010001000001010001011011111111010011011101111111101100010110111001111000011111110111
11110100000000110111101100010100011011010000001000000011011111010110010101010111101101000001010001011011111111010011011101111111101100010110111001111000011111110111
11110100000000110111101100010100011011010001010001000101000000111001110100100001010001000001010001011011111111010011011101111111101100010110111001111000011111110111
11110100000000110111101100010100011011010001010001000110011000111111000001110111101101000001010001011011111111010011011101111111101100010110111001111000011111110111
11110100000000110111101100010100011011010000001000000010000110101000101101101011010001000001010001011011111111010011011101111111101100010110111001111000011111110111
11110100000000110111101100010100011011010000001000000010000110101000101101101111101101000001010001011011111111010011011101111111101100010110111001111000011111110111
11110100000000110111101100010100011011010000001000000011011111010110010111101101010001000001010001011011111111010011011101111111101100010110111001111000011111110111
11110100000000110111101100010100011011010001010001000101011100011010111010101011010001000001010001011011111111010011011101111111101100010110111001111000011111110111
11110100000000110111101100010100011011010000001000000011000100011010111010101011010001000001010001011011111111010011011101111111101100010110111001111000011111110111
11110100000000110111101100010100011011010000001000000010000110101000101101101100100000100001010001011011111111010011011101111111101100010110111001111000011111110111
11110100000000110111101100010100011011010000001000000010000110101000101101101101101101000001010001011011111111010011011101111111101100010110111001111000011111110111
11110100000000110111101100010100011011010000001000000011000100011010111010001011010001000001010001011011111111010011011101111111101100010110111001111000011111110111
11110100000000110111101100010100011011010000001000000010000110101000100101001111101101000001010001011011111111010011011101111111101100010110111001111000011111110111
11110100000000110111101100010100011011010000001000000010000110101000101101101100100101000001010001011011111111010011011101111111101100010110111001111000011111110111
11110100000000110111101100010100011011010000001000000000011011111010110010101011010001000001010001011011111111010011011101111111101100010110111001111000011111110111
11110100000000110111101100010100011001001101010111010000110100101100001010111111101101000001010001011011111111010011011101111111101100010110111001111000011111110111
11110100000000110111101100010100011011010000001000000010000110101000101101101101010001000001010001011011111111010011011101111111101100010110111001111000011111110111
11110100000000110111101100010100011011010000001000000011011111010110010101011111101101000001010001011011111111010011011101111111101100010110111001111000011111110111
11110100000000110111101100010100011011010000001000000011000100011010111010001111101101000001010001011011111111010011011101111111101100010110111001111000011111110111
00111000010100110010110111111110010100110100101011011111110110111110111111010001010001000001010001011011111111010011011101111111101100010110111001111000011111110111
11010101010011000111011110010111001111111010010011100011010001100000011001011011010001000001010001011011111111010011011101111111101100010110111001111000011111110111
01000010111101100110011100100101011011100100010111001100011000100011010111010001010001000001010001011011111111010011011101111111101100010110111001111000011111110111
10101011011011110001101111101001000010001000000010010010111011011101101011100001010001000001010001011011111111010011011101111111101100010110111001111000011111110111
11010101010011000111011110010111001111111010010011100011010000010111001001010101010001000001010001011011111111010011011101111111101100010110111001111000011111110111
11010101010011000111011110010111001111111010010011100011010000001011101010011011010001000001010001011011111111010011011101111111101100010110111001111000011111110111
00111000010100110010110111111110010100110100101011011111110111111100001101000011010001000001010001011011111111010011011101111111101100010110111001111000011111110111
11010101011000101010011000000010011100001101000011101100110010111001110100100001010001000001010001011011111111010011011101111111101100010110111001111000011111110111
01000110010111011000000010011100001101111011010100011001101111111100001101000011010001000001010001011011111111010011011101111111101100010110111001111000011111110111
11010101010011000111011110010111001111111010010011100011010001010101111011000011010001000001010001011011111111010011011101111111101100010110111001111000011111110111
11010100011101101101111101001000010001000000010010010111011010010011011000100101101101000001010001011011111111010011011101111111101100010110111001111000011111110111
