10101101000100101111100111110011011001011011101000000110101110101010000110010100000101100111101000010110001000000010111100011111010000011011100001111111010001100010
10101101000100101111100111110011011001011011101000000110101110101010000110010100000101100111101000011000001000000010111100011111010000011011100001111111010001100010
10101101000100101111100111110011011001011011101000000110101110101010000110010100000101100111101000011110101110000010111100011111010000011011100001111111010001100010
10101101000100101111100111110011011001011011101000000110101110101010000110010100000101100111101000001000001000000010111100011111010000011011100001111111010001100010
10101101000100101111100111110011011001011011101000000110101110101010000110010100000101100111101000011101001000000010111100011111010000011011100001111111010001100010
10101101000100101111100111110011011011001011011101000000110101110101010000110010100000101100111101000011001000000010111100011111010000011011100001111111010001100010
10101101000100101111100111110011011001011011101000000110101110101010000110010100000101100111101000011110001000000010111100011111010000011011100001111111010001100010
10101101000100101111100111001001111011001011011101000000110101110101010000110010100000101100111101000011001000000010111100011111010000011011100001111111010001100010
10101101000100101111100111110011011001011011101000000110101110101010000110010100000101100111101000010110101110000010111100011111010000011011100001111111010001100010
10101101000100101111100111110011011001011011101000000110101110101010000110010100000101100111101000010000001000000010111100011111010000011011100001111111010001100010
10101101000100101111100111110011011001011011101000000110101110101010000110010100000101100111101001001010001000000010111100011111010000011011100001111111010001100010
10101101000100101111100111110011011001011011101000000110101110101010000110010100000101100111101000001010001000000010111100011111010000011011100001111111010001100010
10101101000100101111100111110011011001011011101000000110101110101010000110010100000101100111101000011011001000000010111100011111010000011011100001111111010001100010
10101101000100101111100111110011011011011001011011101000000110101110101010000110010100000101100111101000001000000010111100011111010000011011100001111111010001100010
10101101000100101111100111110011011001011011101000000110101110101010000110010100000101100111101000010111111000000010111100011111010000011011100001111111010001100010
10101101000100101111100111110011011001011011101000000110101110101010000110010100000101100111101000010111001000000010111100011111010000011011100001111111010001100010
10101101000100101111100111110011011001011011101000000110101110101010000110010100000101100111101000011101011001010010111100011111010000011011100001111111010001100010
10101101000100101111100111110011011001011011101000000110101110101010000110010100000101100111100001110100001000000010111100011111010000011011100001111111010001100010
10101101000100101111100111110011011001011011101000000110101110101010000110010100000101100111100001001000001000000010111100011111010000011011100001111111010001100010
10101101000100101111100111110011011001011011101000000110101110101010000110010100000101100111101000010110001000000010111100011111010000011011100001111111010001101010
10101101000100101111100111110011011001011011101000000110101110101010000110010100000101100111101000011000001000000010111100011111010000011011100001111111010001101010
10101101000100101111100111110011011001011011101000000110101110101010000110010100000101100111101000011001011001010010111100011111010000011011100001111111010001100010
10101101000100101111100111110011011011001011011101000000110101110101010000110010100000101100111100001000001000000010111100011111010000011011100001111111010001100010
10101101000100101111100111110011011001011011101000000110101110101010000110010100000101100111100001001010001000000010111100011111010000011011100001111111010001100010
10101101000100101111100111001001111011001011011101000000110101110101010000110010100000101100111100001000001000000010111100011111010000011011100001111111010001100010
10101101000100101111100111110011011001011011101000000110101110101010000110010100000101100111101000011110101000000010111100011111010000011011100001111111010001100010
10101101000100101111100111110011011001011011101000000110101110101010000110010100000101100110111110011000001000000010111100011111010000011011100001111111010001100010
10101101000100101111100111001001001011001011011101000000110101110101010000110010100000101100111101000011001000000010111100011111010000011011100001111111010001100010
10101101000100101111100111110011011001011011101000000110101110101010000110010100000101100111100111110100001000000010111100011111010000011011100001111111010001100010
10101101000100101111100111110011011001011011101000000110101110101010000110010100000101100111101000011010001000000010111100011111010000011011100001111111010001100010
10101101000100101111100111110011011001011011101000000110101110101010000110010100000101100111101000010000010100000010111100011111010000011011100001111111010001100010
10101101000100101111100111110011011001011011101000000110101110101010000110010100000101100111101000010011111000000010111100011111010000011011100001111111010001100010
