10001100001001110101011101011001000011010111000110101101010000101110001011011111110001110010101111011000001011101011100110001011000000101011110100101000110011100101
10001100001001110101011101011001000000110010011011111110010001111110001011011111110001110010101111011000001011101011100110001011000000101011110100101000110011100101
10001100001001110101010101001100010001010001100011010010110110001110001011011111110001110010101111011000001011101011100110001011000000101011110100101000110011100101
10001100001001110101001111101001100010111100011011101100001110111110001011011111110001110010101111011000001011101011100110001011000000101011110100101000110011100101
10001100001001110101011100100011100001000001111011010111010000001110001011011111110001110010101111011000001011101011100110001011000000101011110100101000110011100101
10001100001001110101011100100011100001000001111011010111010000011110001011011111110001110010101111011000001011101011100110001011000000101011110100101000110011100101
10001100001001110101011100100110000000101000100011010001011100101110001011011111110001110010101111011000001011101011100110001011000000101011110100101000110011100101
10001100001001110101011100100111000011110101000110000010011010111110001011011111110001110010101111011000001011101011100110001011000000101011110100101000110011100101
10001100001001110101011100111010111111100001101101111100011000101110001011011111110001110010101111011000001011101011100110001011000000101011110100101000110011100101
10001100001001110101010101001100010001010001100011010010111100101110001011011111110001110010101111011000001011101011100110001011000000101011110100101000110011100101
10001100001001110101011100100011100011100111101010111010000000011110001011011111110001110010101111011000001011101011100110001011000000101011110100101000110011100101
10001100001001110101010101001100010000101110100101111101110101111110001011011111110001110010101111011000001011101011100110001011000000101011110100101000110011100101
10001100001001110101011100111010111110011110101011010011010100011110001011011111110001110010101111011000001011101011100110001011000000101011110100101000110011100101
10001100001001110101011100111010111110011110101011010011011010011011011011011111110001110010101111011000001011101011100110001011000000101011110100101000110011100101
10001100001001110101011100100111000011110101000110000010010101010110001011011111110001110010101111011000001011101011100110001011000000101011110100101000110011100101
10001100001001110101011100100111000011110101000110000010010000101011000010110110100000111010101111011000001011101011100110001011000000101011110100101000110011100101
