00110000001011000001101110100110000001111100110101101110110011111010100110110011100001010100100001010110110110110011100101101101011000000111110100011111111111110000
00110000001011000001101110100110000001111100110101101110110011111010100110110011100001010100100001010110110110110110011100101101101011000000111110100011111111110000
00110000001011000001101110100110000000111100110101101110110011111010100110110011100001010100100001010110110110110011100101101101011000000111110100011111111111110000
00110000001011000001101110100110000001111100110101101110110011111010100110110011100001010100100001010110110110110011100101101101011000000111110111100001111111110000
00110000001011000001101110100110000001111100110101101110110011111010100110110011100001010100100001010110110110110011100101101101011000000111110111101000111111110000
00110000001011000001101110100110000001111100110101101110110011111010100110110011100001010100100001010110110110101110011100101101101011000000111110100011111111110000
00110000001011000001101110100110000001111100110101101110110011111010100110110011100001010100100001010110110110110011100101101101011000000111110111101100111111110000
00110000001011000001101110100110000001111100110101101110110011111010100110110011100001010100100001010110110111110011100101101101011000000111110100011111111111110000
00110000001011000001101110100110000001111100110101101110110011111010100110110011100001010100100001010110110110110000011100101101101011000000111110100011111111110000
00110000001011000001101110100110000001111100110101101110110001101010100110110011100001010100100001010110110110110011100101101101011000000111110100011111111111110000
00110000001011000001101110100110000001111100110101101110110010110011000110110011100001010100100001010110110110110011100101101101011000000111110100011111111111110000
00110000001011000001101110100110000001111100110101101110110011111010100110110011100001010100100001010110110110110011100101101101011000000111110111011111111111110000
00110000001011000001101110100110000001111100110101101110110011111010100110110011100001010100100001010110110110011100101101101011000000111110100011111101111111110000
00110000001011000001101110100110000001111100110101101110110011111010100110110011100001010100100001010110110110110011100101101101011000000111110111101101111111110000
00110000001011000001101110100110000001111100110101101110110111010100110110011100001010100100001010110110110110011100101101101011000000111110100011111101111111110000
00110000001011000001101110100110000001111100110101101110110011111010100110110011100001010100100001010110110110110010111100101101101011000000111110100011111111110000
00110000001011000001101110100110000001111100110101101110110011111010100110110011100001010100100001010110110110110011100101101101011000000111110111100011111111110000
00110000001011000001101110100110000001111100110101101110110011111011000110110011100001010100100001010110110110110011100101101101011000000111110100011111111111110000
00110000001011000001101110100110000001111100110101101110110011111010100110110011100001010100100001010110110110110011100101101101011000000111110111101111111111110000
00110000001011000001101110100110000001111100110101101110110111010100110110011100001010100100001010110110110110110011100101101101011000000111110100011111111111110000
00110000001011000001101110100110000001111100110101101110110011111010100110110011100001010100100001010110110110110011111001000101000100110000111110100011111111110000
00110000001011000001101110100110000001111100110101101110110011111010100110110011100001010100100001010110110110110010111000101000100110000111110100011111111111110000
00110000001011000001101110100110000001111100110101101110110011111010100110110011100001010100100001010110110110110010011100101101101011000000111110100011111111110000
00110000001011000001101110100110000001111100110101101110110011111010100110110011100001010100100001010110110110011100101101101011000000111110100011111111111111110000
00110000001011000001101110100110000001111100110101101110110011111010100110110011100001010100100001010110110110110110011100101101101011000000111110111101111111110000
00110000001011000001101110100110000001111100110101101110110111010100110110011100001010100100001010110110110110011100101101101011000000111110100011111111111111110000
00110000001011000001101110100110000001111100110101101110110011111010100110110011100001010100100001010110100110110110011100101101101011000000111110100011111111110000
00110000001011000001101110100110000001111100110101101110110011111010101110011100001010100100001010110110110110011100101101101011000000111110100011111101111111110000
00110000001011000001101110100110000001111100110101101110110010111010100110110011100001010100100001010110110110110011100101101101011000000111110100011111111111110000
00110000001011000001101110100110000001111100110101101110111111111010100110110011100001010100100001010110110110110011100101101101011000000111110100011111111111110000
00110000001011000001101110100110000000111110000111111001010011111010100110110011100001010100100001010110110110110011100101101101011000000111110100011111111111110000
00110000000011010111111100011010111100111100110101101110110011111010100110110011100001010100100001010110110110110011100101101101011000000111110100011111111111110000
