00001011101010001100011010000100000111010001010100101111000101000000101010010101111100100110101010001100101000010001001001111111101101110100100010010001110111011101
00001011101010001100011010000100110110011011001101110011101111110000101010010101111100100110101010001100101000010001001001111111101101110100100010010001110111011101
00001011101010001100011011011010000100001010010111100001001111000000101010010101111100100110101010001100101000010001001001111111101101110100100010010001110111011101
00001011101010001100011011011011010000100001010100101111000101000000101010010101111100100110101010001100101000010001001001111111101101110100100010010001110111011101
00001011101010001100011011011010000011111111010001111000001111000000101010010101111100100110101010001100101000010001001001111111101101110100100010010001110111011101
00001011101010001100011010000100110110011011001101110011101111000000101010010101111100100110101010001100101000010001001001111111101101110100100010010001110111011101
00001011101011110111100111101101101101011110001001100101100001000000101010010101111100100110101010001100101000010001001001111111101101110100100010010001110111011101
00001011101010001100011010000100110110011011001101110011101110000000101010010101111100100110101010001100101000010001001001111111101101110100100010010001110111011101
00001011101010001100011011011010000100001010101111010011110111000000101010010101111100100110101010001100101000010001001001111111101101110100100010010001110111011101
00001011101010001100011010000100000110011001111010011110111000000101010010101111100100110101010001100101000010001001001111111101101101110100100010010001110111011101
00001011101010001100011010000100000110011001111010011110111001000000101010010101111100100110101010001100101000010001001001111111101101110100100010010001110111011101
00001011101010001100011011011010000011111110001001100101100001000000101010010101111100100110101010001100101000010001001001111111101101110100100010010001110111011101
00001011101010001100011011011011010000111101111111010011110111000000101010010101111100100110101010001100101000010001001001111111101101110100100010010001110111011101
00001011101010001100011010000100000000110011001111010011110111000000101010010101111100100110101010001100101000010001001001111111101101110100100010010001110111011101
00001011101010010010011000000000110011001111010001111000001111000000101010010101111100100110101010001100101000010001001001111111101101110100100010010001110111011101
00001011101011110111100111101101101100010111011100110010101011000000101010010101111100100110101010001100101000010001001001111111101101110100100010010001110111011101
00001011101010001100011011010011000110110011001111010011110111000000101010010101111100100110101010001100101000010001001001111111101101110100100010010001110111011101
00001011101010001100011011010011000111110001101011111000001111000000101010010101111100100110101010001100101000010001001001111111101101110100100010010001110111011101
00001011101010001100011010000100110110011011001101110011100101000000101010010101111100100110101010001100101000010001001001111111101101110100100010010001110111011101
00001011101010001010000100000000110011001111010001111000001111000000101010010101111100100110101010001100101000010001001001111111101101110100100010010001110111011101
00001011101011110111100111101101101100010111011101000101001010000000101010010101111100100110101010001100101000010001001001111111101101110100100010010001110111011101
00001011101010001100011011011011010011001111010001111000001111000000101010010101111100100110101010001100101000010001001001111111101101110100100010010001110111011101
00001011101010001100011011011011010100001111010001111000001111000000101010010101111100100110101010001100101000010001001001111111101101110100100010010001110111011101
10110111100011100001110101010000011001010101111010011110111000000101010010101111100100110101010001100101000010001001001111111101101101110100100010010001110111011101
10110111100010011010001001100111111000010000001110011110011111000000101010010101111100100110101010001100101000010001001001111111101101110100100010010001110111011101
00001011101010001100011011011011010001100011000011000001100100010000101010010101111100100110101010001100101000010001001001111111101101110100100010010001110111011101
10110111100011100001110101010000011001010101111010011110111001000000101010010101111100100110101010001100101000010001001001111111101101110100100010010001110111011101
00001011101010001100011010000100111111010001111000001111000010000101010010101111100100110101010001100101000010001001001111111101101101110100100010010001110111011101
00001011101010001100011010000100000011001010101111010011110111000000101010010101111100100110101010001100101000010001001001111111101101110100100010010001110111011101
00001011101010001100011010000100110110011011001101110011101110001000101010010101111100100110101010001100101000010001001001111111101101110100100010010001110111011101
10110111100011100001110101010000100000001111010001111000001111000000101010010101111100100110101010001100101000010001001001111111101101110100100010010001110111011101
00001011101010001100011011011011010000100001010101001001110111000000101010010101111100100110101010001100101000010001001001111111101101110100100010010001110111011101
