00111101101101010110100101101001101111001110010001000111001100111001011010111001000000110110101000111010101001110111000110011111011011110101010011001111111000010110
00111101101101010110100101101001101111001110010001000111001100111001011010111001000000110110101000111010101001110111000110011111011011110101010010111010001100010110
00111101101101010110100101101001101111001110010001000111001100111001011010111001000000110110101000111010101001110111000110011111011011110101010010110100010000100110
00111101101101010110100101101001101111001110010001000111001100111001011010111001000000110110101000111010101001110111000110011111011011110100000001111101111000010110
00111101101101010110100101101001101111001110010001000111001100111001011010111001000000110110101000111010101001110111000110011111011011110101010011001110111110010110
00111101101101010110100101101001101111001110010001000111001100111001011010111001000000110110101000111010101001110111000110011111011011110101010011001111001000010110
00111101101101010110100101101001101111001110010001000111001100111001011010111001000000110110101000111010101001110111000110011111011011110101010011001111111101011000
11101001111001010110100101101001101111001110010001000111001100111001011010111001000000110110101000111010101001110111000110011111011011110101010011001111111000010110
00111101101101010110100101101001101111001110010001000111001100111001011010111001000000110110101000111010101001110111000110011111011011110101001001111101111000010110
00111101101101010110100101101001101111001110010001000111001100111001011010111001000000110110101000111010101001110111000110011111011011110101010010010101001000010110
00111101101101010110100101101001101111001110010001000111001100111001011010111001000000110110101000111010101001110111000110101011100100011010100001100011000110110110
00111101101101010110100101101001101111001110010001000111001100111001011010111001000000110110101000111010101001110111000110011111011011110101010011001110100101010000
00111101101101010110100101101001101111001110010001000111001100111001011010111001000000110110101000111010101001110111000110011111011011110101010011001110111011110110
00111101101101010110100101101001101111001110010001000111001100111001011010111001000000110110101000111010101001110111000110011111011011110101010011010100010000100110
10111101101101010110100101101001101111001110010001000111001100111001011010111001000000110110101000111010101001110111000110011111011011110101010011001111111000010110
10110100111111010110100101101001101111001110010001000111001100111001011010111001000000110110101000111010101001110111000110011111011011110101010011001111111000010110
