10010001101001010000001110010100011011111110110110100011101001101010011010000111101000110000101001000000111110110101110000100001101101001010111101000010100111000101
10010001101001010000001110010100011011111110110110100011101001101010011010000111101000110000101001000000111110110101110000100001101101001010111101000010110111000101
10010001101001010000001110010100011011111110110110100011101001101010011010000111101000110000101001000000111110110101110000100001101101001010111101000010100100000101
10010001101001010000001110010100011011111110110110100011101001101010011010000111101000110000101001000000111110110101110000100001101101001010111101000010100110011101
10010001101001010000001110010100011011111110110110100011101001101010011010000111101000110000101001000000111110110101110000100001101101001010111101000010101111000101
10010001101001010000001110010100011011111110110110100011101001101010011010000111101000110000101001000000111110110101110000100001101101001010111110101000100111000101
10010001101001010000001110010100011011111110110110100011101001101010011010000111101000110000101001000000111110110101110000100001101101001010111101000010100111110100
10010001101001010000001110010100011011111110110110100011101001101010011010000111101000110000101001000000111110110101110000100001101101001010110000001011100111000101
10010001101001010000001110010100011011111110110110100011101001101010011010000111101000110000101001000000111110110101110000100001101101001010111101000010101000000001
10010001101001010000001110010100011011111110110110100011101001101010011010000111101000110000101001000000111110110101110000100001101101000101110000001011100111000101
10010001101001010000001110010100011011111110110110100011101001101010011010000111101000110000101001000000111110110101110000100001101101001010110000001000100111000101
10010001101001010000001110010100011011111110110110100011101001101010011010000111101000110000101001000000111110110101110000100001101101001001000110011111100001000101
10010001101001010000001110010100011011111110110110100011101001101010011010000111101000110000101001000000111110110101110000100001101101001010111101010010100111000101
10010001101001010000001110010100011011111110110110100011101001101010011010000111101000110000101001000000111110110101110000100001101101001010111101000010101011110101
10010001101001010000001110010100011011111110110110100011101001101010011010000111101000110000101001000000111110110101110000100001101101000100100111011001001111110101
10010001101000000111000000000010011011111110110110100011101001101010011010000111101000110000101001000000111110110101110000100001101101001010111101000010100111000101
