11000011000000110001011110000111010010100000010000011011000111101000101001000111101010110010010110011001001110111111000101001111001011100011111000111001111001010011
11000011000000110001011110000111010010100000010000011011000111101000101001000111101010110010010110011001001110111111000101001111001011100010011111000111001111001011
11000011000000110001011110000111010010100000010000011011000111101000101001000111101010110010010110011001001110111111000101001111001011100011111000111001111111110100
11000011000000110001011110000111010010100000010000011011000111101000101001000111101010110010010110011001001110111111000101001111001011100010011111000111001111001010
11000011000000110001011110000111010010100000010000011011000111101000101001000111101010110010010110011001001110111111000101001111001011100011111000111001111000001011
11000011000000110001011110000111010010100000010000011011000111101000101001000111101010110010010110011001001110111111000101001111001011100011111000111001111001101111
11000011000000110001011110000111010010100000010000011011000111101000101001000111101010110010010110011001001110111111000101001111001011100011111000111001111001001011
11000011000000110001011110000111010010100000010000011011000111101000101001000111101010110010010110011001001110111111000101001111001011100011111000111001110000110001
11000011000000110001011110000111010010100000010000011011000111101000101001000111101010110010010110011001001110111111000101001111001011100011111000111001111001010101
11000011000000110001011110000111011111101000101000100110101010011011010000000100010011000001101000011001001110111111000101001111001011100011111000111001111001010011
11000011000000110001011110000111010010100000010000011011000111101000101001000111101010110010010110011001001110111111000101001111001011100010011111000111001111001111
11000011000000110001011110000111010010100000010000011011000111101000101001000111101010110010010110011001001110111111000101001111001011100011111000111001111001010100
11000011000000110001011110000111011111101000101000100110101010011011010000000100010011000001101000011001001110111111000101001111001011100010011111000111001111001011
11000011000000110001011110000111010010100000010000011011000111101000101001000111101010110010010110011001001110111111000101001111001011100011111001111100100001010011
11000011000000110001011110000111010010100000010000011011000111101000101001000111101010110010010110011001001110111111000101001111001011100010110000111001111111110100
11000011000000110001011110000111011111101000101000100110101010011011010000000100010011001001110000000111110100111111000101001111001011100011111000111001111001010011
11000011000000110001011110000111010010100000010000011011000111101000101001000111101010110010010111110000100100110001011101110110101001010001101110011011011110001110
11000011000000110001011110000111010010100000010000011011000111101000101001000111101010110010010110011001001110111111000101001111001011100011111000111001111001010001
11000011000000110001011110000111010010100000010000011011000111101000101001000111101010110010010110011001001110111111000101001111001011100011111001111100111110111100
11000011000000110001011110000111010010100000010000011011000111101000101001000111101010110010010110011001001110111111000101001111001011100011111000111001111001011100
11000011000000110001011110000111011111101000101000100110101010011011010000000100010011000001101000011001110000010001111101011001110110000001000011100001000000100110
11000011000000110001011110000111010010100000010000011011000111101000101001000111101010110010010110011001001110111111000101001111001011100011111000111001111001010110
11000011000000110001011110000111011111101000101000100110101010011011010000000100010011001001110000000111110100111111000101001111001011100010011111000111001111001011
11000011000000110001011110000111010010100000010000011011000111101000101001000111101010110010010110011001001110111111000101001111001011100011111001111100111111101011
11000011000000110001011110000111010010100000010000011011000111101000101001000111100111001010100100011001001110111111000101001111001011100011111000111001111001010011
11000011000000110001011110000111010010100000010000011011000111101000101001000111101010110010010110011001001110111111000101001111001011100011111001100000111100110100
11000011000000110001011110000111010010100000010000011011000111101000101001000111101010110010010110011001001110111111000101001111001011100011011100001100110000100110
11000011000000110001011110000111010010100000010000011011000111101000101001000111101010110010010110011001001110111111000101001111001011100011111000111001111010001011
11000011000000110001011110000111010010100000010000011011000111101000101001000111101010110010010110011001001110111111000101001111001011100011111000111001110000111000
11000011000000110001011110000111010010100000010000011011000111101000101001000111101010110010010110011001001110111111000101001111001011100011111000111001111111111010
11000011000000110001011110000111010010100000010000011011000111101000101001000111101010110010010110011001001110111111000101001111001011100011111001111111000111111111
11000011000000110001011110000111010010100000010000011011000111101000101001000111101010110010010110011001001110111111000101001111001011100011111000111001111001110011
