10110110110010110100011101111101111100000111000000001010111011010010000010011000101100100110110110010010111010101010001001100111110110000101000111110111101101110110
10110110110010110100011101111101111100000111000000001010111011010010000010011000101100100110110110010010111010101010001001100111110110000101000110010111101101110110
10110110110010110100011101111101111100000111000000001010111011010010000010011000101100100110110110010010111010101010001001100111110110000101000111110100010110110110
10110110110010110100011101111101111100000111000000001010111011010010000010011000101100100110110110010010111010101010001001100111110110000101000100100011100100111001
10110110110010110100011101111101111100000111011110001010111011010010000010011000101100100110110110010010111010101010001001100111110110000101000111110111101101110110
10110110110010110100011101111101111100000111000000001010111011010010000010011000101100100110110110010010111010101010001001100111110110000101000110011110000111111001
10110110110010110100011101111101111100000111000000001010111011010010000010011000101100100110110110010010111010101010001001100111110110000101000110010001100100111001
10110110110010110100011101111101111100000111000000001010111011010010000010011000101100100110110110010010111010101010001001100111110110000101000110011011101101110110
10110110110010110100011101111101111100000111000000001010111011010010000010011000101100100110110110010010111010101010001001100111110110000101000111110011100100111001
10110110110010110100011101111101111100000111000000001010111011010010000010011000101100100110110110010010111010101010001001100111110110000101000110011111010010000011
10110110110010110100011101111101111100000111000000001010111011010010000010011000101100100110110110010010111010101010001001100111110110000101000111110000001000001100
10110110110010110100011101111101111100000111000000001010111011010010000010011000101100100110110110010010111010101010001001100111110110000101000110010000011110010110
10110110110010110100011101111101111100000111000000001010111011010010000010011000101100100110110110010010111010101010001001100111110110000101000110000010100100111001
10110110110010110100011101111101111100000111011110001010111011010010000010011000101100100110110110010010111010101010001001100111110110000101000110010111101101110110
10110110110010110100011101111101111100000111000000001010111011010010000010011000101100100110110110010010111010101010001001100111110110000101000100110001110001110000
10110110110010110100011101111101111100000111000000001010111011010010000010011000101100100110110110010010111010101010001001100111110110000101000110011100111001000001
10110110110010110100011101111101111100000111000000001010111011010010000010011000101100100110110110010010111010101010001001100111110110000101000111110000000010100011
10110110110010110100011101111101111100000111000000001010111011010010000010011000101100100110110110010010111010101010001001100111110110000101000110011110000111110110
10110110110010110100011101111101111100000111000000001010111011010010000010011000101100100110110110010010111010101010001001100111110110000101000110011111111100010001
10110110110010110100011101111101111100000111000000001010111011010010000010011000101100100110110110010010111010101010001001100111110110000101001000100011100100111001
10110110110010110100011101111101111100000111000000001010111011010010000010011000101100100110110110010010111010101010001001100111110110000101000110011101110011100110
10110110110010110100011101111101111100000111000000001010111011010010000010011000101100100110110110010010111010101010001001100111110110000101000110011111111101110110
10110110110010110100011101111101111100000111000000001010111011010010000010011000101100100110110110010010111010101010001001100111110110000101000110010000100110110110
10110110110010110100011101111101111100000111000001010111011010010000010011000101100100110110110010010111010101010001001100111110110000101000111100100011100100111001
10110110110010110100011101111101111100000111000000010100111011010010000010011000101100100110110110010010111010101010001001100111110110000101000111110111101101110110
10110110110010110100011101111101111100000111000000001010111011010010000010011000101100100110110110010010111010101010001001100111110110000101000110011110010000110110
10110110110010110100011101111101111100000111000000001010111011010010000010011000101100100110110110010010111010101010001001100111110110000101000110010010100100111001
10110110110010110100011101111101111100000111000000001010111011010010000010011000101100100110110110010010111010101010001001100111110110000101000110010111101010000011
10110110110010110100011101111101111100000111000000001010111011010010000010011000101100100110110110010010111010101010001001100111110110000101000110011100110001010110
10110110110010110100011101111101111100000111000000001010111011010010000010011000101100100110110110010010111010101010001001100111110110000101000111110101011001100000
10110110110010110100011101111101111100000111000000001110111011010010000010011000101100100110110110010010111010101010001001100111110110000101000111110111101101110110
10110110110010110100011101111101111100000111000000001010111011010010000010011000101100100110110110010010111010101010001001100111110110000101000110010001110011011001
