01100011011100000100111011111100001110110010001001110001010011110100000001101001010101101100101101000000000011001010000010100010111001000111000111110101011100111010
01100011011100000100111011111100001110110010001001110001010011110100000001110110100100110101001001010000000011001010000010100010111001000111000111110101011100111010
01100011011100000100111011111100001110110010001001110001010011110100000001101001010101100101001001010000000011001010000010100010111001000111000111110101011100111010
01100011011100000100111011111100001110110010001001110001010011110100000001101000000011101111101001010000000011001010000010100010111001000111000111110101011100111010
01100011011100000100111011111100001110110010001001110001010011110100000001101001010100110101001001010000000011001010000010100010111001000111000111110101011100111010
01100011011100000100111011111100001110110010001001110001010011110100000001101001010101111101001001010000000011001010000010100010111001000111000111110101011100111010
01100011011100000100111011111100001110110010001001110001010011110100000001101001010101100111101001010000000011001010000010100010111001000111000111110101011100111010
11000011011100000100111011111100001110110010001001110001010011110100000001101001010101101100101101000000000011001010000010100010111001000111000111110101011100111010
01100011011100000100111011111100001110110010001001110001010011110100000001101001010101101111001001010000000011001010000010100010111001000111000111110101011100111010
01100011011100000100111011111100001110110010001001110001010011110100000001101001010101101111101001010000000011001010000010100010111001000111000111110101011100111010
01100011011100000100111011111100001110110010001001110001010011110100000001101001011010000010101001010000000011001010000010100010111001000111000111110101011100111010
01100011011100000100111011111100001110110010001001110001010011110100000001110110100100000010101001010000000011001010000010100010111001000111000111110101011100111010
01100011011100000100111011111100001110110010001001110001010011110100000001101001010100000010101001010000000011001010000010100010111001000111000111110101011100111010
01100011011100000100111011111100001110110010001001110001010011110100000001101001010101111111101001010000000011001010000010100010111001000111000111110101011100111010
01100011011100000100111011111100001110110010001001110001010011110100000001101001010101110111101001010000000011001010000010100010111001000111000111110101011100111010
01100011011100000100111011111100001110110010001001110001010011110100000001101001010101100001101001010000000011001010000010100010111001000111000111110101011100111010
01100011011100000100111011111100001110110010001001110001010011110100000001101001010101100010101001010000000011001010000010100010111001000111000111110101011100111010
01100011011100000100111011111100001110110010001001110001010011110100000001101001010101100010011001010000000011001010000010100010111001000111000111110101011100111010
01100011011100000100111011111100001110110010001001110001010011110100000001101001010101101100100011010000000011001010000010100010111001000111000111110101011100111010
01100011011100000100111011111100001110110010001001110001010011110100000001101001010101100101101001010000000011001010000010100010111001000111000111110101011100111010
01100011011100000100111011111100001110110010001001110001010011110100000001101001010101110111011010010000000011001010000010100010111001000111000111110101011100111010
01100011011100000100111011111100001110110010001001110001010011110100000001101001010101111001011010010000000011001010000010100010111001000111000111110101011100111010
01100011011100000100111011111100001110110010001001110001010011110100000001101001010101100001100000010001110111001010000010100010111001000111000111110101011100111010
01100011011100000100111011111100001110110010001001110001010011110100000001101001010101111010000001010000000011001010000010100010111001000111000111110101011100111010
11000011011100000100111011111100001110110010001001110001010011110100000001110110100100110101001001010000000011001010000010100010111001000111000111110101011100111010
01100011011100000100111011111100001110110010001001110001010011110100000001101001010101110111010011010000000011001010000010100010111001000111000111110101011100111010
11000011011100000100111011111100001110110010001001110001010011110100000001101001010101100101001001010000000011001010000010100010111001000111000111110101011100111010
01100011011100000100111011111100001110110010001001110001010011110100000001101001010111000010101001010000000011001010000010100010111001000111000111110101011100111010
01100011011100000100111011111100001110110010001001110001010011110100000001101001010101100111100000010001110111001010000010100010111001000111000111110101011100111010
01100011011100000100111011111100001110110010001001110001010011110100000001101000000011100101001001010000000011001010000010100010111001000111000111110101011100111010
01100011011100000100111011111100001110110010001001110001010011110100000001101001010011100101001001010000000011001010000010100010111001000111000111110101011100111010
01100011011100000100111011111100001110110010001001110001010011110100000001110111010001000010101001010000000011001010000010100010111001000111000111110101011100111010
