10110010100000101011011010110011100001010100110101101001000000101000100001011000000101000100000001000110010000111001000110111001001101110101000100000110111110110110
10110010100000101011011010110011100001010100110101101001000000101000100001011000000101000100000000000110010000111001000110111001001101110101000100000110111110110110
10110010100000101011011010110011100001010100110101101001000000101000100001011000000101000100000000001100011000110011001101010001111101110101000100000110111110110110
10110010100000101010100000010100100011111101101101010010101111100011000100110100011101100001110100000001110110111001000110111001001101110101000100000110111110110110
10110010100000101010100000011101011110001100011011011010111010110000110011110100100011001111111100111001101000111001000110111001001101110101000100000110111110110110
10110010100000101010100000011000011001011011101000101010000000100110111110100111110110101100101011110100001000010010100111011001111110101111000100000110111110110110
10110010100000101011011010110011100001010100110101101001000000101000100001011000000101000100000001000110010000001001101001001101110000101100110100110101100110110110
10110010100000101011011010111011110011001010011011011010111010110000110011110100100011001111111100111001101000111001000110111001001101110101000100000110111110110110
10110010100000101010100000010010001010000000001100000100000111010010001100000100101110011101001010011111000111001101000110111001001101110101000100000110111110110110
10110010100000101011011010110011100001010100110101101001000000101000100001011000000101000100001010000000001010101101100010010011001001011110000011111010010111011000
10110010100000101010100000011101011110001100011011011010111010110000110011110100100011001111111100111001101000110110011010010011101100111110001101100110111110110110
10110010100000101010100000011101011110001100011011011010111010110000110011110100100011001111111100111001101000110110011011010000110010011110000011111010010111011000
10110010100000101010100000011011011111001101001011100100111011011101110101110100101101010000110111101100011101000011001000110110110011001110000011111010010111011000
10110010100000101011011010111011110011001010011011011010111010110000110011110100100011001111111100111001101000110110011011010000110010011110000011111010010111011000
10110010100000101011011010110011100001010100110101101001000000101000100001011000000101000100000010000000000011001100111100011011111000000011000101111010010111011000
10110010101101101111001110111001110110000011110111010110010011010001101110010001111110001110101011110000101101000011001000110110110011001110000011111010010111011000
