10010111110001011000110100110100011011100101100011100011000000001110111011011001111101000010011010011010100011010001000000001001010011001010110011111001101101110011
10010111110001011000110100110100011011100101100011100011000000001101001001011001111101000010011010011010100011010001000000001001010011001010110011111001101101110011
10010111110001011000110100110100011011100101100011100011000000001111111011011001111101000010011010011010100011010001000000001001010011001010110011111001101101110011
10010111110001011000110100110100011011100101100011100011000000001101000011011001111101000010011010011010100011010001000000001001010011001010110011111001101101110011
10010111110001011000110100110100011011100101100011100011000000001110110100001001111101000010011010011010100011010001000000001001010011001010110011111001101101110011
10010111110001010000110100110100011011100101100011100011000000001110111011011001111101000010011010011010100011010001000000001001010011001010110011111001101101110011
10010111110001011000110100110100011011100101100011100011000000001100111011011001111101000010011010011010100011010001000000001001010011001010110011111001101101110011
10010111110001011000110100110100011011100101100011100011010110100001011011011001111101000010011010011010100011010001000000001001010011001010110011111001101101110011
10010111110001011000110100110100011011100101100011100011000000001110111011101010011100000000101000001101000011010001000000001001010011001010110011111001101101110011
01011001110101000000110100110100011011100101100011100011000000001110111011011001111101000010011010011010100011010001000000001001010011001010110011111001101101110011
10010111110001011000110100101110001111001100111011100011000000001110111011011001111101000010011010011010100011010001000000001001010011001010110011111001101101110011
01011011100000001001110100110100011011100101100011100011000000001110111011011001111101000010011010011010100011010001000000001001010011001010110011111001101101110011
10010111110001011000110100110100011011100101100011100011000000001101001011011001111101000010011010011010100011010001000000001001010011001010110011111001101101110011
11100110001101110011010110001110001111001100111011100011000000001110111011011001111101000010011010011010100011010001000000001001010011001010110011111001101101110011
10010111110001011000110100110100011011100101110011100011000000001110111011011001111101000010011010011010100011010001000000001001010011001010110011111001101101110011
10010111110001011000110100110100011011100101100011101001001100001010111011011001111101000010011010011010100011010001000000001001010011001010110011111001101101110011
00000010000011010000110100110100011011100101100011100011000000001110111011011001111101000010011010011010100011010001000000001001010011001010110011111001101101110011
10010111110001011000110100101101101110110011111010000011000000001110111011011001111101000010011010011010100011010001000000001001010011001010110011111001101101110011
10010111110001011000110100110100011011100101100011100010000111101110111011011001111101000010011010011010100011010001000000001001010011001010110011111001101101110011
10010111110001011000110100110100011011100101100011100011000000001110110011011001111101000010011010011010100011010001000000001001010011001010110011111001101101110011
10010111110001011000110100110100011011100101100010100010000000001110111011011001111101000010011010011010100011010001000000001001010011001010110011111001101101110011
10010111110001101110110100110100011011100101100011100011000000001110111011011001111101000010011010011010100011010001000000001001010011001010110011111001101101110011
10010111110001011000110100110100011011100101100011100011000000001010111011011001111101000010011010011010100011010001000000001001010011001010110011111001101101110011
10010111110001011000100011011000011011100101100011100011000000001110111011011001111101000010011010011010100011010001000000001001010011001010110011111001101101110011
10010111110001011000110100101010011011000101100011100011000000001110111011011001111101000010011010011010100011010001000000001001010011001010110011111001101101110011
10010111110001011000110100110100011011100101100011100011000000001110111001011001111101000010011010011010100011010001000000001001010011001010110011111001101101110011
10010111110001011000110100111111010010001001000010100111000000001110111011011001111101000010011010011010100011010001000000001001010011001010110011111001101101110011
10010111110001011000110100110100011011100101100010001111111101111010111011011001111101000010011010011010100011010001000000001001010011001010110011111001101101110011
10010111110001011000110100110100011011100101100011100011000000001110011011011001111101000010011010011010100011010001000000001001010011001010110011111001101101110011
10010111110001011000101010001110011011100101100011100011000000001110111011011001111101000010011010011010100011010001000000001001010011001010110011111001101101110011
10010111110001011000111000000011100111010101110100011101000000001110111011011001111101000010011010011010100011010001000000001001010011001010110011111001101101110011
00001101110101000000110100110100011011100101100011100011000000001110111011011001111101000010011010011010100011010001000000001001010011001010110011111001101101110011
