10111111001000101111100010110100000001011110101010110001011101111111000010011010001011001101010000110001010101001110001010110001101000001110111101100010010100101011
10111111001000101111101010011000111101111110101010110001011101111111000010011010001011001101010000110001010101001110001010110001101000001110111101100010010100101011
10100111101101111111100010110100000001011110101010110001011101111111000010011010001011001101010000110001010101001110001010110001101000001110111101100010010100101011
10111111001000101111100010110100000001011110101010110001010110001000010010011010001011001101010000110001010101001110001010110001101000001110111101100010010100101011
01111111110101111111100010110100000001011110101010110001011101111111000010011010001011001101010000110001010101001110001010110001101000001110111101100010010100101011
10111111001000101111100010110100000001011110101010110001011010111111000010011010001011001101010000110001010101001110001010110001101000001110111101100010010100101011
10110001111111111111100010110100000001011110101010110001011101111111000010011010001011001101010000110001010101001110001010110001101000001110111101100010010100101011
11001001101101111111100010110100000001011110101010110001011101111111000010011010001011001101010000110001010101001110001010110001101000001110111101100010010100101011
10111111001000101111100010110100000001011110101010110001010110001010011010011010001011001101010000110001010101001110001010110001101000001110111101100010010100101011
10111111001000101111100010110000000001011110101010110001011101111111000010011010001011001101010000110001010101001110001010110001101000001110111101100010010100101011
00100001101101111111100010110100000001011110101010110001011101111111000010011010001011001101010000110001010101001110001010110001101000001110111101100010010100101011
10110010011010101111100010110100000001011110101010110001011101111111000010011010001011001101010000110001010101001110001010110001101000001110111101100010010100101011
10111111001000101111101100110100000001011110101010110001011101111111000010011010001011001101010000110001010101001110001010110001101000001110111101100010010100101011
10111111001000101111101010011000111110011010110001000110001101111111000010011010001011001101010000110001010101001110001010110001101000001110111101100010010100101011
01111111001000101111100010110100000001011110101010110001011101111111000010011010001011001101010000110001010101001110001010110001101000001110111101100010010100101011
10111100101101111111100010110100000001011110101010110001011101111111000010011010001011001101010000110001010101001110001010110001101000001110111101100010010100101011
10111111001000101111100010110100000001011110101010110000111101111111000010011010001011001101010000110001010101001110001010110001101000001110111101100010010100101011
10110001101101111111100010110100000001011110101010110001011101111111000010011010001011001101010000110001010101001110001010110001101000001110111101100010010100101011
10111110111101111111100010110100000001011110101010110001011101111111000010011010001011001101010000110001010101001110001010110001101000001110111101100010010100101011
10111111001000101111101010011000111100101010100000100001011101111111000010011010001011001101010000110001010101001110001010110001101000001110111101100010010100101011
10111111001000101111100010110100000001011110101011111001011101111111000010011010001011001101010000110001010101001110001010110001101000001110111101100010010100101011
10111111001000101111100010110100000001011110101010110001011100111111000010011010001011001101010000110001010101001110001010110001101000001110111101100010010100101011
10111111001000101111101010011000111100101010101001110001011101111111000010011010001011001101010000110001010101001110001010110001101000001110111101100010010100101011
10111111001000101111100010110100000001011110101010010000111101111111000010011010001011001101010000110001010101001110001010110001101000001110111101100010010100101011
10111111001000101111101010011000111100101010100000110001011101111111000010011010001011001101010000110001010101001110001010110001101000001110111101100010010100101011
10111111001000100011010100001110000001011110101010110001011101111111000010011010001011001101010000110001010101001110001010110001101000001110111101100010010100101011
10111111001000101111100010110100000001011110101011100001011101111111000010011010001011001101010000110001010101001110001010110001101000001110111101100010010100101011
10111111001000101111100010110100000001011110101011010111011101111111000010011010001011001101010000110001010101001110001010110001101000001110111101100010010100101011
10111100011101111111100010110100000001011110101010110001011101111111000010011010001011001101010000110001010101001110001010110001101000001110111101100010010100101011
10111111010111111111100010110100000001011110101010110001011101111111000010011010001011001101010000110001010101001110001010110001101000001110111101100010010100101011
10111111001000101111100010110100000001011110101010110001011101111111000010011010001011001101011110010001010101001110001010110001101000001110111101100010010100101011
10111111001000101111100010110100000001011110101010110001011101111111000010011010001011001101010000110001010101001110001010110001101000001101111011000101000101101011
