10000111010101001000111101111111001101100100101010111101110101000100000010110001111100100110100100100011000110001111100111100000010011011110000001110100001000010011
10000111010101001000111101111111001101100100101010111101110101000100000010110001111100100110100101000011000111101000111101110111111001100001110000101111110011101001
10000111010101001000111101111111001101100100101010111101110101000100000010110001111100100110100100100000010010100100100010110111111001100001110000101111110011101001
10000111010101001000111101111111001101100100101010111101110101000100000010110001111100100110100011100010101000101011101101110111111001100001110000101111110011101001
10000111010101001000111101111111001101100100101010111101110101000100000010110001111100100110100101011010011000110111101101110111111001100001110000101111110011101001
10000111010101001000111101111111001101100100101010111101110101000100000010110001111100100110100100111011011001010110011101110111111001100001110000101111110011101001
10000111010101001000111101111111001101100100101010111101110101000100000010110001111100100110100101011100100100011000110001110111111001100001110000101111110011101001
10000111010101001000111101111111001101100100101010111101110101000100000010110001111100100110100100101101100011100011101011110111111001100001110000101111110011101001
10000111010101001000111101111111001101100100101010111101110101000100000010110001111100100110100100100110001100011100010011110111111001100001110000101111110011101001
10000111010101001000111101111111001101100100101010111101110101000100000010110001111100100110100100100011000110001111100111100010010001000010111011010100001000010011
10000111010101001000111101111111001101100100101010111101110101000100000010110001111100100110100100100011000110001111100111100011111001100001110000101111110011101001
10011010001000101001000111101111111001101100100101010111101110101000100000010110001111100100110100100000010010100100100010110111111001100001110000101111110011101001
10000111010101001000111101111111001101100100101010111101110101000100000010110001111100100110100101100101000011000111101000111101111001110010111010101110101000010011
10000111010101001000111101111111001101100100101010111101110101000100000010110001111100100110111101011101001011110100010010110111111001100001110000101111110011101001
10000111010101001000111101111111001101100100101010111101110101000100000010110001111100100110110100100000010010100100100010110111111001100001110000101111110011101001
10000111010101001000111101111111001101100100101010000000101111000000100111000111110100100100100000010010100100100010110111100000010011011110000001110100001000010011
