10010010100100011101010101111001110011100110111101111000001111110101001100000011000011101101111000001001101001010101000111111100110010001110001000111110000111111111
10010010100100011101011010101101110011100110111101111000001111110101001100000011000011101101111000001001101001010101000111111100110010001110001000111110000111111111
10010010100100011101010101111001110011100110111101111000001111110101001100000011000011101101111000001001101001010101000111111100110010001111011110101001100101111111
10010010100100011101010100000011010011100110111101111000001111110101001100000011000011101101111000001001101001010101000111111100110010001110001000111110000111111111
10010010100100011101010101111001110011100110111101111000001111110101001100000011000011101101111000001001101001010101000111111100110010001110001001111010111011111111
10010010100100011101010101111001110011100110111101111000001111110101001100000011000011101101111000001001101001010101000111111100110010001110001000110011000001111111
10010010100100011101010101111001110011100110111101111000001111110101001100000011000011101101111000001001101001010101000111111100110010001111011100011111110000001011
10010010100100011101010101111001110011100110111101111000001111110101001100000011000011101101111000001001101001010101000111111100110010001111011100101101110000001011
10010010100100011101010101111001110011100110111101111000001111110101001100000011000011101101111000001001101001010101000111111100110010001110001000111110000110110011
10010010100100011101010101111001110011100110111101111000001111110101001100000011000011101101111000001001101001010101000111111100110010001111011110100110110000001011
10010010101100000110111100110011010011100110111101111000001111110101001100000011000011101101111000001001101001010101000111111100110010001110001000111110000111111111
10010010100100011101010101111001110011100110111101111000001111110101001100000011000011101101111000001001101001010101000111111100110010001110001000111001100111111111
10010010100100001011001001100100110101100110111101111000001111110101001100000011000011101101111000001001101001010101000111111100110010001110001000111110000111111111
10010010100100011101010101111001110011100110111101111000001111110101001100000011000011101101111000001001101001010101000111111100110010001110001000110101000111111111
10010010100100011101010101111001110011100110111101111000001111110101001100000011000011101101111000001001101001010101000111111100110010001111011111100011000111111111
10010010100100011101010101111001110011100110111101111000001111110101001100000011000011101101111000001001101001010101000111111100110010001110111110011010111110001000
