10110010010100000000101010110001010010001100110110111111110110010100100111101010001001111000110001101100101110010100000111101011000100011110000110010110001101111101
10111100011111001001001100000100100010001100110110111111110110010100100111101010001001111000110001101100101110010100000111101011000100011110000110010110001101111101
10111100011111011110110101100111110010111001000111110001111010010100100111101010001001111000110001101100101110010100000111101011000100011110000110010110001101111101
10111100011111011111010100011001111000011000000011111010001001011100010111101010001001111000110001101100101110010100000111101011000100011110000110010110001101111101
10110100010101001011111111100111110010111001000111110001111010010100100111101010001001111000110001101100101110010100000111101011000100011110000110010110001101111101
10110100010101001011101100010000110110001100110110111111110110010100100111101010001001111000110001101100101110010100000111101011000100011110000110010110001101111101
10111100011111011110100001110101110010111001000111110001111010010100100111101010001001111000110001101100101110010100000111101011000100011110000110010110001101111101
10111100011111011110101111100100011001111011110101110011000010110100100111101010001001111000110001101100101110010100000111101011000100011110000110010110001101111101
00100101001111010101110110101001111010001100110110111111110110010100100111101010001001111000110001101100101110010100000111101011000100011110000110010110001101111101
10111100011111001001110101111100100011001111011110101110011000010100100111101010001001111000110001101100101110010100000111101011000100011110000110010110001101111101
10111100011111011111010100011001111000011000000011111010001000101100111110000010111000001011110001101100101110010100000111101011000100011110000110010110001101111101
10111100011111001001110101110011110110001100110110111111110110010100100111101010001001111000110001101100101110010100000111101011000100011110000110010110001101111101
10111100011111011111001000000111110110001100110110111111110110010100100111101010001001111000110001101100101110010100000111101011000100011110000110010110001101111101
10110100010101001011101011111000000101100110101011110001111010010100100111101010001001111000110001101100101110010100000111101011000100011110000110010110001101111101
10111100011111011100111111110010101100100111101110101111100010110100100111101010001001111000110001101100101110010100000111101011000100011110000110010110001101111101
10110010010100000000100001000011011000111001111011110101110011000010110111101010001001111000110001101100101110010100000111101011000100011110000110010110001101111101
