11111100110100111110001011111111000000010111100110000101100100011001100111001111100110001000001110110100001101110101101101010111010001011001011100000111101111111010
11111100110100111110001011111111000000010111100110000101110010100000100111001111100110001000001110110100001101110101101101010111010001011001011100000111101111111010
11111100110100111110001011111111000000010111100111111111000100011001100111001111100110001000001110110100001101110101101101010111010001011001011100000111101111111010
11111100110100111110001011111111000000010111100111111111010010011001100111001111100110001000001110110100001101110101101101010111010001011001011100000111101111111010
11111100110100111110001011111111000000010111100100100111110100011001100111001111100110001000001110110100001101110101101101010111010001011001011100000111101111111010
11111100110100111110001011111111000000010111100110000101100111101001100111001111100110001000001110110100001101110101101101010111010001011001011100000111101111111010
11111100110100111110001011111111000000010111100110000101101101001111101100100111010110001000001110110100001101110101101101010111010001011001011100000111101111111010
11111100110100111110001011111111000000010110011100100111110100011001100111001111100110001000001110110100001101110101101101010111010001011001011100000111101111111010
11111100110100111110001011111111000000010111100111011010100100011001100111001111100110001000001110110100001101110101101101010111010001011001011100000111101111111010
11111100110100111110001011111111000000010111100110000101100101101011100111001111100110001000001110110100001101110101101101010111010001011001011100000111101111111010
11111100110100111110001011111111000000010111100111010011110100011001100111001111100110001000001110110100001101110101101101010111010001011001011100000111101111111010
11111100110100111110001011111111000000010111100110001011010100011001100111001111100110001000001110110100001101110101101101010111010001011001011100000111101111111010
11111100110100111110001011111111000000010111100110000111110100011001100111001111100110001000001110110100001101110101101101010111010001011001011100000111101111111010
11111100110100111110001011111111000000010111111110101110110100011001100111001111100110001000001110110100001101110101101101010111010001011001011100000111101111111010
11111100110100111110001011111111001001111010111001010100000100011001100111001111100110001000001110110100001101110101101101010111010001011001011100000111101111111010
11111100110100110001011111111000000010111100110000101100100010011001100111001111100110001000001110110100001101110101101101010111010001011001011100000111101111111010
