00011111101110010010001010000000011010101111000011101001100000010111000001110001100111101100100100110100010111110110100111101010100001001011010111100000001100000110
00011111101110010010001010000000011010101111000011101001100000010111000001110001100111101100100100110100010111110110100111101010100001001011010111100000001100000100
00011111101110010010001010000000011010101111000011101001100000010111000001110001100111101100100100110100010111110110100111101010100001001011010111100010000010010001
00011111101110010010001010000000011010101111000011101001100000010111000001110001100111101100100100110100010111110110100111101010100001001011010111100000001110010000
00011111101110010010001010000000011010101111000011101001100000010111000001110001100111101100100100110100010111110110100110100111000110101011010011011111001010010000
00011111101110010010001010000000011010101111000011101001100000010111000001110001100111101100100100110100010111110110100111101010101001011011000110100000001110010000
00011111101110010010001010000000011010101111000011101001100000010111000001110001100111101100100100110100010111110110100111101010100001001011010111100000001111101100
00011111101110010010001010000000011010101111000011101001100000010111000001110001100111101100100100110100010111110110100111101010100001001011010111100000010000011000
00011111101110010010001010000000011010101111000011101001100000010111000001110001100111101100100100110100010111110110100111101010100001001011010111100000001000101000
00011111101110010010001010000000011010101111000011101001100000010111000001110001100111101100100100110100010111110110100111101010100001001011010111100001110110100110
00011111101110010010001010000000011010101111000011101001100000010111000001110001100111101100100100110100010111110110100111101010100001001101100010111010111000011000
00011111101110010010001010000000011010101111000011101001100000010111000001110001100111101100100100110100010111110110100111101010100001001010101101000001111011100100
00011111101110010010001010000000011010101111000011101001100000010111000001110001100111101100100100110100010111110110100111101010100000110001110110010001000110010000
00011111101110010010001010000000011010101111000011101001100000010111000001110001100111101100100100110100010111110110100111101010100001001010001000101001010111101100
00011111101110010010001010000000011010101111000011101001100000010111000001110001100111101100100100110100010111110110100111101010100001001011010111100010101100101001
00011111101110010010001010001011110010011111000011101001100000010111000001110001100111101100100100110100010111110110100111101010100001001011010111100000001100000110
