10001001100110111001010010110100100101000010010101000110111110110110010000010000100010110001110110010100010011110111100010010010011110101010000011010001011010100110
10001001100110111001010010110100100101000010010101000110111110110110010000010000100010110001110110010100010011110111100010010010011111110110110101011001001100110110
10001001100110111001010010110100100101000010010101000110111110110110010000010000100010110001110110010100010011110111100010010010011110100011000010001000010011100110
10001001100110111001010010110100100101000010010101000110111110110110010000010000100010110001110110010100010011110111100010010010011110100000111000010101001100110110
10001001100110111001010010110100100101000010010101000110111110110110010000010000100010110001110110010100010011110111100010010010011110100011001001010001011010100110
10001001100110111001010010110100100101000010010101000110111110110110010000010000100010110001110110010100010011110111100010010010011111110100011110101011110110110110
10001001100110111001010010110100100101000010010101000110111110110110010000010000100010110001110110010100010011110111100010010010011111110100011000100001011010100110
10001001100110111001010010110100100101000010010101000110111110110110010000010000100010110001110110010100010011110111100010010010011110101010000010010101001100110110
10001001100110111001010010110100100101000010010101000110111110110110010000010000100010110001110110010100010011110111100010010010011110101010000011100001011010100110
10001001100110111001010010110100100101000010010101000110111110110110010000010000100010110001110110010100010011110111100010010010010101001100110101011001001100110110
10001001100110111001010010110100100101000010010101000110111110110110010000010000100010110001110110010100010011110111100010010010011110100010010101010001011010100110
10001001100110111001010010110100100101000010010101000110111110110110010000010000100010110001110110010100010011110111100010010010011110100011000100001010010110000110
10001001100110111001010010110100100101000010010101000110111110110110010000010000100010110001110110010100010011110111100010010010011110101010000000100110110100000110
10001001100110111001010010110100100101000010010101000110111110110110010000010000100010110001110110010100010011110111100010010010010010111001001001010001011010100110
10001001100110111001010010110100100101000010010101000110111110110110010000010000100010110001110110010100010011110111100010010010011110111001001001010001011010100110
10001001100110111001010010110100100101000010010101000110111110110110010000010000100010110001110110010100010011110111100010010010011110100011000010010101001100110110
10001001100110111001010010110100100101000010010101000110111110110110010000010000100010110001110110010100010011110111100010010010011110100011101001010001011010100110
10001001100110111001010010110100100101000010010101000110111110110110010000010000100010110001110110010100010011110111100010010010011111000110110001011001001100110110
10001001100110111001010010110100100101000010010101000110111110110110010000010000100010110001110110010100010011110111100010010010011110100010010101111101110011100110
10001001100110111001010010110100100101000010010101000110111110110110010000010000100010110001110110010100010011110111100010010010011110100011011100100111000111110110
10001001100110111001010010110100100101000010010101000110111110110110010000010000100010110001110110010100010011110111100010010010011110100011000010001001001100110110
10001001100110111001010010110100100101000010010101000110111110110110010000010000100010110001110110010100010011110111100010010010011110100010010101011001001100110110
10001001100110111001010010110100100101000010010101000110111110110110010000010000100010110001110110010100010011110111100010010010011110101010000000101111010001110110
10001001100110111001010010110100100101000010010101000110111110110110010000010000100010110001110110010100010011110111100010010010011110100011011100011001001100110110
10001001100110111001010010110100100101000010010101000110111110110110010000010000100010110001110110010100010011110111100010010010010111001001001010001011010100110110
10001001100110111001010010110100100101000010010101000110111110110110010000010000100010110001110110010100010011110111100010010010011110100010010101110010000111100110
10001001100110111001010010110100100101000010010101000110111110110110010000010000100010110001110110010100010011110111100010010010011110100010010101111101100100001010
10001001100110111001010010110100100101000010010101000110111110110110010000010000100010110001110110010100010011110111100010010010011110100011000101011000000001110110
10001001100110111001010010110100100101000010010101000110111110110110010000010000100010110001110110010100010011110111100010010010011111110100011000100010011100110110
10001001100110111001010010110100100101000010010101000110111110110110010000010000100010110001110110010100010011110111100010010010011110101010000011010001110110110110
10001001100110111001010010110100100101000010010101000110111110110110010000010000100010110001110110010100010011110111100010010010010100000001100101011001001100110110
10001001100110111001010010110100100101000010010101000110111110110110110010000010000100010110001110110010100010011110111100010010010010111001001001010001011010100110
