10010000010100001011010011000000001001111010100110011000100111011001010100101001111110001001000111000110111010011011100010000001010001001010001001000111010111011010
10100110001011011110110011000000001001111010100110011000100111011001010100101001111110001001000111000110111010011011100010000001010001001010001001000111010111011010
10010000010100001011010011000000001001111010100110011000100111011001010100101001111110001001000111000110111010011011100010000001010001001010001001000111011000001110
10010000010100001011010011000000001001111010100110011000100111011001010100101001111110001001000111000110111010011011100010000001010011011100011101100001100100011110
10010000010100001011010011000000001001111010100110011000100111011001010100101001111110001001000111000110111010011011100010000001010001001011011101100001100100011110
10010000010100001011010011000000001001111010100110011000100111011001010100101001111110001001000111000110111010011011100010000001011100000111001111000111011000001110
10010000010100001011010011000000001001111010100110011000100111011001010100101001111110001001000111000110111010011011100010000001010000000111001111000111011000001110
11101010110101111000101010011000001001111010100110011000100111011001010100101001111110001001000111000110111010011011100010000001010001001010001001000111010111011010
01100111100000001011010011000000001001111010100110011000100111011001010100101001111110001001000111000110111010011011100010000001010001001010001001000111010111011010
10010000010100001011010011000000001001111010100110011000100111011001010100101001111110001001000111000110111010011011100010000001010001001010101101100001100100011110
10010000010100001011010011000000001001111010100110011000100111011001010100101001111110001001000111000110111010011011100010000001010000011001100101001010000001001110
10010000010100001011010011000000001001111010100110011000100111011001010100101001111110001001000111000110111010011011100010000001010000001001101011110001000000101110
00001001000100000010010010011000001001111010100110011000100111011001010100101001111110001001000111000110111010011011100010000001010001001010001001000111010111011010
10010000010100001011010011000000001001111010100110011000100111011001010100101001111110001001000111000110111010011011100010000001010000000110111101100001100100011110
10010000010100001011010011000000001001111010100110011000100111011001010100101001111110001001000111000110111010011011100010000001010000000110111100001110000010111110
00011100111101111011111010101000001001111010100110011000100111011001010100101001111110001001000111000110111010011011100010000001010001001010001001000111010111011010
