01101101001001101000101001100000011011100110000110001010010010001000110000001010011011100011010001100010010111100010100011000110010010000110110011111001001011110101
01101101001001101000101001100000011011100110000110001010010010001000110000001010011011100011010001011001010111100010100011000110010010000110110011111001001011110101
01101101001001101000101001100000011011100110000110001010010010001001000001000111011111011100000001100010010111100010100011000110010010000110110011111001001011110101
01101101001001101000101001100000011011100110000110001010010010001000110000001010011011100011010000111111010001100010100011000110010010000110110011111001001011110101
01101101001001101000101001100000011011100110000110001010010010001001001110011011111110101110110101100010010111100010100011000110010010000110110011111001001011110101
01101101001001101000101001100000011011100110000110001010010010001000110000001010011011100011010001011100010111100010100011000110010010000110110011111001001011110101
01101101001001101000101001100000011011100110000110001010010010001000111000001100101000101001001110100010010111100010100011000110010010000110110011111001001011110101
01101101001001101000101001100000011011100110000110001010010010001000111000001100101000101001000001100010010111100010100011000110010010000110110011111001001011110101
01101101001001101000101001100000011011100110000110001010010010001001100110011111110000111111110101011100010111100010100011000110010010000110110011111001001011110101
01101101001001101000101001100000011011100110000110001010010010001000110000001010011011100011010010001001111101110111001010000110010010000110110011111001001011110101
01101101001001101000101001100000011011100110000110001010010010001000111000011101110000111000101000011010010111100010100011000110010010000110110011111001001011110101
01101101001001101000101001100000011011100110000110001010010010001000110000001010011011100010110001100010010111100010100011000110010010000110110011111001001011110101
01101101001001101000101001100000011011100110000110001010010010001000110000001010011011101011011000011010010111100010100011000110010010000110110011111001001011110101
01101101001001101000101001100000011011100110000110001010010010001000100011000000011010111001100001100010010111100010100011000110010010000110110011111001001011110101
01101101001001101000101001100000011011100110000110001010010010001000111010010101111000100010010000111111010001100010100011000110010010000110110011111001001011110101
01100011011001101000101001100000011011100110000110001010010010001000110000001010011011100011010001100010010111100010100011000110010010000110110011111001001011110101
