00101101011100001101000110100101011011011010001000100001101110101000110011110110000000111010101100111100111000011110101110111001011101110111010101011100011001011010
00101101011100001101000110100101011011011010001000100001101110101000110011110110000000111010101100111100111000011110101110111000110001010111010101011100011001011010
00101101011100001101000110100101011011011010001000100001101110101000110011110110000000111010101100111100111000011110101110111001011001010111010101011100011001011010
00101101011100001101000110100101011011010001000100001101110101000110011110110000000111010101100111100111000011110101110111001011011001010111010101011100011001011010
00101101011100001101000110100101011011011010001000100001101110101000110011110110000000111010101100111100111000011110101110110000110001010111010101011100011001011010
00101101011100001101000110100101011011011010001000100001101110101000110011110110000000111010101100111100111000011110101110111000101111101000111010111100011001011010
00101101011100001101000110100101011011010011001010001000100001101110101000110011110110000000111010101100111100111000011110101110111001010111010101011100011001011010
00101101011100001101000110100101011011011010101010001000100001101110101000110011110110000000111010101100111100111000011110101110111001010111010101011100011001011010
00101101010111101001111110100110010111101010001000100001101110101000110011110110000000111010101100111100111000011110101110111001011101110111010101011100011001011010
00101101010111101001111110100110010111101010001000100001101110101000110011110110000000111010101100111100111000011110101110111000110001010111010101011100011001011010
00101101010111101001111110100110010111101111001010001000100001101110101000110011110110000000111010101100111100111000011110101110111001010111010101011100011001011010
00101101011100001101000110100101011011011010001000100001101110101000110011110110000000111010101100111100111000011110101110111001010001010111010101011100011001011010
00101101011100001101000110100101011011011011011010001000100001101110101000110011110110000000111010101100111100111000011110101110111001010111010101011100011001011010
00101101010111101001111110100110010111101111001100000001000011101110101000110011110110000000111010101100111100111000011110101110111001010111010101011100011001011010
00101101010111101001111110100110010111101010001000100001101110101000110011110110000000111010101100111100111000011110101110111001011001010111010101011100011001011010
00101101010111101001111110100110010111101001001100000001000011101110101000110011110110000000111010101100111100111000011110101110111001010111010101011100011001011010
00101000010100010100000011100010110010101010001000100001101110101000110011110110000000111010101100111100111000011110101110111001011101110111010101011100011001011010
00101000010100010100000011100010110010101010001000100001101110101000110011110110000000111010101100111100111000011110101110111000110001010111010101011100011001011010
00101101010011111101010111000010011000001000110001000100001101110101000110011110110000000111010101100111100111000011110101110111000101110111010101011100011001011010
00101101011100001101000110110111111010110000011110001101110101000110011110110000000111010101100111100111000011110101110111001011011001010111010101011100011001011010
00101101010011111101010111000010011000101010001000100001101110101000110011110110000000111010101100111100111000011110101110111001011101110111010101011100011001011010
00101101010011111101010111000010011000101010001000100001101110101000110011110110000000111010101100111100111000011110101110111000110001010111010101011100011001011010
00101101011100001101000110110111110010011010001000100001101110101000110011110110000000111010101100111100111000011110101110111001011101110111010101011100011001011010
00101101011100001101000110110111110010011010001000100001101110101000110011110110000000111010101100111100111000011110101110111000110001010111010101011100011001011010
00101000010100010100000011100010110011010000011110001101110101000110011110110000000111010101100111100111000011110101110111001011011001010111010101011100011001011010
00101000010100010100000011100010111011000010101010001000100001101110101000110011110110000000111010101100111100111000011110101110111001010111010101011100011001011010
00101101010011111101010111000010011000001000110001000100001101110101000110011110110000000111010101100111100111000011110101110111001010101100110011011100011001011010
00101101010011111101010111000010011000001000110001000100001101110101000110011110110000000111010101100111100111000011110101110111001001110111010101011100011001011010
00101000010100010100000011100010110011010001000100001101110101000110011110110000000111010101100111100111000011110101110111001011011001010111010101011100011001011010
00101000010100010100000011100010110010101010001000100001101110101000110011110110000000111010101100111100111000011110101110111001011001010111010101011100011001011010
00101101010011111101010111000010011000001001010001000100001101110101000110011110110000000111010101100111100111000011110101110111000101110111010101011100011001011010
00101101010011111101010111000010011000001000011110001101110101000110011110110000000111010101100111100111000011110101110111001011011001010111010101011100011001011010
