01010111110101010001010111110000011000111101101000000001100000000010000101111110001101101011010011111100101010100000001010011101111011111001110101011101010100011111
10010111111111010110101001110101111000111101101000000001100000000010000101111110001101101011010011111100101010100000001010011101111011111001110101011101010100011111
11100000111111110011001001110101111000111101101000000001100000000010000101111110001101101011010011111100101010100000001010011101111011111001110101011101010100011111
10010101001000110101001001110101111000111101101000000001100000000010000101111110001101101011010011111100101010100000001010011101111011111001110101011101010100011111
10010101001000110101001001001110111000111101101000000001100000000010000101111110001101101011010011111100101010100000001010011101111011111001110101011101010100011111
10010111110000000010101001110101111000111101101000000001100000000010000101111110001101101011010011111100101010100000001010011101111011111001110101011101010100011111
10010010010000111111001110011101110001000010000010110011100000000010000101111110001101101011010011111100101010100000001010011101111011111001110101011101010100011111
01010111110101010001010111110000011000111101000100000001100000000010000101111110001101101011010011111100101010100000001010011101111011111001110101011101010100011111
11010010001011100011010101110101111000111101101000000001100000000010000101111110001101101011010011111100101010100000001010011101111011111001110101011101010100011111
01101110101100001111010001110101111000111101101000000001100000000010000101111110001101101011010011111100101010100000001010011101111011111001110101011101010100011111
10010111111111011101010111110000011000111101101000000001100000000010000101111110001101101011010011111100101010100000001010011101111011111001110101011101010100011111
01100100110010101011010111001011011000111101101000000001100000000010000101111110001101101011010011111100101010100000001010011101111011111001110101011101010100011111
11110110011111011011100001111110010000001101101000000001100000000010000101111110001101101011010011111100101010100000001010011101111011111001110101011101010100011111
10100011101110010011010010001101100110000011001000000001100000000010000101111110001101101011010011111100101010100000001010011101111011111001110101011101010100011111
10011001010001111010110111001011011000111101101000000001100000000010000101111110001101101011010011111100101010100000001010011101111011111001110101011101010100011111
01110111110101010001010111110000011000111101101000000001100000000010000101111110001101101011010011111100101010100000001010011101111011111001110101011101010100011111
