01000000101001110010110111000011110111110000011000010110101100000101001010010110101101011010011101101100010011111110011101101100111100111110111110010101010110010011
01000000101001110010110111000011110111110000011000010100101100000101001010010110101101011010011101101100010011111110011101101100111100111110111110010101010110010011
01000000101001110010110111000011110111110000011000010111100101000101001010010110101101011010011101101100010011111110011101101100111100111110111110010101010110010011
01000000101001110010110111000011110111110000011000010111100110000101001010010110101101011010011101101100010011111110011101101100111100111110111110010101010110010011
01000000101001110010110111000011110111110000011000010110110000011011001010010110101101011010011101101100010011111110011101101100111100111110111110010101010110010011
01000000101001110010110111000011110111110000011000010110011010111011001010010110101101011010011101101100010011111110011101101100111100111110111110010101010110010011
01000000101001110010110111000011110111110000011000010110010001000110001100010110101101011010011101101100010011111110011101101100111100111110111110010101010110010011
01000000101001110010110111000011110111110000011000010111111100000101001010010110101101011010011101101100010011111110011101101100111100111110111110010101010110010011
01000000101001110010110111000011110111110000011000010110100100011011001010010110101101011010011101101100010011111110011101101100111100111110111110010101010110010011
01000000101001110010110111000011110111110000011000010111001001000101001010010110101101011010011101101100010011111110011101101100111100111110111110010101010110010011
01000000101001110010110111000011110111110000011000010111101000000101001010010110101101011010011101101100010011111110011101101100111100111110111110010101010110010011
01000000101001110010110111000011110111110000011000010111110010000101001010010110101101011010011101101100010011111110011101101100111100111110111110010101010110010011
01000000101001110010110111000011110111110000011000010111110001000011001010010110101101011010011101101100010011111110011101101100111100111110111110010101010110010011
01000000101001110010110111000011110111110000011000010111110010001011001010010110101101011010011101101100010011111110011101101100111100111110111110010101010110010011
01000000101001110010110111000011110111110000011000010110010100111110100010100110101101011010011101101100010011111110011101101100111100111110111110010101010110010011
01000000101001110010110111000011110111110000011000010110101011010010100001110010101101011010011101101100010011111110011101101100111100111110111110010101010110010011
