01010111000001010010110010001001111110110110010010111100001011010000000100000111110001001001110010101110100110101111111101100010000100100010010110010111110100100101
01010111000001010011101101010110101110110010010111100001011010000000100000111110000111010100100011100110100110101111111101100010000100100010010110010111110100100101
01010101001110011110001101101010110101110110010010111100001011010000000100000111110001001001110010101110100110101111111101100010000100100010010110010111110100100101
01010111000001010011101101010110101110110010010111100001011010000000100000111110001001001110010100100000000101010001010011001010000100100010010110010111110100100101
00010100010100010100100110001111100010110110010010111100001011010000000100000111110001001001110010101110100110101111111101100010000100100010010110010111110100100101
01010111001000111101011101101010110101110110010010111100001011010000000100000111110001001001110010101110100110101111111101100010000100100010010110010111110100100101
00110011110000001001011101101010110101110110010010111100001011010000000100000111110001001001110010101110100110101111111101100010000100100010010110010111110100100101
00010100010100001001011101101010110101110110010010111100001011010000000100000111110001001001110010101110100110101111111101100010000100100010010110010111110100100101
01101110110110001001011101101010110101110110010010111100001011010000000100000111110001001001110010101110100110101111111101100010000100100010010110010111110100100101
01010111000001010010110001101010110101110110010010111100001011010000000100000111110001001001110010101110100110101111111101100010000100100010010110010111110100100101
01010111000000100111101010101011110100010110010010111100001011010000000100000111110001001001110010101110100110101111111101100010000100100010010110010111110100100101
01010111000001010011101101010110101110110010010111100001011010000000100000111110001001001110010100101110100110101111111101100010000100100010010110010111110100100101
01010111000000101001011101101010110101110110010010111100001011010000000100000111110001001001110010101110100110101111111101100010000100100010010110010111110100100101
01010111000001010010110010001001111110110110010010111100001011010000000100000111100011110110111001001110100110101111111101100010000100100010010110010111110100100101
00010100011011000001101101010110101110110010010111100001011010000000100000111110000111010100100011100110100110101111111101100010000100100010010110010111110100100101
00010100010111000000111101101010110101110110010010111100001011010000000100000111110001001001110010101110100110101111111101100010000100100010010110010111110100100101
