11101110101010000001110101100010101000011011010111101100100010000001011111101110010111000011101111110001100011100010010101111000011111100111110000011101011010110000
11101110101010000001110101100010101000011011010111101100100010000000100101001100010111000011101111110001100011100010010101111000011111100111110000011101011010110000
11101110101010000001110101100010101000011011010111101100100000011000001111101110010111000011101111110001100011100010010101111000011111100111110000011101011010110000
11101110101010000001110101100010101000011011010111101100100010001010110111011110010111000011101111110001100011100010010101111000011111100111110000011101011010110000
11101110101010000001110101100010101000011011010111101100100010000001011111101100001110010011101111110001100011100010010101111000011111100111110000011101011010110000
11101110101010000001110101100010101000011011010111101100100101001110011111101110010111000011101111110001100011100010010101111000011111100111110000011101011010110000
11101110101010000001110101100010101000011011010111101100100111010111001111101110010111000011101111110001100011100010010101111000011111100111110000011101011010110000
11101110101010000001110101100010101000011011010111101100100010000001011111100110001111000011101111110001100011100010010101111000011111100111110000011101011010110000
11101110101010000001110101100010101000011011010111101100100010000001011111101110010100001101011111110001100011100010010101111000011111100111110000011101011010110000
11101110101010000001110101100010101000011011010111101100100010000001011111111101011101000011101111110001100011100010010101111000011111100111110000011101011010110000
11101110101010000001110101100010101000011011010111101100100010000001011111101110011000100011101111110001100011100010010101111000011111100111110000011101011010110000
11101110101010000001110101100010101000011011010111101100100010000001011111101110010111000011101111110001100011100010010101111000011110100111110000011101011010110000
11101110101010000001110101100010101000011011010111101100100010000001011111101110010111000011101111110001100010011000110101111000011111100111110000011101011010110000
11101110101010000001110101100010111011010001010111101100100010000001011111101110010111000011101111110001100011100010010101111000011111100111110000011101011010110000
11101110101010000001110101100010101000011011010111101100100010000001011111101110010111000011101111110001100011100010010101111000011111100111110000010010001110110000
11101110101010000001110101100010101000011011010111101100100010000001011111111010010010001000000111000001100011100010010101111000011111100111110000011101011010110000
