10011110001110000010100101011100100100101010110110110100100111111101100110101011001100001001010101101000110100010001000001101110000000011011011111111001110000101111
11011011110001110000010100101011100100100101010110110110100100111111101100110101011001100001001010101101000110100010001000001101110000000011011010111001110000101111
10011110001110000010100101011100100100101010110110110100100111111101100110101011001100001001010101101000110100010001000001101110000000011011011111111010010110101110
11011011110001110000010100101011100100100101010110110110100100111111101100110101011001100001001010101101000110100010001000001101110000000011011010111001101101100111
11111010001110000010100101011100100100101010110110110100100111111101100110101011001100001001010101101000110100010001000001101110000000011011011111111001110000101111
10011110001110000010100101011100100100101010110110110100100111111101100110101011001100001001010101101000110100010001000001101110000000011011011111111110000101011011
10011110001110000010100101011100100100101010110110110100100110011101100110101011001100001001010101101000110100010001000001101110000000011011011111111001110000101111
11011011110001110000010100101011100100100101010110110110100100111111101100110101011001100001001010101101000110100010001000001101110000000011011010111001101101100110
10011110001110000010100101011100100100101010110110110100100111111101100110101011001100001001010101101000110100010001000001101110000000011011011111111011011111101110
10011110001110000010100101011100100100101010110110110100100111111101100110101011001100001001010101101000110100010001000001101110000000011011010111111001110000101111
10011110001110000010100101011100100100101010110110110100100111111101100110101011001100001001010101101000110100010001000001101110000000011011010111000111011111101110
11011011110001110000010100101011100100100101010110110110100100111111101100110101011001100001001010101101000110100010001000001101110000000011011011111111011010111110
10011110001110000010100101011110100100101010110110110100100111111101100110101011001100001001010101101000110100010001000001101110000000011011011111111001110000101111
10011110001110000010100101011100100100101010110110110100100111111101100110101011001100001001010101101000110100010001000001101110000000011011010111001101100001111000
11011011110001110000010100101011110100101010110110110100100111111101100110101011001100001001010101101000110100010001000001101110000000011011011111111001110000101111
10011110001110001100100101011100100100101010110110110100100111111101100110101011001100001001010101101000110100010001000001101110000000011011011111111001110000101111
10011110001110000010100101011100100100101010110110110100100111111101100110101011001100001001010101101000110100010001000001101110000000011011010111001001110111101110
10011110001110000010100101011100100100101010110110110100100111111101100110101011001100001001010101101000110100010001000001101110000000011011011111111110000111001111
11011011110001110000010100101011100100100101010110110110100100111111101100110101011001100001001010101101000110100010001000001101110000000011011011111111010010101110
10011110001110000010100101011100100100101010110110110100100111111101100110101011001100001001010101101000110100010001000001101110000000011011011101001100010010110110
10011110001110000010100101011100100100101010110110110100100111111101100110101011001100001001010101101101000100010001000001101110000000011011011111111001110000101111
10011110001110000010100101011100100100101010110110110100100111111101100110101011001100001001010101101000110100010001000001101110000000011011010111001010011001001000
10011110001110000010100100011100100100101010110110110100100111111101100110101011001100001001010101101000110100010001000001101110000000011011011111111001110000101111
10011110001110000010100101011100100100101010110110110100100111111101100110101011001100001001010101101000110100010001000001101110000000011011011111111011011111110010
11011011110001110000010100101011100100100101010110110110100100111111101100110101011001100001001010101101000110100010001000001101110000000011011011111111011011111110
10011110001110000010100101011100100100101010110110110100100111111101100110101011001100001000011111010001000100010001000001101110000000011011011111111001110000101111
01100100001110000010100101011100100100101010110110110100100111111101100110101011001100001001010101101000110100010001000001101110000000011011011111111001110000101111
11011011110001110000010100101011100100100101010110110110100100111111101100110101011001100001001010101101000110100010001000001101110000000011011010111000111010111110
10011110001110000010100101011100100100101010110110110100100111111101100110101011001100001001010101101000110100010001000001101110000000011011010111010110110000101111
10011110001110000010100101011100100100101010110110110100100111111101100110101011001100001001010101101000110100010001000001101110000000011011011111111011011110100111
11011011110001110000010100101011100100100101010110111101100111111101100110101011001100001001010101101000110100010001000001101110000000011011011111111001110000101111
11011011110001110000010100101011100100100101010110110110100100111111101100110101011001100001001010101101000110100010001000001101110000000011011011110010011111101110
