10110000010101100101100100011101110100101001011111011111000001001000011100010010001101001000011100001101100010010111000101110100100001110101001000001000000111101000
11000111101011001101100100011101110100101001011111011111000001001000011100010010001101001000011100001101100010010111000101110100100001110101001000001000000111101000
10000010101100101100100011101110100101001011111011111000001001000011100010010000001101001000011100001101100010010111000101110100100001110101001000001000000111101000
10010111000101010010010100011101110100101001011111011111000001001000011100010010001101001000011100001101100010010111000101110100100001110101001000001000000111101000
11110000010101100101100100011101110100101001011111011111000001001000011100010010001101001000011100001101100010010111000101110100100001110101001000001000000111101000
11010000010101100101100100011101110100101001011111011111000001001000011100010010001101001000011100001101100010010111000101110100100001110101001000001000000111101000
10001010100101100101100100011101110100101001011111011111000001001000011100010010001101001000011100001101100010010111000101110100100001110101001000001000000111101000
11000101100101100100011101110100101001011111011111000001001000011100010010010000001101001000011100001101100010010111000101110100100001110101001000001000000111101000
10000010101100101100100011101110100101001011111011111000001001000011100010010001101001000011100001101100010010111000101110100100001110101001001000001000000111101000
11111110110000001110100010101001110100101001011111011111000001001000011100010010001101001000011100001101100010010111000101110100100001110101001000001000000111101000
11110110100101100101100100011101110100101001011111011111000001001000011100010010001101001000011100001101100010010111000101110100100001110101001000001000000111101000
11000101100101100100011101110100101001011111011111000001001000011100010010001101001101111000011100001101100010010111000101110100100001110101001000001000000111101000
00100011110000001110100010101001110100101001011111011111000001001000011100010010001101001000011100001101100010010111000101110100100001110101001000001000000111101000
11000101101011001101100100011101110100101001011111011111000001001000011100010010001101001000011100001101100010010111000101110100100001110101001000001000000111101000
10101100101100100011101110100101001011111011111000001001000011100010010001101000001101001000011100001101100010010111000101110100100001110101001000001000000111101000
10000010101100101100100011101110100101001011111011111000001001000011100010010000100100000000011100001101100010010111000101110100100001110101001000001000000111101000
10000111011001101100100011101110100101001011111011111000001001000011100010010000001101001000011100001101100010010111000101110100100001110101001000001000000111101000
10111001110111101111100100011101110100101001011111011111000001001000011100010010001101001000011100001101100010010111000101110100100001110101001000001000000111101000
00100000010101100101100100011101110100101001011111011111000001001000011100010010001101001000011100001101100010010111000101110100100001110101001000001000000111101000
11000000010101100101100100011101110100101001011111011111000001001000011100010010001101001000011100001101100010010111000101110100100001110101001000001000000111101000
10000010101100101100100011101110100101001011111011111000001001000011100010010010001101001000011100001101100010010111000101110100100001110101001000001000000111101000
10000010101100101100100011101110100101001011111011111000001001000011100010010001100101110010011100001101100010010111000101110100100001110101001000001000000111101000
10010000010101100101100100011101110100101001011111011111000001001000011100010010001101001000011100001101100010010111000101110100100001110101001000001000000111101000
10101110111100100011101110100101001011111011111000001001000011100010010001101000001101001000011100001101100010010111000101110100100001110101001000001000000111101000
10000110000101100101100100011101110100101001011111011111000001001000011100010010001101001000011100001101100010010111000101110100100001110101001000001000000111101000
10110100101100101100100011101110100101001011111011111000001001000011100010010000001101001000011100001101100010010111000101110100100001110101001000001000000111101000
10000100101011001101100100011101110100101001011111011111000001001000011100010010001101001000011100001101100010010111000101110100100001110101001000001000000111101000
01010000010101100101100100011101110100101001011111011111000001001000011100010010001101001000011100001101100010010111000101110100100001110101001000001000000111101000
10110100010101100101100100011101110100101001011111011111000001001000011100010010001101001000011100001101100010010111000101110100100001110101001000001000000111101000
00100101010010110101100100011101110100101001011111011111000001001000011100010010001101001000011100001101100010010111000101110100100001110101001000001000000111101000
01010001111110110010001000001000010010000111011111011111000001001000011100010010001101001000011100001101100010010111000101110100100001110101001000001000000111101000
01010001111110110010001000001000010010001001011111011111000001001000011100010010001101001000011100001101100010010111000101110100100001110101001000001000000111101000
