11010111010101101111000101011101100111011101001101111001011111111100111001001001010101010001000100101000101010110000000100100010010001011101111100100011001000011101
11010111010101101111000101011101100111011101001101111001011111111100111111001001001010101010001000100101000101010110000000100100010010001011101111101101001000011101
11010111010101101111000101011101100111011101001101111001011111111100111001001001010101010001000100101000101010110000000100100010010001011101111101100001110000011101
11010111010101101111000101011101100111011101001101111001011111111100111001001001010101010001000100101000101010110000000100100010010001000001011001101101001000011101
11010111010101101111000101011101100111011101001101111001011111111100111111001001001010101010001000100101000101010110000000100100010010001011101111010111110000011101
11010111010101101111000101011101100111011101001101111001011111111101000100111001001001010101010001000100101000101010110000000100100010010001000011100101011110001101
11010111010101101111000101011101100111011101001101111001011111111101000100111001001001010101010001000100101000101010110000000100100010010001011101110100000000011101
11010111010101101111000101011101100111011101001101111001011111111100111001001001010101010001000100101000101010110000000100100010010001011101111100100011000010000000
01100011010111010101101111000101011101100111011101001101111001011111111100111001001001010101010001000100101000101010110000000100100010010001000011100101011110001101
01100011010111010101101111000101011101100111011101001101111001011111111100111001001001010101010001000100101000101010110000000100100010010001011101110100000000011101
11001010001010101101111000101011101100111011101001101111001011111111100111001001001010101010001000100101000101010110000000100100010010001011101111101101001000011101
11010111010101101111000101011101100111011101001101111001011111111101000100111001001001010101010001000100101000101010110000000100100010010001000011101011110000011101
11001010001010101111000101011101100111011101001101111001011111111100111001001001010101010001000100101000101010110000000100100010010001011101111100100011001000011101
11010111010101101111000101011101100111011101001101111001011111111100111001001001010101010001000100101000101010110000000100100010010001011101111100100011001010011101
11010111010101101111000101011101100111011101001101111001011111111101000100111001001001010101010001000100101000101010110000000100100010010001001011100001001000011101
11010111010101101111000101011101100111011101001101111001011111111100111001001001010101010001000100101000101010110000000100100010010001011101111100100010010101011101
11010111010101101111000101011101100111011101001101111001011111111100111001001001010101010001000100101000101010110000000100100010011110110011100100010011001000011101
01100011010111010101101111000101011101100111011101001101111001011111111100111001001001010101010001000100101000101010110000000100100010010001000011101011110000011101
01100011010111010101101111000101011101100111011101001101111001011111111100111001001001010101010001000100101000101010110000000100100010010001001011100001001000011101
11010111010101101111000101011101100111011101001101111001011111111101000100111001001001010101010001000100101000101010110000000100100010010001001011101000011010000000
11010111010101101111000101011101100111011101001101111001011111111100111001001001010101010001000100101000101010110000000100100010110100101101101101111011110000011101
11010111010101101111000101011101100111011101001101111001011111111100111001001001010101010001000100101000101010110000000101111011000001100000010100100000100000011101
11010111010101101111000101011101100111011101001101111001011111111101000100111001001001010101010001000100101000101010110000000100100010010001000001011001100110011101
11001010001010101101111000101011101100111011101001101111001011111111100111001001001010101010001000100101000101010110000000100100010010001011101111010111110000011101
01100011010111010101101111000101011101100111011101001101111001011111111100111001001001010101010001000100101000101010110000000100100010010001001011101000011010000000
01100011010110011001111100110010011101100111011101001101111001011111111100111001001001010101010001000100101000101010110000000100100010010001000011100101011110001101
01100011010110011001111100110010011101100111011101001101111001011111111100111001001001010101010001000100101000101010110000000100100010010001011101110100000000011101
01100011010111010101101111000101011101100111011101001101111001011111111100111001001001010101010001000100101000101010110000000100100010010001000001011001100110011101
11010100111001100000100111111000010001001110111011101001101111001011111111100111001001001010101010001000100101000101010110000000100100010010001000011111001010011101
11010100111001100000100111111000010001001110111011101001101111001011111111100111001001001010101010001000100101000101010110000000100100010010001000011111110000011101
11001010001010101111000101011101100111011101001101111001011111111100111111001001001010101010001000100101000101010110000000100100010010001011101111101101001000011101
11010100111001100000100111111000010001001110111011101001101111001011111111100111001001001010101010001000100101000101010110000000100100010010001000011100100000011101
