01010010000001000011001000100010000100011100001101101011000000100110010010111100011010111000001101001111100010110011001000000010100111110000110100100000110111011110
01010010000001000011001000100010000100011100001100100011000000100110010010111100011010111000001101001111100010110011001000000010100111110000110100100000110111011110
01010010000001000011001000100010011001000000001101101011000000100110010010111100011010111000001101001111100010110011001000000010100111110000110100100000110111011110
01010010000001000011110111101001100000110110001011101011000000100110010010111100011010111000001101001111100010110011001000000010100111110000110100100000110111011110
01010010000001000011101100110110101110101100110101100011000000100110010010111100011010111000001101001111100010110011001000000010100111110000110100100000110111011110
01010010000001000011001001000111010000000101001010001011000000100110010010111100011010111000001101001111100010110011001000000010100111110000110100100000110111011110
01010010000001000011010010011010101011110001001001101011000000100110010010111100011010111000001101001111100010110011001000000010100111110000110100100000110111011110
01010010000001000011101100110110101110101100110101101011000000100110010010111100011010111000001101001111100010110011001000000010100111110000110100100000110111011110
01010010000001000011101101000100000011001010110101100011000000100110010010111100011010111000001101001111100010110011001000000010100111110000110100100000110111011110
01010010000001000010001010000001110100111001111101101011000000100110010010111100011010111000001101001111100010110011001000000010100111110000110100100000110111011110
01010010000001000011101100110111010000000101001010001011000000100110010010111100011010111000001101001111100010110011001000000010100111110000110100100000110111011110
01010010000001001011100001111011101001000000001101101011000000100110010010111100011010111000001101001111100010110011001000000010100111110000110100100000110111011110
01010010000001000011101100110111100000110110001011101011000000100110010010111100011010111000001101001111100010110011001000000010100111110000110100100000110111011110
01010010000001000011001001000110010010110110001011101011000000100110010010111100011010111000001101001111100010110011001000000010100111110000110100100000110111011110
01010010000001000011001100110001100000110110001011101011000000100110010010111100011010111000001101001111100010110011001000000010100111110000110100100000110111011110
01010010000001000011010010001001100000110110001011101011000000100110010010111100011010111000001101001111100010110011001000000010100111110000110100100000110111011110
01010010000001000011001000100010000100011100001100100010010110110110010010111100011010111000001101001111100010110011001000000010100111110000110100100000110111011110
01010010000001000011001000100010000100011100001101100011000000100110010010111100011010111000001101001111100010110011001000000010100111110000110100100000110111011110
01010010000001101111011110110001100000110110001011101011000000100110010010111100011010111000001101001111100010110011001000000010100111110000110100100000110111011110
01010010000001000011010010010111101100011110101001101011000000100110010010111100011010111000001101001111100010110011001000000010100111110000110100100000110111011110
01010010000001000011001001000110010010110111011101101011000000100110010010111100011010111000001101001111100010110011001000000010100111110000110100100000110111011110
01010010000001000011010010000001110100111001111101101011000000100110010010111100011010111000001101001111100010110011001000000010100111110000110100100000110111011110
01010010000001000011001001000111100000110110001011101011000000100110010010111100011010111000001101001111100010110011001000000010100111110000110100100000110111011110
01010010000001101111011011111011101001000000001101101011000000100110010010111100011010111000001101001111100010110011001000000010100111110000110100100000110111011110
01010010000001011110001100000001100000110110001011101011000000100110010010111100011010111000001101001111100010110011001000000010100111110000110100100000110111011110
01010010011000101111011110110001100000110110001011101011000000100110010010111100011010111000001101001111100010110011001000000010100111110000110100100000110111011110
01010010100110000000101001100001100000110110001011101011000000100110010010111100011010111000001101001111100010110011001000000010100111110000110100100000110111011110
01010010000011110010000000111001100000110110001011101011000000100110010010111100011010111000001101001111100010110011001000000010100111110000110100100000110111011110
01011100111100011011010000111001100000110110001011101011000000100110010010111100011010111000001101001111100010110011001000000010100111110000110100100000110111011110
01010010000001101111011010000001110100111001111101101011000000100110010010111100011010111000001101001111100010110011001000000010100111110000110100100000110111011110
01010010000001000011001000100001100000110110001011101011000000100110010010111100011010111000001101001111100010110011001000000010100111110000110100100000110111011110
01010010000001000011010011111110010000000101001010001011000000100110010010111100011010111000001101001111100010110011001000000010100111110000110100100000110111011110
