00111100011011001011001100111011001001010110000010011111001110111010111010010100000010100001110110001110010001000110011010000000111011111100110111010001111000001001
00011100011011001011001100111011001001010110000010011111001110111010111010010100000010100001110110001110010001000110011010000000111011111100110111010001111000001001
10111100011011001011001100111011001001010110000010011111001110111010111010010100000010100001110110001110010001000110011010000000111011111100110111010001111000001001
00110100011011001011001100111011001001010110000010011111001110111010111010010100000010100001110110001110010001000110011010000000111011111100110111010001111000001001
00011011101011001011001100111011001001010110000010011111001110111010111010010100000010100001110110001110010001000110011010000000111011111100110111010001111000001001
10111000111011001011001100111011001001010110000010011111001110111010111010010100000010100001110110001110010001000110011010000000111011111100110111010001111000001001
01000001101011001011001100111011001001010110000010011111001110111010111010010100000010100001110110001110010001000110011010000000111011111100110111010001111000001001
00010100101000001011001100111011001001010110000010011111001110111010111010010100000010100001110110001110010001000110011010000000111011111100110111010001111000001001
01111100011011001011001100111011001001010110000010011111001110111010111010010100000010100001110110001110010001000110011010000000111011111100110111010001111000001001
00011111011011001011001100111011001001010110000010011111001110111010111010010100000010100001110110001110010001000110011010000000111011111100110111010001111000001001
01011100011011001011001100111011001001010110000010011111001110111010111010010100000010100001110110001110010001000110011010000000111011111100110111010001111000001001
01001100011011001011001100111011001001010110000010011111001110111010111010010100000010100001110110001110010001000110011010000000111011111100110111010001111000001001
01000111100011011001011001100111011001001010110000010011111001110111010111010010100000010100001110110001110010001000110011010000000111011111100110111010001111011101
10110100011011001011001100111011001001010110000010011111001110111010111010010100000010100001110110001110010001000110011010000000111011111100110111010001111000001001
00010110111011001011001100111011001001010110000010011111001110111010111010010100000010100001110110001110010001000110011010000000111011111100110111010001111000001001
00010111100011011001011001100111011001001010110000010011111001110111010111010010100000010100001110110001110010001000110011010000000111011111100110111010001111011101
00001010010010001011001100111011001001010110000010011111001110111010111010010100000010100001110110001110010001000110011010000000111011111100110111010001111000001001
01000111100011011001011001100111011001001010110000010011111001110111010111010010100000010100001110110001110010001000110011010000000111011111100110111010001111001001
00001000111100011011001011001100111011001001010110000010011111001110111010111010010100000010100001110110001110010001000110011010000000111011111100110111011110011011
00010111100011011001011001100111011001001010110000010011111001110111010111010010100000010100001110110001110010001000110011010000000111011111100110111010001111001001
01000111100011011001011001100111011001001010110000010011111001110111010111010010100000010100001110110001110010001000110011010000000111011111100110111010001111011011
00001000111100011011001011001100111011001001010110000010011111001110111010111010010100000010100001110110001110010001000110011010000000111011111100110111010010100111
01001011001011001011001100111011001001010110000010011111001110111010111010010100000010100001110110001110010001000110011010000000111011111100110111010001111000001001
10100111100011011001011001100111011001001010110000010011111001110111010111010010100000010100001110110001110010001000110011010000000111011111100110111010001111011101
00010111100011011001011001100111011001001010110000010011111001110111010111010010100000010100001110110001110010001000110011010000000111011111100110111010001111011011
01000111100011011001011001100111011001001010110000010011111001110111010111010010100000010100001110110001110010001000110011010000000111011111100111010001111000001001
10111001101011001011001100111011001001010110000010011111001110111010111010010100000010100001110110001110010001000110011010000000111011111100110111010001111000001001
01000111100011011001011001100111011001001010110000010011111001110111010111010010100000010100001110110001110010001000110011010000000111011111100110111010110001100111
01100001101011001011001100111011001001010110000010011111001110111010111010010100000010100001110110001110010001000110011010000000111011111100110111010001111000001001
00011011101011001111001011001100111011001001010110000010011111001110111010111010010100000010100001110110001110010001000110011010000000111011111100110111011110011011
00010100111100011011001011001100111011001001010110000010011111001110111010111010010100000010100001110110001110010001000110011010000000111011111100110111011110011011
00010111100011011001011001100111011001001010110000010011111001110111010111010010100000010100001110110001110010001000110011010000000111011111100110111010110001100111
