00010110101001001111011001110110011011011000001110001101001001011001110100111010001001000111100010000111101011001010101100001111000011010110100001011000000011001111
00010110101001001111011001110110011011011000001110001101001001011001110100111010001001000111100010000110011110110010000011011101000011010110100001011000000011001111
00010110101001001111011001110110011011011000001110001101001001011001110100111010001001000111100011000000111000001000011001000111000011010110100001011000000011001111
00010110101001001111011001110110011011011000001110001101001001011001110100111010001001000111100011000000110111110001011001000111000011010110100001011000000011001111
00010110101001001111011001110110011011011000001110001101001001011001110100111010001001000111101110010011110010000001011001000111000011010110100001011000000011001111
00010110101001001111011001110110011011011000001110001101001001011001110100111010001001000111100011000000110110000011111000001111000011010110100001011000000011001111
00010110101001001111011001110110011011011000000001001101001001011001110100111010001001000111100010000111101011001010101100001111000011010110100001011000000011001111
00010110101001001111011001110110011011011000000110010111111110000000100111111001000001111100010011001101000100100110011011000111000011010110100001011000000011001111
00010110101001001111011001110110011011011000001110001101001001011001110100111010001001000111100011000000111100100010010110101011000011010110100001011000000011001111
00010110101001001111011001110110011011011000001110001101001001011001110100111010001001000111100011000000100010011100110110101011000011010110100001011000000011001111
00010110101001001111011001110110011011011000001110001101001001011001110100111010001001000111101110010011110000001100100011011101000011010110100001011000000011001111
00010110101001001111011001110110011011011000001001010100110001101000000101011100101011001000011101111011101110110010000011011101000011010110100001011000000011001111
00010110101001001111011001110110011011011000000001001101001001011001110100111010001001000111100010000110011110110010000011011101000011010110100001011000000011001111
00010110101001001111011001110110011011011000001110001101001001011001110100111010001001000111100011000000111011110111011001010100111011010110100001011000000011001111
00010110101001001111011001110110011011011000001110001101001001011001110100111010001001000111100011000000111111100110111110001101000011010110100001011000000011001111
00010110101001001111011001110110011011011000001110001101001001011001110100111010001001000111100011000000110100011010101000001100001110100111100010011011110100111011
