10100000111110111011101111101001100100100111000100100110110100001001101011101100100011011010101001110001001101100100000010001111010111101110100101011000010100101100
10100000111110111011101111101001111100001000011000110101001100001001101011101100100011011010101001110001001101100100000010001111010111101110100101011000010100101100
10100000111110100011111101010110010100111100000010100001001100001001101011101100100011011010101001110001001101100100000010001111010111101110100101011000010100101100
10100000111110111011101111101001100101010010000010000101001100001001101011101100100011011010101001110001001101100100000010001111010111101110100101011000010100101100
10100000111110111011101111101001100100101111000111000010101100001001101011101100100011011010101001110001001101100100000010001111010111101110100101011000010100101100
10100000111110111011101111101001100100101001110101001111101100001001101011101100100011011010101001110001001101100100000010001111010111101110100101011000010100101100
10100000111110111011101111101001100100100111010000000110101100001001101011101100100011011010101001110001001101100100000010001111010111101110100101011000010100101100
10100000111110111011101111101001100100100000110110000000011100001001101011101100100011011010101001110001001101100100000010001111010111101110100101011000010100101100
10100000111001011011111111101010110010100111100000010100001001100001001101011101100100011011010101001110001001101100100000010001111010111101110100101011000010101100
10100000111110111011101111101001111100010100110001001110111001100001001101011101100100011011010101001110001001101100100000010001111010111101110100101011000010101100
10100000111110111011101111101001101100001111100000000110101100001001101011101100100011011010101001110001001101100100000010001111010111101110100101011000010100101100
10100000111001011011111111101100001100110000111001011001100110000101100001001101011101100100011011010101001110001001101100100000010001111010111101110100101011000010
10100000111110101110110000000111110000111001011001100110000101100001001101011101100100011011010101001110001001101100100000010001111010111101110100101011000010101100
10100000111110111011101111101001100100100000100101100101001100001001101011101100100011011010101001110001001101100100000010001111010111101110100101011000010100101100
10100000111110101110000011001011011000110000111001011001100110000101100001001101011101100100011011010101001110001001101100100000010001111010111101110100101011000010
01000010001100101100001010110001101000111100000010100001001100001001101011101100100011011010101001110001001101100100000010001111010111101110100101011000010100101100
10100000111110111011101111101001100101011011001100110000101100001001101011101100100011011010101001110001001101100100000010001111010111101110100101011000010100101100
10100000111110111011101111101001111100010100111011100000101100001001101011101100100011011010101001110001001101100100000010001111010111101110100101011000010100101100
10100011101001010100110100110010101001100000111001011001100110000101100001001101011101100100011011010101001110001001101100100000010001111010111101110100101011000010
10100000111110111011101111101001100100100111010001010000011100001001101011101100100011011010101001110001001101100100000010001111010111101110100101011000010100101100
10100000111110100011111101010110010100111101110101110101001100001001101011101100100011011010101001110001001101100100000010001111010111101110100101011000010100101100
10100000111110111011101111101001100101010001111100011011001100001001101011101100100011011010101001110001001101100100000010001111010111101110100101011000010100101100
10100000111001011011111111101100001100111111011010110101101001111101100001001101011101100100011011010101001110001001101100100000010001111010111101110100101011000010
01000010001100101100001010110000010001101101110101001111101100001001101011101100100011011010101001110001001101100100000010001111010111101110100101011000010100101100
10100000111110101110000011001011011000110011101011111101100110000101100001001101011101100100011011010101001110001001101100100000010001111010111101110100101011000010
10100000111001011011111110101000000010001010111001011001100110000101100001001101011101100100011011010101001110001001101100100000010001111010111101110100101011000010
10100000111001011011111111101100001000100110011100001001001001100001001101011101100100011011010101001110001001101100100000010001111010111101110100101011000010101100
10100111001011011111111101010110010100111100000010100001001100001001101011101100100011011010101001110001001101100100000010001111010111101110100101011000010100101100
10100000111110100011111101010110010111111010011110111100101100001001101011101100100011011010101001110001001101100100000010001111010111101110100101011000010100101100
10100011101001010100110100110010101001100000111110101001111101100001001101011101100100011011010101001110001001101100100000010001111010111101110100101011000010101100
10100111001011011111111101100000111011101001011001100110000101100001001101011101100100011011010101001110001001101100100000010001111010111101110100101011000010101100
10100000111001011011111111101010110010100111100000010101100000100100100001001101011101100100011011010101001110001001101100100000010001111010111101110100101011000010
