10111100001001100111100001101011000101011001110010011000111001100111111101100111011000010111110111110010100001010010100011100011111100011100100110100001100000101110
11110011010101000010010111111101011110001010110010000111100011101010111111100100001101100111011100100111011011110010100011100011111100011100100110100001100000101110
10111111100011110011111101011001100110110001000001111010011111111101100000000011010011011001111101110010100001010010100011100011111100011100100110100001100000101110
11110011010101000010010111111101011110001010110010000111100010100010111111100100001101100111011100100111011011110010100011100011111100011100100110100001100000101110
11110011010101000010010111111101011110001010110010000111101000100010111111100100001101100111011100100111011011110010100011100011111100011100100110100001100000101110
11110011010101000010010111111101011110001010100110000101111001100111111101100111011000010111110111110010100001010010100011100011111100011100100110100001100000101110
11110011010101000010010111111101011110001010100110000101110001100111111101100111011000010111110111110010100001010010100011100011111100011100100110100001100000101110
11110011010101000010010111111101011110001010110010001110100001100111111101100111011000010111110111110010100001010010100011100011111100011100100110100001100000101110
11110011010101000010010111111101011110001010111001010111101000100010111111100100001101100111011100100111011011110010100011100011111100011100100110100001100000101110
10111111100011110011111101011001100110110001000001111010010111010001110101001000111110011001111101110010100001010010100011100011111100011100100110100001100000101110
11010100101100111100001101011000101011001110010011000011000001100111111101100111011000010111110111110010100001010010100011100011111100011100100110100001100000101110
11110011010101000010010111111101011110001010110010000111100011101010111111100100001101100111011100100111101011110010100011100011111100011100100110100001100000101110
11110011010101000010010111111101011110001010110010000111100011101010111111100100001101100111011100101110011001001100100011100011111100011100100110100001100000101110
11110011010101000010010111111101011110001010110010000111100011101010111111100100001101100111011100100110101000001010100011100011111100011100100110100001100000101110
10111111100011110011111101011001100110110011010011000101011010110101010111111100100001101100111011100100111101001001100011100011111100011100100110100001100000101110
11110011010101000010010111111101011110001010110010000111100010100010111111100100001101100111011100101110011001001100100011100011111100011100100110100001100000101110
11110011010101000010010111111101011110001010110010000111101000100010111111100100001101100111011100101110011001001100100011100011111100011100100110100001100000101110
10100100011010101000010010111111101011110001010110010000111100011101010111111100100001101100111011100100111101001001100011100011111100011100100110100001100000101110
10111111100011110011111101011001100110110011010011000101011010110101010111111100100001101100111011100101110011001001100011100011111100011100100110100001100000101110
10111111100011110011111101011001100110110001000001111010011111101010110011010001001111101111000101010001010001110110100011100011111100011100100110100001100000101110
11110011010101000010010111111101011110001010111001010111101000100010111111100100001101100111011100101110011001001100100011100011111100011100100110100001100000101110
10100100011010101000010010111111101011110001010110010000111100010100010111111100100001101100111011100100111101001001100011100011111100011100100110100001100000101110
10100100011010101000010010111111101011110001010110010000111100011101010111111100100001101100111011100101110011001001100011100011111100011100100110100001100000101110
10111110111010011110011111101011001100110110001000001111010011111111101100000000011010011011001111100100111101001001100011100011111100011100100110100001100000101110
11011100011010101000010010111111101011110001010110010000111100011101010111111100100001101100111011100100111101001001100011100011111100011100100110100001100000101110
11110011010101000010010111111101011110001010110010000111100011100010110111110010011111011010101000100100111101001001100011100011111100011100100110100001100000101110
10111111100011110011111101011001100110110011010011001100010011111111101100000000011010011011001111100100111101001001100011100011111100011100100110100001100000101110
10100100011010101000010010111111101011110001010110010000111100010100010111111100100001101100111011100101110011001001100011100011111100011100100110100001100000101110
10100100011010101000010010111111101011110001010110010000111101000100010111111100100001101100111011100100111101001001100011100011111100011100100110100001100000101110
11011100011010101000010010111111101011110001010110010000111100011101010111111100100001101100111011100101110011001001100011100011111100011100100110100001100000101110
10100100011010101000010010111111101011110001010110010000111101000100010111111100100001101100111011100101110011001001100011100011111100011100100110100001100000101110
10111111100011110011111101011001100110110011010011000101011010110101010111111100100001101100111011100100110001111011110001110000010111111010110000100001100000101110
