01000100001000011000110100000011101101111100010110011110011111011111101000111101011111011010100011100101001110010010100001101010100011111001010000000101010000110010
01000100001000001101000110100000011101111100010110011110011111011111101000111101011111011010100011100101001110010010100001101010100011111001010000000101010000110010
01000100001000011001100101011010001101111100010110011110011111011111101000111101011111011010100011100101001110010010100001101010100011111001010000000101010000110010
01000100001000001100000100011000111101111100010110011110011111011111101000111101011111011010100011100101001110010010100001101010100011111001010000000101010000110010
01000100001000001110100110111111001101111100010110011110011111011111101000111101011111011010100011100101001110010010100001101010100011111001010000000101010000110010
01000100001000001100110011101101001101111100010110011110011111011111101000111101011111011010100011100101001110010010100001101010100011111001010000000101010000110010
01000100001000011000110100000011101100011011100001111110011111011111101000111101011111011010100011100101001110010010100001101010100011111001010000000101010000110010
01000100001000001110100110111111011101111100010110011110011111011111101000111101011111011010100011100101001110010010100001101010100011111001010000000101010000110010
01000100001000001100000100011000101101111100010110011110011111011111101000111101011111011010100011100101001110010010100001101010100011111001010000000101010000110010
01000100001000001111110111100110111101111100010110011110011111011111101000111101011111011010100011100101001110010010100001101010100011111001010000000101010000110010
01000100001000011001100101011010011101111100010110011110011111011111101000111101011111011010100011100101001110010010100001101010100011111001010000000101010000110010
01000100001000001100000100011000001101111100010110011110011111011111101000111101011111011010100011100101001110010010100001101010100011111001010000000101010000110010
01000100001000001100000100011000111000000100010110011110011111011111101000111101011111011010100011100101001110010010100001101010100011111001010000000101010000110010
01000100001000011001100101011010000010011011100001111110011111011111101000111101011111011010100011100101001110010010100001101010100011111001010000000101010000110010
01000100001000001110100110111111101101111100010110011110011111011111101000111101011111011010100011100101001110010010100001101010100011111001010000000101010000110010
01000100001000001111110111100111111101111100010110011110011111011111101000111101011111011010100011100101001110010010100001101010100011111001010000000101010000110010
01000100001000011001100101011010000000101001110110011110011111011111101000111101011111011010100011100101001110010010100001101010100011111001010000000101010000110010
01000100001000001111110111100110001101111100010110011110011111011111101000111101011111011010100011100101001110010010100001101010100011111001010000000101010000110010
01000100001000010001110011001000111101111100010110011110011111011111101000111101011111011010100011100101001110010010100001101010100011111001010000000101010000110010
01000100001000001100010010001010001101111100010110011110011111011111101000111101011111011010100011100101001110010010100001101010100011111001010000000101010000110010
01000100001000001100000100011000110010011100010110011110011111011111101000111101011111011010100011100101001110010010100001101010100011111001010000000101010000110010
01000100001000001100110011101101001100011011100001111110011111011111101000111101011111011010100011100101001110010010100001101010100011111001010000000101010000110010
01000100001000011001100101011010001101110011000010101010011111011111101000111101011111011010100011100101001110010010100001101010100011111001010000000101010000110010
01000100001000001100000100011000111010011100010110011110011111011111101000111101011111011010100011100101001110010010100001101010100011111001010000000101010000110010
01000100001000011001100101011010111101111100010110011110011111011111101000111101011111011010100011100101001110010010100001101010100011111001010000000101010000110010
01000100001000011000110100000011101100111001010001111110011111011111101000111101011111011010100011100101001110010010100001101010100011111001010000000101010000110010
01000100001000001110100110111110001101111100010110011110011111011111101000111101011111011010100011100101001110010010100001101010100011111001010000000101010000110010
11101111111001011011010111001101101101111100010110011110011111011111101000111101011111011010100011100101001110010010100001101010100011111001010000000101010000110010
11101111111001011011010111001101100110111110010110011110011111011111101000111101011111011010100011100101001110010010100001101010100011111001010000000101010000110010
11101111111001011010000110010100001101111100010110011110011111011111101000111101011111011010100011100101001110010010100001101010100011111001010000000101010000110010
11101111111001011011010111001101100110000101100101010000011111011111101000111101011111011010100011100101001110010010100001101010100011111001010000000101010000110010
01000100001001100000110110000101101101111100010110011110011111011111101000111101011111011010100011100101001110010010100001101010100011111001010000000101010000110010
