00110111111011101100100110100011100010011110010110010011001101101110000000111010110101010101010010110011100101111101010110110110000100110111010011101001101101100100
00110111111011101100100110100011100010011110010110010011001101101110000000111010110101010101010010110011100101111101010111110001100100110111010011101001101101100100
00110111111011101100100110100011100010011110010110010011001101101110000000111010110101010101010010110011100101110110011001010011100100110111010011101001101101100100
00110111111011101100100110100011100010011110010110010011001101101110000000111010110101010110010011010110101111010010101111101011100100110111010011101001101101100100
00110111111100111100100110100011100010011110010110010011001101101110000000111010110101010101010010110011100101111101010110110110000100110111010011101001101101100100
00110111111011101100100110100011100010011110010110010011001101101110000000111010110101010101010010110011100100110010101111101011100100110111010011101001101101100100
11101100111111011101100100110100011100010011110010110010011001101101110000000111010110101010101010010110011100101110110101010110000100110111010011101001101101100100
00110111111011101100100110100011100010011110010110010011001101101110000000111010110101010101010010110011100101110110100001100110000100110111010011101001101101100100
00110111111011101100100110100011100010011110010110010011001101101110000000111010110101010101010010110011100101000011001111010110000100110111010011101001101101100100
00110111111011101100100110100011100010011110010110010011001101101110000000111010110101010110001000011010100101111101010110110110000100110111010011101001101101100100
00110111111011101100100110100011100010011110010110010011001101101110000000111010110101010101010010110011100101111101010111010011100100110111010011101001101101100100
00110111111011101100100110100011100010011110010110010011001101101110000000111010110101010101010010110011100110110010110101010110000100110111010011101001101101100100
00110111111011101100100110100011100010011110010110010011001101101110000000111010110101010101010010110011100101111101010110100111111101110111010011101001101101100100
00110111111011101100100110100011100010011110010110010011001101101110000000111010110101010110000011000100111110001101110101010110000100110111010011101001101101100100
00110111111011101100100110100011100010011110010110010011001101101110000000111010110100101110111011101011100101111101010110110110000100110111010011101001101101100100
00110111111011101100100110100011100010011110010110010011001101101110000000111010110101010101010010100100011010000101100101010110000100110111010011101001101101100100
00110111111011101100100110100011100010011110010110010011001101101110000000111010110101010101010010110011100101001010101111101011100100110111010011101001101101100100
00110111111011101100100110100011100010011110010110010011001101101110000000111010110101010110010011010110101101111101010110110110000100110111010011101001101101100100
00110111111011101100100110100011100010011110010110010011001101101110000000111010110101010101010010110011100101111101010111011000000100110111010011101001101101100100
00110111111011101100100110100011100010011110010110010011001101101110000000111010110101010110001010010110011100101110110101010110000100110111010011101001101101100100
00110111111011101100100110100011100010011110010110010001111011100010111010100101001011101000100100001011000001001010101111101011100100110111010011101001101101100100
00110111111011101100100110100011100010011110010110010001000101001101001101110010101111101000100100001011000001001010101111101011100100110111010011101001101101100100
00110111111011101100100110100011100010011110010110010011001101101110000000111010110101010101010010111111000101011101110101010110000100110111010011101001101101100100
11100111010110001001000101110110101110000100011100010011001101101110000000111010110101010101010010110011100101111101010110110110000100110111010011101001101101100100
00110111111011101100100110100011100010011110010110010011001101101110000000111010110101010110010011010110100010101010101111101011100100110111010011101001101101100100
11101100111111100111100100110100011100010011110010110010011001101101110000000111010110101010101010010110011100101110110101010110000100110111010011101001101101100100
00110111111011101100100110100011100010011110010110010011001101101110000000111010110101010101010010110011100101110101000000100100110100110111010011101001101101100100
00010001010000101111100110100011100010011110010110010011001101101110000000111010110101010101010010110011100101111101010110110110000100110111010011101001101101100100
00110111111011101100110100011100010011110010110010011001101101110000000111010110101010101010010110011100101110110101110101010110000100110111010011101001101101100100
00110111110001110110000101110110101110000100011100010011001101101110000000111010110101010101010010110011100101111101010110110110000100110111010011101001101101100100
11110111111011101100100110100011100010011110010110010011001101101110000000111010110101010101010010110011100101111101010110110110000100110111010011101001101101100100
00110111111011101100100110100011100010011110010110010011001101101110000000111010110101010101010010110011100101110110100101100110000100110111010011101001101101100100
