11101001001010100010100110001001100011011111001110001000101011010011011001001101101101011111100110101100111010111001101111101011000000000011010111101010100001110101
11101001001010111000010110001001100011011111001110001000101011010011011001001101101101011111100110101100111010111001101111101011000000000011010111101010100001110101
11101001001011101000010110001001100011011111001110001000101011010011011001001101101101011111100110101100111010111001101111101011000000000011010111101010100001110101
11101001001000111000010110001001100011011111001110001000101011010011011001001101101101011111100110101100111010111001101111101011000000000011010111101010100001110101
11101001001011101000100010001001100011011111001110001000101011010011011001001101101101011111100110101100111010111001101111101011000000000011010111101010100001110101
11101001001010101000010110001001100011011111001110001000101011010011011001001101101101011111100110101100111010111001101111101011000000000011010111101010100001110101
11101001001010001000100010001001100011011111001110001000101011010011011001001101101101011111100110101100111010111001101111101011000000000011010111101010100001110101
11101001000100111000010110001001100011011111001110001000101011010011011001001101101101011111100110101100111010111001101111101011000000000011010111101010100001110101
11101001001001010101110110001001100011011111001110001000101011010011011001001101101101011111100110101100111010111001101111101011000000000011010111101010100001110101
11101001001010100110101100001001100011011111001110001000101011010011011001001101101101011111100110101100111010111001101111101011000000000011010111101010100001110101
11101001001011100010100110001001100011011111001110001000101011010011011001001101101101011111100110101100111010111001101111101011000000000011010111101010100001110101
11101001001011111000010110001001100011011111001110001000101011010011011001001101101101011111100110101100111010111001101111101011000000000011010111101010100001110101
11101001001011110011011100110101100011011111001110001000101011010011011001001101101101011111100110101100111010111001101111101011000000000011010111101010100001110101
11101001001011010011011100110101100011011111001110001000101011010011011001001101101101011111100110101100111010111001101111101011000000000011010111101010100001110101
11101001001011011011110100001001100011011111001110001000101011010011011001001101101101011111100110101100111010111001101111101011000000000011010111101010100001110101
11101001001110111000010110001001100011011111001110001000101011010011011001001101101101011111100110101100111010111001101111101011000000000011010111101010100001110101
11101001001011100101001110001001100011011111001110001000101011010011011001001101101101011111100110101100111010111001101111101011000000000011010111101010100001110101
11101001001000010110011000001001100011011111001110001000101011010011011001001101101101011111100110101100111010111001101111101011000000000011010111101010100001110101
11101001001011100000010110001001100011011111001110001000101011010011011001001101101101011111100110101100111010111001101111101011000000000011010111101010100001110101
11101001001010010110011000001001100011011111001110001000101011010011011001001101101101011111100110101100111010111001101111101011000000000011010111101010100001110101
11101001001011011000100010001001100011011111001110001000101011010011011001001101101101011111100110101100111010111001101111101011000000000011010111101010100001110101
11101001001010100010100110001001100011011111001110001000101011010011011001001101101101011111100110101100111010111001101111101011000000000011010111101010100001110100
11101001001000001000100010001001100011011111001110001000101011010011011001001101101101011111100110101100111010111001101111101011000000000011010111101010100001110101
11101001001011100000001010110101100011011111001110001000101011010011011001001101101101011111100110101100111010111001101111101011000000000011010111101010100001110101
11101001001011111011110100001001100011011111001110001000101011010011011001001101101101011111100110101100111010111001101111101011000000000011010111101010100001110101
11101001001110001000100010001001100011011111001110001000101011010011011001001101101101011111100110101100111010111001101111101011000000000011010111101010100001110101
11101001001010100000100010001001100011011111001110001000101011010011011001001101101101011111100110101100111010111001101111101011000000000011010111101010100001110101
11101001000100001000100010001001100011011111001110001000101011010011011001001101101101011111100110101100111010111001101111101011000000000011010111101010100001110101
11101001001000000000001010110101100011011111001110001000101011010011011001001101101101011111100110101100111010111001101111101011000000000011010111101010100001110101
11101001001011110110011000001001100011011111001110001000101011010011011001001101101101011111100110101100111010111001101111101011000000000011010111101010100001110101
11101001001100111000010110001001100011011111001110001000101011010011011001001101101101011111100110101100111010111001101111101011000000000011010111101010100001110101
11101001001010100111100100010100110100001111001110001000101011010011011001001101101101011111100110101100111010111001101111101011000000000011010111101010100001110101
