10110101001011010011101101011110101100000101010011011001011000111011001100000101100010010100111000001000101010010110111011110101001001100001000011010011010011011100
10110101001011010011101101011110101100000101010011011001011000111011001100000101100010010100111000000010111011100011111110000010011001100001000011010011010011011100
10110101001011010011101100100101011010111001011011001111001010000111111111011001001110010001111000111100011111111111110101110101001001100001000011010011010011011100
10110101001011010011101101011110101100000101010011011001011000111011001100000101100010010100111000000110001010010110111011110101001001100001000011010011010011011100
01100011110110111001010000110101011110101100000101010011011001011000111011001100000101110011101111111000010000010110111011110101001001100001000011010011010011011100
01100011110110111001010000110101011110101100000101010011011001011000111011010101110000100111111110110110011010010110111011110101001001100001000011010011010011011100
10110101001011010011101101011001011001110000011001000111010000000001010101110000100111111110110100011100101110100111000010000010011001100001000011010011010011011100
10110101001011010011101101011110101100000101010011011001011000111011001100000101100010010100111000000011101010010110111011110101001001100001000011010011010011011100
10110101001011010011101100100101011010111001011011001111001010000111111010111100100100000100110101111101100010010110111011110101001001100001000011010011010011011100
10110101001011010011101101011001011001110000011001000111010000000001010100110000011010110001010010001010111011100011111110000010011001100001000011010011010011011100
01100011110110111001010000110101011110101100000101010011011001011000111011001110010001100101001100100001101010010110111011110101001001100001000011010011010011011100
10110101001011010011101010101011110101100000101010011011001011000111011001100000101100010010100111000001001010010110111011110101001001100001000011010011010011011100
01100011110110111001010000110101011110101100000101010011011001011000111011010101110010101000100011110100111011100011111110000010011001100001000011010011010011011100
01100011110110111001010000110101011110101100000101010011011001011000111011001100000101100010000111110001011010010110111011110101001001100001000011010011010011011100
10110101001011010011101100100101011010111001011011001111001010000111111010111100100100000100110101111101100010000000101001000010111011011011000011010011010011011100
10110101001011010011101101011001011001110000011001000111010000010001111111011001001110010001111000111100011111111111110101110101001001100001000011010011010011011100
10110101001011010011101101011110101100000101010011011001011000111011001100000101110011110011010010001010111011100011111110000010011001100001000011010011010011011100
10110101001011010011101101011001010010101111000001111010101101101100101110110000011010110001010010001010111011100011111110000010011001100001000011010011010011011100
01100011110110111001010000110101011110101100000101010011011001011000111011010101110000100111111110111001101010010110111011110101001001100001000011010011010011011100
01100011110110111001010000110101011110101100000101010011011001011000111011001100000101111011001000001111011111111111110101110101001001100001000011010011010011011100
10110101001011010011101100100101011010111001011011001111001010000111111111011001101010000010101010110111010011001011000010000010011001100001000011010011010011011100
10110101001011010011101101011110101100000101010011011001011000111011001100000101100010010100111000001100111011100011111110000010011001100001000011010011010011011100
10110101001011010011101100100101011010111001011011001111001010000111111111011001101010000010101010111110011111111111110101110101001001100001000011010011010011011100
10110101001011010011101101011001011001110000011001000111010000010001111100100100000100110101111101011100111011100011111110000010011001100001000011010011010011011100
10110101001011010011101101011110101100000101010011011001011000111011001100000101110011101111111000000010111011100011111110000010011001100001000011010011010011011100
01100011110110111001010000110101011110101100000101010011011001011000111011001100010100000100110101111101100010010110111011110101001001100001000011010011010011011100
01100011110110111001010000110101011110101100000101010011011001011000111011001100000101111011001000001100111011100011111110000010011001100001000011010011010011011100
10110101001011010011101100100101011010111001011011001111001010000111111111011001101010000010000010111001101010010110111011110101001001100001000011010011010011011100
10110101001011010011101101011110010111111001011011001111001010000111111111011001001110010001111000111100011111111111110101110101001001100001000011010011010011011100
01100011110110111001010000110101011110101100000101010011011001011000111011010101000111001001011111101000101010010110111011110101001001100001000011010011010011011100
01100011110110111001010000110101011110101100000101010011011001011000111011001100000101100010000010111001101010010110111011110101001001100001000011010011010011011100
10110101001011010011101101011110101100000101010011011001011000111011001100000101100010010100010000000100011111111111110101110101001001100001000011010011010011011100
