00000110110111001110101111010010010000001011111011000110000000010000110010000101110000011001011001101111010100111000000000101100111001110010110000111001001010111001
01000110110111001110101111010010010000001011111011000110000000010000110010000101110000011001011001101111010100111000000000101100111001110010110000111001001010111001
01001110110111001110101111010010010000001011111011000110000000010000110010000101110000011001011001101111010100111000000000101100111001110010110000111001001010111001
01000001010111001110101111010010010000001011111011000110000000010000110010000101110000011001011001101111010100111000000000101100111001110010110000111001001010111001
11100110110111001110101111010010010000001011111011000110000000010000110010000101110000011001011001101111010100111000000000101100111001110010110000111001001010111001
00010001100111001110101111010010010000001011111011000110000000010000110010000101110000011001011001101111010100111000000000101100111001110010110000111001001010111001
01010000111001011010101111010010010000001011111011000110000000010000110010000101110000011001011001101111010100111000000000101100111001110010110000111001001010111001
11010111111011001110101111010010010000001011111011000110000000010000110010000101110000011001011001101111010100111000000000101100111001110010110000111001001010111001
10110111001110101111010010010000001011111011000110000000010001001000110010000101110000011001011001101111010100111000000000101100111001110010110000111001001010111001
00110011101011111110101111010010010000001011111011000110000000010000110010000101110000011001011001101111010100111000000000101100111001110010110000111001001010111001
00111011110000000101111011111111100010101111100110100101100000010000110010000101110000011001011001101111010100111000000000101100111001110010110000111001001010111001
11010110110111001110101111010010010000001011111011000110000000010000110010000101110000011001011001101111010100111000000000101100111001110010110000111001001010111001
10100100000101010110101111010010010000001011111011000110000000010000110010000101110000011001011001101111010100111000000000101100111001110010110000111001001010111001
01000111101011011100011001100010100100100110010001101011000001001000110010000101110000011001011001101111010100111000000000101100111001110010110000111001001010111001
00110010101001001110101111010010010000001011111011000110000000010000110010000101110000011001011001101111010100111000000000101100111001110010110000111001001010111001
10110111001110101111010010010000001011111011000110000101100000010000110010000101110000011001011001101111010100111000000000101100111001110010110000111001001010111001
10110111001110101111010010010000001011111011000111011001100000010000110010000101110000011001011001101111010100111000000000101100111001110010110000111001001010111001
11001101101111010000101111010010010000001011111011000110000000010000110010000101110000011001011001101111010100111000000000101100111001110010110000111001001010111001
01000111101011011100011001100010100100100110010001101011010101110000110010000101110000011001011001101111010100111000000000101100111001110010110000111001001010111001
01011011111101101010101111010010010000001011111011000110000000010000110010000101110000011001011001101111010100111000000000101100111001110010110000111001001010111001
10111100110111001110101111010010010000001011111011000110000000010000110010000101110000011001011001101111010100111000000000101100111001110010110000111001001010111001
11010111111011000111101111010010010000001011111011000110000000010000110010000101110000011001011001101111010100111000000000101100111001110010110000111001001010111001
10110111001110101111010010010000001011111011000110111111100000010000110010000101110000011001011001101111010100111000000000101100111001110010110000111001001010111001
00000101011001001010001011011010111011111100101000000101100000010000110010000101110000011001011001101111010100111000000000101100111001110010110000111001001010111001
00111011110000000101111011111010000100100110010001101011000001001000110010000101110000011001011001101111010100111000000000101100111001110010110000111001001010111001
01100101101111010000101111010010010000001011111011000110000000010000110010000101110000011001011001101111010100111000000000101100111001110010110000111001001010111001
00101111001000100110101111010010010000001011111011000110000000010000110010000101110000011001011001101111010100111000000000101100111001110010110000111001001010111001
00110011101011111000010011101001000000111000011111101011000001001000110010000101110000011001011001101111010100111000000000101100111001110010110000111001001010111001
00000101011001001010001011011010111011111100101000010100000111010000110010000101110000011001011001101111010100111000000000101100111001110010110000111001001010111001
01101010001111001110101111010010010000001011111011000110000000010000110010000101110000011001011001101111010100111000000000101100111001110010110000111001001010111001
00110010101001001010011111010010010000001011111011000110000000010000110010000101110000011001011001101111010100111000000000101100111001110010110000111001001010111001
00110011100001001110101111010010010000001011111011000110000000010000110010000101110000011001011001101111010100111000000000101100111001110010110000111001001010111001
