01101111011010011101000000011110110011011001111101110001100100001011011111110110111100000101011110111010000001001101011101110001010000110100111011000010001101010001
01101111011010011101000000011110111011011001111101110001100100001011011111110110111100000101011110111010000001001101011101110001010000110100111011000010001101010001
01101111011010011101000001100111000111011001111101110001100100001011011111110110111100000101011110111010000001001101011101110001010000110100111011000010001101010001
11010001101101001101000000011110110011011001111101110001100100001011011111110110111100000101011110111010000001001101011101110001010000110100111011000010001101010001
01101111011010011101011111000000100011011001111101110001100100001011011111110110111100000101011110111010000001001101011101110001010000110100111011000010001101010001
01101111011010011100101101100011010011011001111101110001100100001011011111110110111100000101011110111010000001001101011101110001010000110100111011000010001101010001
01101111011010011101010001111110110011011001111101110001100100001011011111110110111100000101011110111010000001001101011101110001010000110100111011000010001101010001
11010000011100011101000000011110110011011001111101110001100100001011011111110110111100000101011110111010000001001101011101110001010000110100111011000010001101010001
01101111011010011011011000011110110011011001111101110001100100001011011111110110111100000101011110111010000001001101011101110001010000110100111011000010001101010001
11010000011011110101000000011110110011011001111101110001100100001011011111110110111100000101011110111010000001001101011101110001010000110100111011000010001101010001
01101111011010011101010001111110111011011001111101110001100100001011011111110110111100000101011110111010000001001101011101110001010000110100111011000010001101010001
01101111011010011101000111101011001011011001111101110001100100001011011111110110111100000101011110111010000001001101011101110001010000110100111011000010001101010001
01101111011010011101000010010000010111011001111101110001100100001011011111110110111100000101011110111010000001001101011101110001010000110100111011000010001101010001
01101111011010011101000100010000010111011001111101110001100100001011011111110110111100000101011110111010000001001101011101110001010000110100111011000010001101010001
01101111000001000011000000011110110011011001111101110001100100001011011111110110111100000101011110111010000001001101011101110001010000110100111011000010001101010001
11011101001101111101000000011110110011011001111101110001100100001011011111110110111100000101011110111010000001001101011101110001010000110100111011000010001101010001
11010000000101101101000000011110110011011001111101110001100100001011011111110110111100000101011110111010000001001101011101110001010000110100111011000010001101010001
01101111011010010011111010011110110011011001111101110001100100001011011111110110111100000101011110111010000001001101011101110001010000110100111011000010001101010001
11010000010111000011000000011110110011011001111101110001100100001011011111110110111100000101011110111010000001001101011101110001010000110100111011000010001101010001
01101111001010011101000000011110110011011001111101110001100100001011011111110110111100000101011110111010000001001101011101110001010000110100111011000010001101010001
11010001101101000101000000011110110011011001111101110001100100001011011111110110111100000101011110111010000001001101011101110001010000110100111011000010001101010001
01101111011010011101001100101101100011011001111101110001100100001011011111110110111100000101011110111010000001001101011101110001010000110100111011000010001101010001
11010000011011100011000000011110110011011001111101110001100100001011011111110110111100000101011110111010000001001101011101110001010000110100111011000010001101010001
11010000011000001101000000011110110011011001111101110001100100001011011111110110111100000101011110111010000001001101011101110001010000110100111011000010001101010001
01101111011010011101010000001110110011011001111101110001100100001011011111110110111100000101011110111010000001001101011101110001010000110100111011000010001101010001
01101111011010011111110110011110110011011001111101110001100100001011011111110110111100000101011110111010000001001101011101110001010000110100111011000010001101010001
01101111011010011101001010100010110011011001111101110001100100001011011111110110111100000101011110111010000001001101011101110001010000110100111011000010001101010001
11011111010110110011000000011110110011011001111101110001100100001011011111110110111100000101011110111010000001001101011101110001010000110100111011000010001101010001
01101111010100110101000000011110110011011001111101110001100100001011011111110110111100000101011110111010000001001101011101110001010000110100111011000010001101010001
01101111011010011101000100101101100011011001111101110001100100001011011111110110111100000101011110111010000001001101011101110001010000110100111011000010001101010001
11011101001101111001000000011110110011011001111101110001100100001011011111110110111100000101011110111010000001001101011101110001010000110100111011000010001101010001
01101111011010101101000000011110110011011001111101110001100100001011011111110110111100000101011110111010000001001101011101110001010000110100111011000010001101010001
