10000100101010101001101001010100001110000000011110001100100011011111011001001101000111101100111000011000011000111110011111101010011101010101001010010010000100000000
10000100101010101001101001010100001110001111100000110111110011110101010101101001100110011111000001011110101001101010011111101010011101010101001010010010000100000000
10111100110111010000001111010101010100100000000110111011010111010110100011100111000111101100111000011000011000111110011111101010011101010101001010010010000100000000
00011100010110100001011000001111100101111101111001000101100111010110100011100111000111101100111000011000011000111110011111101010011101010101001010010010000100000000
10000100101010101001101001010100001110000000011110000111110011110101010101101001100110011111000001011110101001101010011111101010011101010101001010010010000100000000
10000100101010101001101001010100001110001111100001010100011011000101010101101001100110011111000001011110101001101010011111101010011101010101001010010010000100000000
10111100110111000011110000110000101110000101100011101011000100100101010101101001100110011111000001011110101001101010011111101010011101010101001010010010000100000000
00011100010101100000010110001010001011110000000010110001110100100101010101101001100110011111000001011110101001101010011111101010011101010101001010010010000100000000
10111100110111010001001101000001110011111011100010110001000010000110100011100111000111101100111000011000011000111110011111101010011101010101001010010010000100000000
00101111110100100100010110001010001011110000000010110001110100100101010101101001100110011111000001011110101001101010011111101010011101010101001010010010000100000000
10110110101101010100011110101100101011100101011101111010101010110101010101101001100110011111000001011110101001101010011111101010011101010101001010010010000100000000
00101110110101101010100011110101100101011100101011101111010001011111100010010110110111101100111000011000011000111110011111101010011101010101001010010010000100000000
00101111110101001011011001100101011001111111000001101101010111010110100011100111000111101100111000011000011000111110011111101010011101010101001010010010000100000000
11100000101011111001101000001110011111011100001011111110100111010110100011100111000111101100111000011000011000111110011111101010011101010101001010010010000100000000
11100000101011111001101000001110011111011100010110000101100111010110100011100111000111101100111000011000011000111110011111101010011101010101001010010010000100000000
10111100110111010001001101000001110011111011101001000101100111010110100011100111000111101100111000011000011000111110011111101010011101010101001010010010000100000000
