01100100010010000000000011011001000111110000010010010101101110001001111011101010101000101001111111100000011101001011001011110101011110011000001100111110101100001011
01100100010010000000000011011001000111110000010010010101101110001001111011101010101000101001111111100000011101001011001011111010001101101111011100111110101100001011
01100100010010000000000011011001000111110000010010010101101110001001111011101010101000101001111111100000011101001011001011111010001110011000001100111110101100001011
01100100010001101010000011011001000111110000010010010101101110001001111011101010101000101001111111100000011101001011001011110101011110011000001100111110101100001011
01100100010010000000000011011001000111110000010010010101101110001001111011101010101000101001111111100000011101001011000110011111101100001111111100111110101100001011
01100100010010000000000011011001000111110000010010010101101110001001111011101010101000101001111111100000011101001011001011111010111101101111011100111110101100001011
01101010010010110010000011011001000111110000010010010101101110001001111011101010101000101001111111100000011101001011001011110101011110011000001100111110101100001011
01100100010001101010000011011001000111110000010010010101101110001001111011101010101000101001111111100000011101001011001011111010001101101111011100111110101100001011
01100100010010000000000011011001000111110000010010010101101110001001111011101010101000101001111111100000011101001000111000011111101100001111111100111110101100001011
10011110111001110110101011010000101001110000010010010101101110001001111011101010101000101001111111100000011101001011001011110101011110011000001100111110101100001011
10011110111000110010000011011001000111110000010010010101101110001001111011101010101000101001111111100000011101001011001011110101011110011000001100111110101100001011
10011110111001110110101011010000101001110000010010010101101110001001111011101010101000101001111111100000011101001011001011111010001101101111011100111110101100001011
01101010010010110010000011011001000111110000010010010101101110001001111011101010101000101001111111100000011101001011001011111010001101101111011100111110101100001011
01100100010010000000000011011001000111110000010010010101101110001001111011101010101000101001111111100000011101001011001011111010001110101111110111011110101100001011
10011110111000110010000011011001000111110000010010010101101110001001111011101010101000101001111111100000011101001011001011111010001101101111011100111110101100001011
01100100010010000001111001110001000111110000010010010101101110001001111011101010101000101001111111100000011101001011001011110101011110011000001100111110101100001011
10011110111011101000110100011001000111110000010010010101101110001001111011101010101000101001111111100000011101001011001011110101011110011000001100111110101100001011
01100100101000110000011100100101000011010011100010110000011110111100001100111001100001010000111001011111101011101001111100101010001101101111011100111110101100001011
10000001000011011000100111100110100001110000010010010101101110001001111011101010101000101001111111100000011101001011001011110101011110011000001100111110101100001011
01100100010010000000000011011001000111110000010010010101101110001001111011101010101000101001111111100000011101001000111000010011011110011000001100111110101100001011
01100100010010000001111001110001000111110000010010010101101110001001111011101010101000101001111111100000011101001011001011111010001101101111011100111110101100001011
01100100010010000000000111001001000111110000010010010101101110001001111011101010101000101001111111100000011101001011001011110101011110011000001100111110101100001011
10011110111000101101100100110011000101110000010010010101101110001001111011101010101000101001111111100000011101001011001011110101011110011000001100111110101100001011
10011110111011101000110100011001000111110000010010010101101110001001111011101010101000101001111111100000011101001011001011111010001101101111011100111110101100001011
10000001000011011000100111100110100001110000010010010101101110001001111011101010101000101001111111100000011101001011001011111010001101101111011100111110101100001011
01101010010010110001100111010101001100110000010010010101101110001001111011101010101000101001111111100000011101001011001011110101011110011000001100111110101100001011
01100100010010000000000011011001000111110000010010010101101110001001111011101010101000101001111111100000011101001011001011111010010011011011111100111110101100001011
10011110111000001110011111100110100001110000010010010101101110001001111011101010101000101001111111100000011101001011001011110101011110011000001100111110101100001011
01100100010010000000000011011001000111110000010010010101101110001001111011101010101000101001111111100000011101001111100100011111101100001111111100111110101100001011
01100100010001101010000011011001000111110000010010010101101110001001111011101010101000101001111111100000011101001011001011111010001110011000001100111110101100001011
11111010101000000001111001110001000111110000010010010101101110001001111011101010101000101001111111100000011101001011001011110101011110011000001100111110101100001011
10011110111001111011010111000011100000000000110011000101101110001001111011101010101000101001111111100000011101001011001011110101011110011000001100111110101100001011
