00010110010111011101001000010110110101100010110101111010000010101110101110001001010000100100001001011101111100101101010001000111110000001110101001000010111000110001
00010110010111011101001000010110110101100010110101111010000010101110101110001001010000100100001001011101111100101101010001000111110000001111101011001110000000110001
00010110010111011101001000010110110101100010110101111010000010101110101110001001010000100100001001011101111100101101010001000111110000001111101011100111100011110101
00010110010111011101001000010110110101100010110101111010000010101110101110001001010000100100001001011101111100101101010001000111110000001111101011100111100011110100
00010110010111011101001000010110110101100010110101111010000010101110101110001001010000100100001001011101111100101101010001000111110000001111101011001110001001111100
00010110010111011101001000010110110101100010110101111010000010101110101110001001010000100100001001011101111100101101010001000111110000001111101011110000101110110001
00010110010111011101001000010110110101100010110101111010000010101110101110001001010000100100001001011101111100101101010001000111110000001110100011111110001001111100
00010110010111011101001000010110110101100010110101111010000010101110101110001001010000100100001001011101111100101101010001000111110000001001101011001110000000110001
00010110010111011101001000010110110101100010110101111010000010101110101110001001010000100100001001011101111100101101010001000111110000001111101011110000101110100001
00010110010111011101001000010110110101100010110101111010000010101110101110001001010000100100001001011101111100101101010001000111110000001110101001000010111000111100
00010110010111011101001000010110110101100010110101111010000010101110101110001001010000100100001001011101111100101101010001000111110000001110100001010100101010001101
00010110010111011101001000010110110101100010110101111010000010101110101110001001010000100100001001011101111100101101010001000111110000001110100000010110011000011011
00010110010111011101001000010110110101100010110101111010000010101110101110001001010000100100001001011101111100101101010001000111110000001001011101111010100101111100
00010110010111011101001000010110110101100010110101111010000010101110101110001001010000100100001001011101111100101101010001000111110000001110011110111011110100000100
00010110010111011101001000010110110101100010110101111010000010101110101110001001010000100100001001011101111100101101010001000111110000000111111101111010100101111100
00010110010111011101001000010110110101100010110101111010000010101110101110001001010000100100001001011101111100101101010001000111110000001110101001010101110100010101
00010110010111011101001000010110110101100010110101111010000010101110101110001001010000100100001001011101111100101101010001000111110000001111101011110000101111010100
00010110010111011101001000010110110101100010110101111010000010101110101110001001010000100100001001011101111100101101010001000111110000001111101001000010111000110001
00010110010111011101001000010110110101100010110101111010000010101110101110001001010000100100001001011101111100101101010001000111110000001110111101111010100101111100
00010110010111011101001000010110110101100010110101111010000010101110101110001001010000100100001001011101111100101101010001000111110000001111101011111011110100000100
00010110010111011101001000010110110101100010110101111010000010101110101110001001010000100100001001011101111100101101010001000111110000000110111111010000000101000100
00010110010111011101001000010110110101100010110101111010000010101110101110001001010000100100001001011101111100101101010001000111110000001110100000011011011001100001
00010110010111011101001000010110110101100010110101111010000010101110101110001001010000100100001001011101111100101101010001000111110000000010100110110110011001111100
00010110010111011101001000010110110101100010110101111010000010101110101110001001010000100100001001011101111100101101010001000111110000001110100001000011100110100001
00010110010111011101001000010110110101100010110101111010000010101110101110001001010000100100001001011101111100101101010001000111110000001111101010111100111000110001
00010110010111011101001000010110110101100010110101111010000010101110101110001001010000100100001001011101111100101101010001000111110001001001000000010110011000011011
00010110010111011101001000010110110101100010110101111010000010101110101110001001010000100100001001011101111100101101010001000111110000001110101001000000000001010100
00010110010111011101001000010110110101100010110101111010000010101110101110001001010000100100001001011101111100101101010001000111110000001111010100010000101010100001
00010110010111011101001000010110110101100010110101111010000010101110101110001001010000100100001001011101111100101101010001000111110000001111101011100111100011110111
00010110010111011101001000010110110101100010110101111010000010101110101110001001010000100100001001011101111100101101010001000111110000001110011110110100101110100001
00010110010111011101001000010110110101100010110101111010000010101110101110001001010000100100001001011101111100101101010001000111110000001111100101011010110110110111
00010110010111011101001000010110110101100010110101111010000010101110101110001001010000100100001001011101111100101101010001000111110000001111101011100111100001111100
