01001001101011000110111100010110001011110001110011101111100111101111010101111110100001000101111001111010101101000110000010001001010000100000110000110101100101011110
00010110100110111010001010001110001011110001110011101111100111101111010101111110100001000101111001111010101101000110000010001001010000100000110000110101100101011110
00011001101011000110111100010110001011110001110011101111100111101111010101111110100001000101111001111010101101000110000010001001010000100000110000110101100101011110
01001001101011000110111100010110001011110001110011101111100111101111010101111110100001000101111001111010101101000110000010001001100000100000110000110101100101011110
01001001101011000110111100010110001011110001110011101111100111101111010101111110100001000101111001111010101101000110000010001001010000010000110000110101100101011110
01011111101011000110111100010110001011110001110011101111100111101111010101111110100001000101111001111010101101000110000010001001010000100000110000110101100101011110
01001001101011000110111100010110001011110001110011101111100111101111010101111110100001000101111001111010101101000110000010001001010001111101110110110101100101011110
10101001101011000110111100010110001011110001110011101111100111101111010101111110100001000101111001111010101101000110000010001001010000100000110000110101100101011110
01001011011000000110111100010110001011110001110011101111100111101111010101111110100001000101111001111010101101000110000010001001010000100000110000110101100101011110
01001011011001000101001011100010001011110001110011101111100111101111010101111110100001000101111001111010101101000110000010001001010000100000110000110101100101011110
01001001101011000110111100010110001011110001110011101111100111101111010101111110100001000101111001111010101101000110000010001001010000100010110000110101100101011110
00011000101011000110111100010110001011110001110011101111100111101111010101111110100001000101111001111010101101000110000010001001010000100000110000110101100101011110
01001001101011000110111100010110001011110001110011101111100111101111010101111110100001000101111001111010101101000111111000100001010000010000110000110101100101011110
01010111000111001010011100010110001011110001110011101111100111101111010101111110100001000101111001111010101101000110000010001001010000100000110000110101100101011110
00010100101101000110111100010110001011110001110011101111100111101111010101111110100001000101111001111010101101000110000010001001010000100000110000110101100101011110
01001001101011000110111100010110001011110001110011101111100111101111010101111110100001000101111001111010101101000110000010001000111000100000110000110101100101011110
