01010010000001000010001000101001100000110110001011101011000000100110010010111100011010111000001101001111100010110011001000000010100111110000110100100000110111011110
01010010000001000010001000101001100000110110001011101011000000100110010010111100011010111000001101000111100010110011001000000010100111110000110100100000110111011110
01010010000001000010001000101001100000110110001011101011000000100110010010111100011010111000001101000111100011010010010100000010100111110000110100100000110111011110
01010010000001000010001000101001100000110110001011101011000000100110010010111100011010111000001101001111100011010010010100000010100111110000110100100000110111011110
01010010000001000010001000101001100000110110001011101011000000100110010010111100011010111000001101001000010111001110000000110000000111110000110100100000110111011110
01010010000001000010001000101001100000110110001011101011000000100110010010111100011010111000001101001001100010110011001000000010100111110000110100100000110111011110
01010010000001000010001000101001100000110110001011101011000000100110010010111100011010111000001101000001100010110011001000000010100111110000110100100000110111011110
01010010000001000010001000101001100000110110001011101011000000100110010010111100011010111000001101000111110100100011001000000010100111110000110100100000110111011110
01010010000001000010001000101001100000110110001011101011000000100110010010111100011010111000001101001111101010110110000000110000000111110000110100100000110111011110
01010010000001000010001000101001100000110110001011101011000000100110010010111100011010111000001101001011001100101100110000110000000111110000110100100000110111011110
01010010000001000010001000101001100000110110001011101011000000100110010010111100011010111000001101000101000000100010110000110000000111110000110100100000110111011110
01010010000001000010001000101001100000110110001011101011000000100110010010111100011010111000001101000111100011010010001010110000000111110000110100100000110111011110
01010010000001000010001000101001100000110110001011101011000000100110010010111100011010111000001101001111100010110011010110110000000111110000110100100000110111011110
01010010000001000010001000101001100000110110001011101011000000100110010010111100011010111000001101001100101011001100110000110000000111110000110100100000110111011110
01010010000001000010001000101001100000110110001011101011000000100110010010111100011010111000001101011111100010110011001000000010100111110000110100100000110111011110
01010010000001000010001000101001100000110110001011101011000000100110010010111100011010111000001101001000001010000110110000110000000111110000110100100000110111011110
01010010000001000010001000101001100000110110001011101011000000100110010010111100011010111000001100001001100010110011001000000010100111110000110100100000110111011110
01010010000001000010001000101001100000110110001011101011000000100110010010111100011010111000001101001111100011010010001010110000000111110000110100100000110111011110
01010010000001000010001000101001100000110110001011101011000000100110010010111100011010111000001101001011100010110011001000000010100111110000110100100000110111011110
01010010000001000010001000101001100000110110001011101011000000101100010011001101011010100000101011001111100010110011001000000010100111110000110100100000110111011110
01010010000001000010001000101001100000110110001011101011000000100110010010111100011010111000001101001011010000000101001000000010100111110000110100100000110111011110
01010010000001000010001000101001100000110110001011101011000000100110010010111100011010111000001101011111100110111100110000110000000111110000110100100000110111011110
01010010000001000010001000101001100000110110001011101011000000100110010010111100011010111000001101000010001101110011001000000010100111110000110100100000110111011110
01010010000001000010001000101001100000110110001011101011000000100110010010111100011010111000001101001000010111000010001010110000000111110000110100100000110111011110
01010010000001000010001000101001100000110110001011101011000000100110010010111100011010111000001101000100001100101100110000110000000111110000110100100000110111011110
01010010000001000010001000101001100000110110001011101011000000100110010010111100011010111000001100110101000000100010110000110000000111110000110100100000110111011110
01010010000001000010001000101001100000110110001011101011000000100110010010111100011010111000001101001011111100010110011000110000000111110000110100100000110111011110
01010010000001000010001000101001100000110110001011101011000000100110010010111100011010111000001101000010100111110100100001010110000111110000110100100000110111011110
01010010000001000010001000101001100000110110001011101011000000100110010010111100011010111000001101000010010000101100110000110000000111110000110100100000110111011110
01010010000001000010001000101001100000110110001011101011000000100110010010111100011010111000001101001100101010101101101100110000000111110000110100100000110111011110
01010010000001000010001000101001100000110110001011101011000000100110010010111100011010111000001101001010010100001100000000110000000111110000110100100000110111011110
01010010000001000010001000101001100000110110001011101011000000100110010010111100011010111000001101000101110100001100000000110000000111110000110100100000110111011110
