11000110100100001100101111111101100000111000101001111010011111100100000010101001010100111100101101100101100010010001101100100101101011001100100010001110011001000111
11000110100100001100101111111101100000000100101001111010011111100100000010101001010100111100101101100101100010010001101100100101101011001100100010001110011001000111
11000110100100001100101111111101101000110100101001111010011111100100000010101001010100111100101101100101100010010001101100100101101011001100100010001110011001000111
11000110100100001100101111111101100000000101101101100010011111100100000010101001010100111100101101100101100010010001101100100101101011001100100010001110011001000111
01100001000101001110011101101010000110010100101001111010011111100100000010101001010100111100101101100101100010010001101100100101101011001100100010001110011001000111
11000110100100001100101111111101100000100100101001111010011111100100000010101001010100111100101101100101100010010001101100100101101011001100100010001110011001000111
11000110100101001110011101101010000110010100101001111010011111100100000010101001010100111100101101100101100010010001101100100101101011001100100010001110011001000111
11000110100100001100101111111101100000101000101001111010011111100100000010101001010100111100101101100101100010010001101100100101101011001100100010001110011001000111
01100001000100001100101111111101100000111000101001111010011111100100000010101001010100111100101101100101100010010001101100100101101011001100100010001110011001000111
01100001000101001110011101101011000100100100101001111010011111100100000010101001010100111100101101100101100010010001101100100101101011001100100010001110011001000111
11000110100101001110011101101011000100100100101001111010011111100100000010101001010100111100101101100101100010010001101100100101101011001100100010001110011001000111
01100001000100001100101111111101100000000100101001111010011111100100000010101001010100111100101101100101100010010001101100100101101011001100100010001110011001000111
11000110100100001100101111111101100011010100101001111010011111100100000010101001010100111100101101100101100010010001101100100101101011001100100010001110011001000111
01100001011001011010001100101011001100101000101001111010011111100100000010101001010100111100101101100101100010010001101100100101101011001100100010001110011001000111
01110100110011100010110100000010010000000100101001111010011111100100000010101001010100111100101101100101100010010001101100100101101011001100100010001110011001000111
11000110100100001100101111111101100000000101001111010011111100100000010101001010100111100101101100101100010010001101100100101101011001101010101101010110011001000111
11000110100100001100101111111101100000100101001111010011111100100000010101001010100111100101101100101100010010001101100100101101011001101010101101010110011001000111
01100001000100001100101111111101101000110100101001111010011111100100000010101001010100111100101101100101100010010001101100100101101011001100100010001110011001000111
01100001000101001110011101101010001110011000101001111010011111100100000010101001010100111100101101100101100010010001101100100101101011001100100010001110011001000111
11000110100100001100101111111101101000110101000101001111010011111100100000010101001010100111100101101100101100010010001101100111011001011010110001001101000110101010
11000110100100001100101111111101100000000011001111010011111100100000010101001010100111100101101100101100010010001101100100101101011001101010101101010110011001000111
11000110100101001110011101101010001110011000101001111010011111100100000010101001010100111100101101100101100010010001101100100101101011001100100010001110011001000111
01100001000101001110011101101011000100100101001111010011111100100000010101001010100111100101101100101100010010001101100100101101011001101010101101010110011001000111
11000110100100001100101111111101100001111110100101001111010011111100100000010101001010100111100101101100101100010010001101100111011001011010110001001101000110101010
11000110100100001100101111111101100000011000101001111010011111100100000010101001010100111100101101100101100010010001101100100101101011001100100010001110011001000111
11000110100101001110011101101011000100100101001111010011111100100000010101001010100111100101101100101100010010001101100100101101011001101010101101010110011001000111
01110100110011101010100010010000101100100100101001111010011111100100000010101001010100111100101101100101100010010001101100100101101011001100100010001110011001000111
11000110100100001100101111111101100000111000101001111010011111100100000010101001010100111100101101100101100010010001101100111011010001001100100010001110011001000111
11000110100100001100101111111101100000000100101001111010011111100100000010101001010100111100101101100101100010010001101100111011010001001100100010001110011001000111
11000110100100001100101111111101100000111000100101001111010011111100100000010101001010100111100101101100101100010010001101100111011001011010110001001101000110101010
11000110100100001100101111111101100000000101001111010011111100100000010101001010100111100101101100101100010010001101100111011001011010110000110001011000001100001110
11000110100100001100101111111101100000100101001111010011111100100000010101001010100111100101101100101100010010001101100111011001011010110000110001011000001100001110
