00000001111101110100111001000010001000111010001110000001110111101011001100101010110000110110011001110011110011000111001001011111000100110000001100010100001000110101
00000001111101110100111001000010001000111010001110000001110111101011001100101010110000110110011001110011110011000111001001010111110000110000001100010100001000110101
00000001111101110100111001000010001000111010001110000001110111101011001100101010110000110110011000011010100001011000000011010000011001110000001100010100001000110101
00000001111101110100111001000010001000111010001110000001110111101011001100101010110000110110010101111001011000010011001111100101101010110000001100010100001000110101
00000001111101110100111001000010001000111010001110000001110111101011001100101010110000110111010101111001011000010011001111100101101010110000001100010100001000110101
00000001111101110100111001000010001000111010001110000001110111101011001100101010110000110110011000011010100001011000000011010000011011001011101010110111010100010000
00000001111101110100111001000010001000111010001110000001110111101011001100101010110000110110011000011010100001011000000010101000010100110000001100010100001000110101
00000001111101110100111001000010001000111010001110000001110111101011001100101010110000110110011000011010100001011000000011010101101010110000001100010100001000110101
00000001111101110100111001000010001000111010001110000001110111101011001100101010110000110110011001110011110011000111001001010111000011110000001100010100001000110101
00000001111101110100111001000010001000111010001110000001110111101011001100101010110000110110011000011010100001011000000011010000011011101010100011000110111001010000
00000001111101110100111001000010001000111010001110000001110111101011001100101010110000110110011011000011010100001011000000001001001010110000001100010100001000110101
00000001111101110100111001000010001000111010001110000001110111101011001100101010110000110110011001110011110011000111001001011111000100110100000000111000001001010000
00000001111101110100111001000010001000111010001110000001110111101011001100101010110000110110100010010110001110101011110110001001001010110000001100010100001000110101
00000001111101110100111001000010001000111010001110000001110111101011001100101010110000110111001011110011110011000111001001011111000100110000001100010100001000110101
00000001111101110100111001000010001000111010001110000001110111101011001100101010110000110110011001110011110011000111001001010000100111011000001100010100001000110101
00000001111101110100111001000010001000111010001110000001110111101011001100101010110000110110011000011010100001011000000001011100100010101000001100010100001000110101
00000001111101110100111001000010001000111010001110000001110111101011001100101010110000110110011000011010100001011000000011001110110010101000001100010100001000110101
00000001111101110100111001000010001000111010001110000001110111101011001100101010110000110110011001110011110011000111001001011111101010110000001100010100001000110101
00000001111101110100111001000010001000111010001110000001110111101011001100101010110000110110011011000011010100001011000000011011101010110000001100010100001000110101
00000001111101110100111001000010001000111010001110000001110111101011001100101010110000110110011001110011110011000111001001010101101010110000001100010100001000110101
00000001111101110100111001000010001000111010001110000001110111101011001100101010110000110111001011110011110011000111001001010111110000110000001100010100001000110101
00000001111101110100111001000010001000111010001110000001110111101011001100101010110000110110011000011010100001011000000000100010110000110000001100010100001000110101
00000001111101110100111001000010001000111010001110000001110111101011001100101010110000110110011000011010100001011000000011010000011010101000001100010100001000110101
00000001111101110100111001000010001000111010001110000001110111101011001100101010110000110110011011000011010100001011000000011011101111110000001100010100001000110101
00000001111101110100111001000010001000111010001110000001110111101011001100101010110000110111010101111001011000010011001111100100101000110000001100010100001000110101
00000001111101110100111001000010001000111010001110000001110111101011001100101010110000110110011001110011110011000111001001011111000100110111111100010100001000110101
00000001111101110100111001000010001000111010001110000001110111100100001100000100001011110001110101111001011000010011001111100101101010110000001100010100001000110101
00000001111101110100111001000010001000111010001110000001110111101011001100101010110000110001110101111001011000010011001111100101101010110000001100010100001000110101
00000001111101110100111001000010001000111010001110000001110111101011001100101010110000110110011000011010100001011000000000100010110101110000001100010100001000110101
00000001111101110100111001000010001000111010001110000001110111101011001100101010110000110110011011000011010100001011000000011010000011011101010100010100001000110101
00000001111101110100111001000010001000111010001110000001110111100100001100000100001011110001101010101111001011000010011001111100101000101000001100010100001000110101
00000001111101110100111001000010001000111010001110000001110111100101111000011001001011101101010101111001011000010011001111100101101010110000001100010100001000110101
