11101001110001111100101011111111100011001000100111100100110110110100110011111110111010001100011011110111100100000110011011110111000000110010011010101100110011000100
11101001110101010100110001011101100011001000100111100100110110110100110011111110111010001100011011110111100100000110011011110111000000110010011010101100110011000100
11101001110101010100110000100000111001111000100111100100110110110100110011111110111010001100011011110111100100000110011011110111000000110010011010101100110011000100
01101001110001111100101011111111100011001000100111100100110110110100110011111110111010001100011011110111100100000110011011110111000000110010011010101100110011000100
01111000010110110011010111011101100011001000100111100100110110110100110011111110111010001100011011110111100100000110011011110111000000110010011010101100110011000100
01100100100001011000101011110111100011001000100111100100110110110100110011111110111010001100011011110111100100000110011011110111000000110010011010101100110011000100
11101001110001111100101011111110010111000000100111100100110110110100110011111110111010001100011011110111100100000110011011110111000000110010011010101100110011000100
11101010001010111110011100000101100011001000100111100100110110110100110011111110111010001100011011110111100100000110011011110111000000110010011010101100110011000100
11101010001010111110011100100111100011001000100111100100110110110100110011111110111010001100011011110111100100000110011011110111000000110010011010101100110011000100
01100100111111111100101011111111100011001000100111100100110110110100110011111110111010001100011011110111100100000110011011110111000000110010011010101100110011000100
11101001110100111101101101011111100011001000100111100100110110110100110011111110111010001100011011110111100100000110011011110111000000110010011010101100110011000100
11101001110101111100101011111111100011001000100111100100110110110100110011111110111010001100011011110111100100000110011011110111000000110010011010101100110011000100
01000110111001000100000111011101100011001000100111100100110110110100110011111110111010001100011011110111100100000110011011110111000000110010011010101100110011000100
11101010101000011110010100100101100011001000100111100100110110110100110011111110111010001100011011110111100100000110011011110111000000110010011010101100110011000100
11101001110010101111111011110111100011001000100111100100110110110100110011111110111010001100011011110111100100000110011011110111000000110010011010101100110011000100
11101001110001111100101011110110100011001000100111100100110110110100110011111110111010001100011011110111100100000110011011110111000000110010011010101100110011000100
00001111000010101101010011111010110011001000100111100100110110110100110011111110111010001100011011110111100100000110011011110111000000110010011010101100110011000100
01100100111111110000110101001101100011001000100111100100110110110100110011111110111010001100011011110111100100000110011011110111000000110010011010101100110011000100
11101001110101111000000001101101100011001000100111100100110110110100110011111110111010001100011011110111100100000110011011110111000000110010011010101100110011000100
01100100111111110000110101111101100011001000100111100100110110110100110011111110111010001100011011110111100100000110011011110111000000110010011010101100110011000100
11101001110101010100110000100001001001000100111100100110110110100110011111110111010001100011011110111100100000110011011110111000000110010011010101100110011000100100
11101010101000011110010100100100001001001000100111100100110110110100110011111110111010001100011011110111100100000110011011110111000000110010011010101100110011000100
11101010001010111110011100110010001001001000100111100100110110110100110011111110111010001100011011110111100100000110011011110111000000110010011010101100110011000100
01001110001111100101011111111100011001000100111100100110110110100110011111110111010001100011011110111100100000110011011110111000000110010011010101100110011000100100
11101001110001111100101011110111100011001000100111100100110110110100110011111110111010001100011011110111100100000110011011110111000000110010011010101100110011000100
11101001110101010100110000100000010000101000100111100100110110110100110011111110111010001100011011110111100100000110011011110111000000110010011010101100110011000100
00111101001110101010100110000100001001001000100111100100110110110100110011111110111010001100011011110111100100000110011011110111000000110010011010101100110011000100
00101001110001111100101011111111100011001000100111100100110110110100110011111110111010001100011011110111100100000110011011110111000000110010011010101100110011000100
11101001110001111100101011111111100011000111110111100100110110110100110011111110111010001100011011110111100100000110011011110111000000110010011010101100110011000100
00111111011110110010000111101101100011001000100111100100110110110100110011111110111010001100011011110111100100000110011011110111000000110010011010101100110011000100
11101001110001111100101011111111100001111010100111100100110110110100110011111110111010001100011011110111100100000110011011110111000000110010011010101100110011000100
11101001110101010100110001101100011001000100111100100110110110100110011111110111010001100011011110111100100000110011011110111000000110010011010101100110011000100100
