01110111100000101110111111011011111010101110110111111010010001101010101010001000000111000111011110011010111111001011110100001110001000100111110000010001000111110111
01110111100000101110111111011011111010101110110111111010010001101010101010001000000111000111011110011010111111001011110100001110000111100111110000010001000111110111
01110111100000101110111111011011111010101110110111111010010001101010101010001000000111000111011110011010111111001011110100010011001000100111110000010001000111110111
01110111100000101110111111011011111010101110110111111010010001101010101010001000000111000111011110011010111111001011110100001111001000100111110000010001000111110111
01110111100000101110111111011011111010101110110111111010010001101010101010001000000111000111011110011010111111001011110100001110001110100111110000010001000111110111
01110111100000101110111111011011111010101110110111111010010001101010101010001000000111000111011110011010111111001011110100001110010101100001110000010001000111110111
01110111100000101110111111011011111010101110110111111010010001101010101010001000000111000111011110011010111111001011110100000101001000100111110000010001000111110111
01110111100000101110111111011011111010101110110111111010010001101010101010001000000111000111011110011010111111001011110100000111001000100111110000010001000111110111
01110111100000101110111111011011111010101110110111111010010001101010101010001000000111000111011110011010111111001011111111010011001000100111110000010001000111110111
01110111100000101110111111011011111010101110110111111010010001101010101010001000000111000111011110011010111111001011110111001001001000100111110000010001000111110111
01110111100000101110111111011011111010101110110111111010010001101010101010001000000111000111011110011010111111001011110100001110101000100111110000010001000111110111
01110111100000101110111111011011111010101110110111111010010001101010101010001000000111000111011110011010111111001011110100001001001000100111110000010001000111110111
01110111100000101110111111011011111010101110110111111010010001101010101100001001000001011101001101111110110111100000101000101110001000100111110000010001000111110111
01110111100000101110111111011011111010101110110111111010010001101010101010001000000111000111011110011010111111001011111111110111111000100111110000010001000111110111
01110111100000101110111111011011111010101110110111111010010001101010101010001000000111000111011110011010111101010000001111010000001110100111110000010001000111110111
01110111100000101110111111011011111010101110110111111010010001101010101010001000000111000111000111011101101101001010001010100111001000100111110000010001000111110111
