11010010010010101010100010111011011001000110010001000001110101001010110110000010011111111011010110011010011111101000001001001110001001001011111101100011111010110001
11010010111010100010111011011001000110010001000001110101001010110110000010011111111011010110011010011111101000011000011011010010011001101010001101100011111010110001
11000111100101010100010111011011001000110010001000001110101001010110110000010011111111011010110011010011111101000011000011011010010011001111111101100011111010110001
11001101000111010100010111011011001000110010001000001110101001010110110000010011111111011010110011010011111101000011000011011010010011001111111101100011111010110001
11001101000111011010100010111011011001000110010001000001110101001010110110000010011111111011010110011010011111101000001001001110001001001011111101100011111010110001
11001001100101010100010111011011001000110010001000001110101001010110110000010011111111011010110011010011111101000011000011011010010011001111111101100011111010110001
11000111100101010100010111011011001000110010001000001110101001010110110000010010011111111011010110011010011111101000001001001110001001001011111101100011111010110001
01100000000101010100010111011011001000110010001000001110101001010110110000010011111111011010110011010011111101000011000011011010010011001111111101100011111010110001
11010010111010100010111011011001000110010001000001110101001010110110000010011111111011010110011010011111101000011000011011010010011001101011111101100011111010110001
01100000101100101010100010111011011001000110010001000001110101001010110110000010011111111011010110011010011111101000001001001110001001001011111101100011111010110001
11010010111010100010111011011001000110010001000001110101001010110110000010011111111011010110011010011111101000011000011011010010011000101000111101100011111010110001
11000111100011010100010111011011001000110010001000001110101001010110110000010011111111011010110011010011111101000011000011011010010011001111111101100011111010110001
11001101000111010100010111011011001000110010001000001110101001010110110000010010011111111011010110011010011111101000001001001110001001001011111101100011111010110001
11000111100101010100010111011011001000110010001000001110101001010110110000010011111111011010110011010011111101000011000011011010010001000110011101100011111010110001
11010010010010101010100010111011011001000110010001000001110101001010110110000010011111111011010110011010011111101000011000011011010010011001101101100011111010110001
11001001001100101010100010111011011001000110010001000001110101001010110110000010011111111011010110011010011111101000001001001110001001001011111101100011111010110001
11001101000111010100010111011011001000110010001000001110101001010110110000010011111111011010110011010011111101000011000011011010010001000110011101100011111010110001
11000111100101010100010111011011001000110010001000001110101001010110110000010011111111011010110011010011111101000011000011011010010011001101101101100011111010110001
11001101000101010100010111011011001000110010001000001110101001010110110000010011111111011010110011010011111101000011000011011010010011001111111101100011111010110001
01100000000101010100010111011011001000110010001000001110101001010110110000010010011111111011010110011010011111101000001001001110001001001011111101100011111010110001
11000111100101010100010111011011001000110010001000001110101001010110110000010011111111011010110011010011111101000011000011011010010011001101111101100011111010110001
11000111100101010100010111011011001000110010001000001110101001010110110000010011111111011010110011010011111101000011000011011010010011001011111101100011111010110001
11001001100101010100010111011011001000110010001000001110101001010110110000010010011111111011010110011010011111101000001001001110001001001011111101100011111010110001
11010010111010100010111011011001000110010001000001110101001010110110000010011111111011010110011010011111101000011000011011010010011000000000000001011011111010110001
11001101000111010100010111011011001000110010001000001110101001010110110000010011111111011010110011010011111101000011000011011010010011001101101101100011111010110001
01100000000101010100010111011011001000110010001000001110101001010110110000010011111111011010110011010011111101000011000011011010010001000110011101100011111010110001
11000111100011010100010111011011001000110010001000001110101001010110110000010010011111111011010110011010011111101000001001001110001001001011111101100011111010110001
11010010111010100010111011011001000110010001000001110101001010110110000010010011111111011010110011010011111101000011000011011010010011001111111101100011111010110001
11010010111010100010111011011001000110010001000001110101001010110110000010011111111011010110011010011111101000011000011011010010011001101101111101100011111010110001
11000111100101010100010111011011001000110010001000001110101001010110110000010011111111011010110011010011111101000011000011011010010011001100100101100011111010110001
11001001100101010100010111011011001000110010001000001110101001010110110000010011111111011010110011010011111101000011000011011010010001000110011101100011111010110001
11010010010010000100010111011011001000110010001000001110101001010110110000010011111111011010110011010011111101000011000011011010010011001111111101100011111010110001
