00111111010100100110111111101000001010110001100100100110100011010010010000101100000010111101100101000000111000110111001000000110101001000010000101101100000001101111
00111111010100100110111111101000001010110001100100100110100011010010010000101100000010111101100101000000111000110111001000000110101001000010000101100111010101111000
00111111010100100110111111101000001010110001100100100110100011010010010000101100000010111101100101000000111000110111001000000110100101000011111000110100000001101111
00111111010100100110111111101000001010110001100100100110100011010010010000101100000010111101100101000000111000110111001000000110100101000011111000110100000000101010
00111111010100100110111111101000001010110001100100100110100011010010010000101100000010111101100101000000111000110111001000000110101001000010000101100110100001101111
00111111010100100110111111101000001010110001100100100110100011010010010000101100000010111101100101000000111000110111001000000110101001000010000101100111001110100000
00111111010100100110111111101000001010110001100100100110100011010010010000101100000010111101100101000000111000110111001000000110101001000010000101100111010101111111
00111111010100100110111111101000001010110001100100100110100011010010010000101100000010111101100101000000111000110111001000000110101001000010000101100111010101110001
00111111010100100110111111101000001010110001100100100110100011010010010000101100000010111101100101000000111000110111001000000110101110110111111010011111100110011111
00111111010100100110111111101000001010110001100100100110100011010010010000101100000010111101100101000000111000110111001000000110101001000010000101100111010101111010
00111111010100100110111111101000001010110001100100100110100011010010010000101100000010111101100101000000111000110111001000000110101001000011111000110100000001101111
00111111010100100110111111101000001010110001100100100110100011010010010000101100000010111101100101000000111000110111001000000110100101000011111000110100000000011010
00111111010100100110111111101000001010110001100100100110100011010010010000101100000010111101100101000000111000110111001000000110101001000010000101100111010101111011
00111111010100100110111111101000001010110001100100100110100011010010010000101100000010111101100101000000111000110111001000000110100101000011110001101100000001101111
00111111010100100110111111101000001010110001100100100110100011010010010000101100000010111101100101000000111000110111001000000110101001000011111000110100000000101010
00111111010100100110111111101000001010110001100100100110100011010010010000101100000010111101100101000000111000110111001000000111011001011111011011101010100001101111
00111111010100100110111111101000001010110001100100100110100011010010010000101100000010111101100101000000111000110111001000000110100101000011111000110100000000101001
00111111010100100110111111101000001010110001100100100110100011010010010000101100000010111101100101000000111000110111001000000110101001000010000101100111001110100011
00111111010100100110111111101000001010110001100100100110100011010010010000101100000010111101100101000000111000110111001000000111011101111100111111100110100001101111
00111111010100100110111111101000001010110001100100100110100011010010010000101100000010111101100101000000111000110111001000000110101001000010000100101000001000111111
00111111010100100110111111101000001010110001100100100110100011010010010000101100000010111101100101000000111000110111001000000110101001000000111111100110100001101111
00111111010100100110111111101000001010110001100100100110100011010010010000101100000010111101100101000000111000110111001000000110101001000010000101100111010100101111
00111111010100100110111111101000001010110001100100100110100011010010010000101100000010111101100101000000111000110111001000000110100101000011000111010101000010011010
00111111010100100110111111101000001010110001100100100110100011010010010000101100000010111101100101000000111000110111001000000110101001000010000101100111010101111100
00111111010100100110111111101000001010110001100100100110100011010010010000101100000010111101100101000000111000110111001000000110101001000010000101100111111000011010
00111111010100100110111111101000001010110001100100100110100011010010010000101100000010111101100101000000111000110111001000000110101001000010001101110001000111001010
00111111010100100110111111101000001010110001100100100110100011010010010000101100000010111101100101000000111000110111001000000110101001000010000101100111001100001010
00111111010100100110111111101000001010110001100100100110100011010010010000101100000010111101100101000000111000110111001000000110101001000010000101100111010100110100
00111111010100100110111111101000001010110001100100100110100011010010010000101100000010111101100101000000111000110111001000000110101001000000110111110000110011010111
00111111010100100110111111101000001010110001100100100110100011010010010000101100000010111101100101000000111000110111001000000110101001000010001101110001000110011111
00111111010100100110111111101000001010110001100100100110100011010010010000101100000010111101100101000000111000110111001000000110100101000011110000100010010010011111
00111111010100100110111111101000001010110001100100100110100011010010010000101100000010111101100101000000111000110111001000000111011111110110010010000000101111000111
