00010110010111011101001000010110110101100010110101111010000010101110101110001001010000100100001001011101111100101101010001000111110000001111101011100111100011110111
00010110010111011101001000010110110101100011001011011101100010101110101110001001010000100100001001011101111100101101010001000111110000001111101011100111100011110111
00010110010111011101001000010110110101100010110101111010000010101110101110001001010000100100001001011101111100101101010001000111110000001111101001011111100011110111
00010111000000110000001001111110010101110111111111111011110010101110101110001001010000100100001001011101111100101101010001000111110000001111101011100111100011110111
00010110010111011101001001001111110010101110111111111111011110010101110101110001001010000100100001001011101111100101101010001000111110000001111101011111100011110111
00010110010111011101001001001111110010101110111111111111010111100001001111101011011011000100101100011011010111101101010001000111110000001111101011100111100011110111
00010110010111011101001000010110110101100010110101111010000010101110101110001001010000100100001001011101111100101101010001000111110000001111101010000101100011110111
00010110010111011101001000010110110101100010110101111010000010101110101110001001010000100100001001011101111100101101010001000111110000001111101010000111100011110111
00010110010111011101001001001111110010101110111111111111011110010101110101110001001010000100100001001011101111100101101010001000111110000001111101010000110011110111
00010110010111011101001000010110110101100010110101111011110010101110101110001001010000100100001001011101111100101101010001000111110000001111101011100111100011110111
00010110010111011101001001001111110010101110111111111111011110010101110101110001001010000100100001001011101111100101101010001000111110000001111101010111010001110111
00010110010111011101001001001111110010101110111111111111011110010101110101110001001010000100100001001010101011110000110001100111110000001111101011100111100011110111
00010110010111011101001000010110110101100011001011011101100010101110101110001001010000100100001001011101111100101101010001000111110000001111101001011111100011110111
00010110010111011101001000011000100010101110111111111111011110010101110101110001001010000100100001001011101111100101101010001000111110000001111101011111100011110111
00010110010111011101001000010110110101100010110101111010000010101110101110001001010000100100001001011101111100101101010001000111110000001111101010001111010001110111
00010110010111011101001000010110110101100010110101111010000010101110101110001001010000100100001001011101111100101101010001000111110000001111101011111010000011110111
00010110010111011101001001001111110010101110111111111111011110010101110101110001001010000100100001001011101111100101101010001000111110000001111101011111010001110111
00010110010111011101001000010110110101100010110101111010000010101110101110001001010000100100001001011101111100101101010001000111110000001111101010001110000100110111
00010110010111011101001000010110110101100010110101111010000010101110101110001001010000100100001001011101111100101101010001000111110000001111101010000101010011110111
00010110010111011110101001111110010101110111111111111011110010101110101110001001010000100100001001011101111100101101010001000111110000001111101011100111100011110111
00010111000000110000001001111110010101110111111111111011110010101110101110001001010000100100001001011101111100101101010001000111110000001111101001011111100011110111
00010110010111011101001000010110111100110110111101001001100101001110101110001001010000100100001001011101111100101101010001000111110000001111101011100111100011110111
00010110010111011101001001001111100111010111111111111011110010101110101110001001010000100100001001011101111100101101010001000111110000001111101011100111100011110111
00010110010111011101001001001111110010101110111111111111011110010101110101110001001010000100100001001011101111100101101010001000111110000001111101010000100011110111
00010110010111011101001001001111110010101110111111111111011110010101110101110001001010000100100001001011010111101101010001000111110000001111101011100111100011110111
00010110010111011101001001001111110010101110111111111111011110010101110101110001001010000100100001001011101111100101101010001000111110000001111101010001110000100111
00010110010111011101001001001111110010101110111111111111011110010101110101110001001010000100100001001011101111100101101010001000111110000001111101010000010001110111
00010110010111011101001001001111110010101110111111111111011110010101110101110001001010000100100001001010101011110000110001100111110001001011101111011111100011110111
00010110010111011101001001001111110010101110111111111111011110010101110101110001001010000100100001001011101111100101101010001000111110000001111101010001100100110111
00010111000000110000001001111110010101110111111111111011110010101110101110001001010000100100001001011101111100101101010001000111110000001111101010000101100011110111
00010111000000110000001001111110010101110111111111111011110010101110101110001001010000100100001001011101111100101101010001000111110000001111101010000111100011110111
00010111000000110000001001000010010101110111111111111011110010101110101110001001010000100100001001011101111100101101010001000111110000001111101011100111100011110111
