10011111100011111101100110011000000000011100101100111110001110010010100110010110010111010100000010110011001011111110010001110010000101111000111010011111001011011101
10011111100011111101100110011000000000011100101100111110000001110010100110010110010111010100000010110011001011111110010001110010000101111000111010011111001011011101
10011111100011111101100110011000000000011100101100111110000010010010100110010110010111010100000010110011001011111110010001110010000101111000111010011111001011011101
11000010100101111101100110011000000000011100101100111110001110010010100110010110010111010100000010110011001011111110010001110010000101111000111010011111001011011101
10011111100011111101100110011000000000011100101100111110001110010010100110010110010111010100000010110011001011111110010001110010000101111000111010011111001011011100
10011111100011111101100110011000000000011100101100111110001110010010101101111110100111010100000010110011001011111110010001110010000101111000111010011111001011011101
10011111100011111101100110011000000000011100101100111110001010110010100110010110010111010100000010110011001011111110010001110010000101111000111010011111001011011101
10011111100011111101100110011000000000011100101100111111110100111110100110010110010111010100000010110011001011111110010001110010000101111000111010011111001011011101
10011111100011111101100110011000000000011100101100111110000001111111011000011100100011110110000010110011001011111110010001110010000101111000111010011111001011011101
10011111100011111101100110011000000000011100101100110001011010011110100110010110010111010100000010110011001011111110010001110010000101111000111010011111001011011101
10011111100011111101100110011000000000011100101100100000110000110010100110010110010111010100000010110011001011111110010001110010000101111000111010011111001011011101
10011111100011111101100110011000000000011100101100111110001110000000011000011100100011110110000010110011001011111110010001110010000101111000111010011111001011011101
10011111100011111101100110011000000000011100101101111111010110010010100110010110010111010100000010110011001011111110010001110010000101111000111010011111001011011101
10011111100011111101100110011000000000011100101100111110001110010010100110000000101111100100000010110011001011111110010001110010000101111000111010011111001011011101
10011111100011111101100110011000000000011100101100111001001110010010100110010110010111010100000010110011001011111110010001110010000101111000111010011111001011011101
11100101000011111101100110011000000000011100101100111110001110010010100110010110010111010100000010110011001011111110010001110010000101111000111010011111001011011101
