10111101100101010001110110111100111111000000001100101101110100111111010101100010011101010001100100111011100110110111100101101010000000011011011100001110100101010110
10111101100101010001110110111100111111110111001100101101110100111111010101100010011101010001100100111011100110110111100101101010000000011011011100001110100101010110
01001010010001010001110110111100111111000000001100101101110100111111010101100010011101010001100100111011100110110111100101101010000000011011011100001110100101010110
10111101100101010001110110111100110011000000001100101101110100111111010101100010011101010001100100111011100110110111100101101010000000011011011100001110100101010110
00100100110101011011010010010011011010011101001010101101110100111111010101100010011101010001100100111011100110110111100101101010000000011011011100001110100101010110
01011001001111111000100111001101001011000000001100101101110100111111010101100010011101010001100100111011100110110111100101101010000000011011011100001110100101010110
00001001010111011011010010010011011010011101001010101101110100111111010101100010011101010001100100111011100110110111100101101010000000011011011100001110100101010110
11011101111011011100110011101100000011000000001100101101110100111111010101100010011101010001100100111011100110110111100101101010000000011011011100001110100101010110
01100111100101010001110110111100111111000000001100101101110100111111010101100010011101010001100100111011100110110111100101101010000000011011011100001110100101010110
01011000101110100101011111101000101111001001101100101101110100111111010101100010011101010001100100111011100110110111100101101010000000011011011100001110100101010110
01011110000100100100000011100011101000000000001100101101110100111111010101100010011101010001100100111011100110110111100101101010000000011011011100001110100101010110
01011110010111111001011010110100110011000000001100101101110100111111010101100010011101010001100100111011100110110111100101101010000000011011011100001110100101010110
01010001000001000101010111101001101110000000001100101101110100111111010101100010011101010001100100111011100110110111100101101010000000011011011100001110100101010110
01010001000110001010010111100010100011000000001100101101110100111111010101100010011101010001100100111011100110110111100101101010000000011011011100001110100101010110
01011000101110011111111111000010111111000000001100101101110100111111010101100010011101010001100100111011100110110111100101101010000000011011011100001110100101010110
11011110001011011011010010010011011010011101001010101101110100111111010101100010011101010001100100111011100110110111100101101010000000011011011100001110100101010110
