01101000001101110010011010101100100010101100111010111010010010110000011101011100110010010111011111010111110011010010010101001000100110101101010010101001001011000100
01110110001101110010011010101100100010101100111010111010010010110000011101011100110010010111011111010111110011010010010101001000100110101101010010101001001011000100
01110100101101110010011010101100100010101100111010111010010010110000011101011100110010010111011111010111110011010010010101001000100110101101010010101001001011000100
01110010101101110010011010101100100010101100111010111010010010110000011101011100110010010111011111010111110011010010010101001000100110101101010010101001001011000100
00000001101101110010011010101100100010101100111010111010010010110000011101011100110010010111011111010111110011010010010101001000100110101101010010101001001011000100
01101000000111111001011010101100100010101100111010111010010010110000011101011100110010010111011111010111110011010010010101001000100110101101010010101001001011000100
01110111001011110010011010101100100010101100111010111010010010110000011101011100110010010111011111010111110011010010010101001000100110101101010010101001001011000100
01111101101101110010011010101100100010101100111010111010010010110000011101011100110010010111011111010111110011010010010101001000100110101101010010101001001011000100
01110100101001111101111010101100100010101100111010111010010010110000011101011100110010010111011111010111110011010010010101001000100110101101010010101001001011000100
00100000001101110010011010101100100010101100111010111010010010110000011101011100110010010111011111010111110011010010010101001000100110101101010010101001001011000100
01100110001101110010011010101100100010101100111010111010010010110000011101011100110010010111011111010111110011010010010101001000100110101101010010101001001011000100
01010001011101110010011010101100100010101100111010111010010010110000011101011100110010010111011111010111110011010010010101001000100110101101010010101001001011000100
01111101001101110010011010101100100010101100111010111010010010110000011101011100110010010111011111010111110011010010010101001000100110101101010010101001001011000100
01111001101101110010011010101100100010101100111010111010010010110000011101011100110010010111011111010111110011010010010101001000100110101101010010101001001011000100
01101000000010111110100100101100100010101100111010111010010010110000011101011100110010010111011111010111110011010010010101001000100110101101010010101001001011000100
01110101101101110010011010101100100010101100111010111010010010110000011101011100110010010111011111010111110011010010010101001000100110101101010010101001001011000100
10100110001101110010011010101100100010101100111010111010010010110000011101011100110010010111011111010111110011010010010101001000100110101101010010101001001011000100
10001101110010011010101100100010101100111010111010010010110000011101011100110010010111011111010111110011010010010101001000100110101010100111000101111001001011000100
01101000001101110010011010101100100010101100111010111010010010110000011101011100110010010111011111010111110011010010010101001000100110101010100000001001001011000100
00100110001101110010011010101100100010101100111010111010010010110000011101011100110010010111011111010111110011010010010101001000100110101101010010101001001011000100
01110110001101110010011010101100100010101100111010111010010010110000011101011100110010010111011111010111110011010010010101001000100110101010100000001001001011000100
01110011010001001110011010101100100010101100111010111010010010110000011101011100110010010111011111010111110011010010010101001000100110101101010010101001001011000100
01110100100101110010011010101100100010101100111010111010010010110000011101011100110010010111011111010111110011010010010101001000100110101101010010101001001011000100
10001101110010011010101100100010101100111010111010010010110000011101011100110010010111011111010111110011010010010101001000100110101010101100110010101001001011000100
01110100101101110010011010101100100010101100111010111010010010110000011101011100110010010111011111010111110011010010010101001000100110101010100000001001001011000100
01111101101110010011010101100100010101100111010111010010010110000011101011100110010010111011111010111110011010010010101001000100110101010100000010101101111000001111
01110100110001101110010011010101100100010101100111010111010010010110000011101011100110010010111011111010111110011010010010101001000100110101010100000010110111111010
01011100001101110010011010101100100010101100111010111010010010110000011101011100110010010111011111010111110011010010010101001000100110101101010010101001001011000100
10001101110010011010101100100010101100111010111010010010110000011101011100110010010111011111010111110011010010010101001000100110101010100001111100011101111000001111
01110100110001101110010011010101100100010101100111010111010010010110000011101011100110010010111011111010111110011010010010101001000100110101010100000001001011000100
01111101101110010011010101100100010101100111010111010010010110000011101011100110010010111011111010111110011010010010101001000100110101101010010101001001011000100100
01110110111101110010011010101100100010101100111010111010010010110000011101011100110010010111011111010111110011010010010101001000100110101101010010101001001011000100
