01011111100111111001110010010011110111101100100010110100100001110111110011100001001011101010001010000101011010111011101111000011100111000011110110001001111001011100
01011111100111111001110010010011110111101100100010110101100101110111110011100001001011101010001010000101011010111011101111000011100111000011110110001001111001011100
01011111100111111001110010010001110111101100100010110100100001110111110011100001001011101010001010000101011010111011101111000011100111000011110110001001111001011100
01011111100111111001111010000001110111101100100010110100100001110111110011100001001011101010001010000101011010111011101111000011100111000011110110001001111001011100
01011111100111101001001001010011110111101100100010110100100001110111110011100001001011101010001010000101011010111011101111000011100111000011110110001001111001011100
01011111100111111001110010010011110111101100100011100010110001110111110011100001001011101010001010000101011010111011101111000011100111000011110110001001111001011100
01011111100111111001110010010011110000111010101101000010010001110111110011100001001011101010001010000101011010111011101111000011100111000011110110001001111001011100
01011111100111111010000010001010011111011100100010110100100001110111110011100001001011101010001010000101011010111011101111000011100111000011110110001001111001011100
01011111100111111001001011100001110111101100100010110100100001110111110011100001001011101010001010000101011010111011101111000011100111000011110110001001111001011100
01011111100111111101001100110001110111101100100010110100100001110111110011100001001011101010001010000101011010111011101111000011100111000011110110001001111001011100
01011111100111111001110010010011110111101100100010110100100001110111110011100001001011101010001010000101011010111011101111000001110111000011110110001001111001011100
01011111100111111111100001010011110111101100100010110100100001110111110011100001001011101010001010000101011010111011101111000011100111000011110110001001111001011100
01011111100111111001110010010011110111101100100010110100100110111000110011100001001011101010001010000101011010111011101111000011100111000011110110001001111001011100
01011111100111111001110010010011110111111011010110110100100001110111110011100001001011101010001010000101011010111011101111000011100111000011110110001001111001011100
00110011010011010011000000010011110111101100100010110100100001110111110011100001001011101010001010000101011010111011101111000011100111000011110110001001111001011100
01011111100111111001110010010011110111101100100010110101100101110111110000001001111011101010001010000101011010111011101111000011100111000011110110001001111001011100
