10000010000000000010000101010110010110000000111111111111111110101000010111100011000101000000011110010101101011110000100000001000111011000001001100111101110000000100
10000010000000000010000101010110010110000000111111111111111110101000010111100011000101000000011110010101101011110000100000001000111011000010101100111101110000000100
10010011100111011111000000111101010110010110000000111111111111111110101000010111100011000101000000011110010101101011110000100000001000111011000110110011110000000100
10010011100110110101010101010110010110000000111111111111111110101000010111100011000101000000011110010101101011110000100000001000111011000001001100111101110000000100
10010000000000010000101010110010110000000111111111111111110101000010111100011000101000000011110010101101011110000100000001000111011000000000110011001101110000000100
10010011100111011111000000111101010110010110000000111111111111111110101000010111100011000101000000011110010101101011110000100000001000111011000000001101100001000110
10000010111110101101110010101010110010110000000111111111111111111110101000010111100011000101000000011110010101101011110000100000001000111011000110110011110000000100
10010011100110110101010101010110010110000000111111111111111110101000010111100011000101000000011110010101101011110000100000001000111011000010101100111101110000000100
10000010000000000010000101010110010110000000111111111111110101000010111100011000101000000011110010101101011110000100000001000111011000000000110011001101110000000100
10000010111110101101110010101010110010110000000111111111111110101000010111100011000101000000011110010101101011110000100000001000111011000001001100111101110000000100
10000010111110101101110010101010110010110000000111111111111111110101000010111100011000101000000011110010101101011110000100000001000111011010101100111101110000000100
10001000110011101110010101010110010110000000111111111111111110101000010111100011000101000000011110010101101011110000100000001000111011000001001100111101110000000100
10010000000000010000101010110010110000000111111111111111111110101000010111100011000101000000011110010101101011110000100000001000111011000001001100111101110000000100
10000010000000000010000101010110010110000000111111111111111111110101000010111100011000101000000011110010101101011110000100000001000111011010101100111101110000000100
10000010111110101101110010101010110010110000000111111111111110101000010111100011000101000000011110010101101011110000100000001000111011000010101100111101110000000100
10000010111110101101110010101010110010110000000111111111111111110101000010111100011000101000000011110010101101011110000100000001000111011001001100111101110000000100
10000010000000000010000101010110010110000000111111111111111110101000010111100011000101000000011110010101101011110000100000001111111010001001001100111101110000000100
10000010111110101101110010101010110010110000000111111111111111111110101000010111100011000101000000011110010101101011110000100000001000111011000000001101100001000110
10010000000000010000101010110010110000000111111111111111111110101000010111100011000101000000011110010101101011110000100000001000111011000010101100111101110000000100
10010011100110110101010101010110010110000000111111111111110101000010111100011000101000000011110010101101011110000100000001000111011000000000110011001101110000000100
10001000110011101110010101010110010110000000111111111111111110101000010111100011000101000000011110010101101011110000100000001000111011000010101100111101110000000100
10000010000000000010000101010110010110000000111111111111111110101000010111100011000101000000011110010101101011110000100000001000111011000111010011001101110000000100
10010011100111011111000000111101010110010110000000111111111111110101000010111100011000101000000011110010101101011110000100000001000111011010101100111101110000000100
10000010000000000010000101010110010110000000111111111111111111110101000010111100011000101000000011110010101101011110000100000001000111011001001100111101110000000100
10010011100110110101010101010110010110000000111111111111111111110101000010111100011000101000000011110010101101011110000100000001000111011010101100111101110000000100
10000010101101110010101010110010110000000111111111111111110101000010111100011000101000000011110010101101011110000100000001000111011000000000110011001101110000000100
10011001100110110101010101010110010110000000111111111111111110101000010111100011000101000000011110010101101011110000100000001000111011000001001100111101110000000100
10010000110011101110010101010110010110000000111111111111111110101000010111100011000101000000011110010101101011110000100000001000111011000001001100111101110000000100
10000010000000000010000101010110010110000000111111111111111110101000010111100011000101000010110010100100101001000010110110100011101001000000110011001101110000000100
10010000000000010000101010110010110000000111111111111111110101000010111100011000101000000011110010101101011110000100000001000111011000010101010011001101110000000100
10010011100110110101010101010110010110000000111111111111111110101000010111100011000101000000011110010101101011110000100000001111111010001001001100111101110000000100
10000010000000000010000101010110010110000000111111111111111111111110101000010111100011000101000000011110010101101011110000100000001000111011000110110011110000000100
