10001011001100010111101100010001001101111010100101000111001011010000010101011110010101110000011010000100111100010001101101011010101000100101001111100100101100011000
10001011001100010111101100010001001101110101111010110110111010001000010101011110010101110000011010000100111100010001101101011010101000100101001111100100101100011000
10001011001100010111101100010001001101111010100101000111001011010000010101011110010101110000011010000100111100010001101101011010101000100101001111100101011000000001
10001011001100010111101100010001001101110101111010110110111010001000010101011110010101110000011010000100111100010001101101011010101000100101001111100101011000000001
10001011001100010111101100010001001101111010100101000111001011010000010101011110010101110000011010000100111100010001101101011010101001011111010110011010100001100101
10001011001100010111101100010001001101111010100101000111001011010000010101011110010101110000011010000100111100010001101101011010101000100010000011010101110110001110
10001011001100010111101100010001001101110101111010110110111010001000010101011110010101110000011010000100111100010001101101011010101001011111010110011010100001100101
10001011001100010111101100010001001101110101111010110110111010001000010101011110010101110000011010000100111100010001101101011010101000100010000011010101110110001110
10001011001100010111101100010001001101111010100101000111001011010000010101011110010101110000011010000100111100010001101101011010101000100010011011010101110110001110
10001011001100010111101100010001001101110101111010110110111010001000010101011110010101110000011010000100111100010001101101011010101000100010011011010101110110001110
10001011001100010111101100010111000100001000100000100011111010001000010101011110010101110000011010000100111100010001101101011010101000100101001111100100101100011000
10001011001100010111101100010001001101111010100101000111001011010000010101011110010101110000011010000100111100010001101101011010101001011000101010000101110000001110
10001011000110011000000100000111001110101111010110110111010001000010101011110010101110000011010000100111100010001101101011010101000100101001111100100101100011110001
10001011001100010111101100010001001101111010100101000111001011010000010101011110010101110000011010000100111100010001101101011010101000100101001111100101011000000000
10001011001100010111101100010001001101111010100101000111001011010000010101011110010101110000011010000100111100010001101101011010101000100101001100011101001111001110
10001011001100010111101100010001001101110101111010110110111010001000010101011110010101110000011010000100111100010001101101011010101001011000101010000101110000001110
