01101000000000010011001000110001001111111000111101101000010101101011111101100101111110001000101100101100111111111011000111011000100101111011100011110100110011001011
01101000000000010011001000110001001111111000111101101000010101101011111101100101111110001000101100101100111111111011000111011000100101111011100011110100111010101011
01101000000000010011001000110001001111111000111101101000010101101011111101100101111110001000101100101100111111111011000111011000100101111011100101101001110011001011
01101000000000010011001000110001001111111000111101101000010101101011111101100101111110001000101100101100111111111011000111011000100101111011100011100010010011001011
01101000000000010011001000110001001111111000111101101000010101101011111101100101111110001000101100101100111111111011000111011000100101111011100011011011101011001011
01101000000000010011001000110001001111111000111101101000010101101010000111000101111110001000101100101100111111111011000111011000100101111011100011110100110011001011
01101000000000010011001000110001001111111000111101101000010101101011111101100101111110001000101100101100111111111011000110101000100101111011100011110100110011001011
01101000000000010011001000110001001111111000111101101000010101101011111101100101111110001000101100101100111111111011000111011000100101111011101011111110100011001011
01101000000000010011001000110001001111111000111101101000010101101011111101100101111110001000101100101100111111111011000111011000100101111011100011110100110000001011
01101000000000010011001000110001001111111000111101101000010101101011111101100101111110001000101100101100111111111011000111011000100101111011100011110100110010011011
01101000000000010011001000110001001111111000111101101000010101101011111101100101111110001000101100101100111111111011000111011001011111011011100011110100110011001011
01101000000000010011001000110001001111111000111101101000010101101011111101100101111110001000101100101100111111111011000111011000100101111011100011110101100011001011
01101000000000010011001000110001001111111000111101101000010101101011111101100101111110001000101100101100111111111011000111011000100101111011100011110100110011110000
01101000000000010011001000110001001111111000111101101000010101101011111101100101111110001000101100101100111111111011000111011000100101111011100011100010010100000100
01101000000000010011001000110001001111111000111101101000010101101011111101100101111110001000101100101100111111111011000111011000100101111010011111001111000011001011
01101000000000010011001000110001001111111000111101101000010101101011111101100101111110001000101100101100111111111011000111011000100101111011100011110110010010011011
