01111100111101101010000000010001001111000111011010110011000110100101110100000001000011100111101001100100111000011001000100110000011001001010001010101011011101001000
00101010111101101010000000010001001111000111011010110011000110100101110100000001000011100111101001100100111000011001000100110000011001001010001010101011011101001000
10110011001101101010000000010001001111000111011010110011000110100101110100000001000011100111101001100100111000011001000100110000011001001010001010101011011101001000
01111100111101101010000000010001001111000111011010110011000110100101110100000001000011100111101001101010111110100110111110110000011001001010001010101011011101001000
10110000111101101010000000010001001111000111011010110011000110100101110100000001000011100111101001100100111000011001000100110000011001001010001010101011011101001000
01111100111101101010000000010001001111000111011010110011000110100101110100000001000011100111101001100111000110000001111010110000011001001010001010101011011101001000
01111100111101101010000000010001001111000111011010110011000110100101110100000001000011100111101011100100111000011001000100110000011001001010001010101011011101001000
01111100111101101010000000010001001111000111011010110011000110100101110100000000001001011011111010100100111000011001000100110000011001001010001010101011011101001000
10110011001101111010000000010001001111000111011010110011000110100101110100000001000011100111101001100100111000011001000100110000011001001010001010101011011101001000
10110010110111101101010000000010001001111000111011010110011000110100101110100000001000011100111101001100100111000011001000110000011001001010001010101011011101001000
10110011001101111011011010010001001111000111011010110011000110100101110100000001000011100111101001100100111000011001000100110000011001001010001010101011011101001000
01111100111101101010000000010001001111000111011010110011000110100101110100000001000011100111101001100100111000011011001010110000011001001010001010101011011101001000
01111100111101101010000000010001001111000111011010110011000110100101110100000001000011100111101001100100111000011001000100110001011111001010001010101011011101001000
01111100111101101010000000010001001111000111011010110011000110100101110100000001000011100111101001101011111100100001100100110000011001001010001010101011011101001000
10110010110111101101010000000010001001111000111011010110011000110100101110100000001000011100111101000100111000011001000100110000011001001010001010101011011101001000
01111100111101101010000000010001001111000111011010110011000110100101110100000001000011100111101001100110111000011001000100110000011001001010001010101011011101001000
10110011001100101010000000010001001111000111011010110011000110100101110100000001000011100111101001100100111000011001000100110000011001001010001010101011011101001000
01111100111101101010000000010001001111000111011010110011000110100101110100000001000011100111101001100100100110100011000100110000011001001010001010101011011101001000
01111100111101101010000000010001001111000111011010110011000110100101110100000001000011100111101001100100111000011001000010110000011001001010001010101011011101001000
01111100111101101010000000010001001111000111011010110011000110100101110100000001001011010111000010001010111110100110111110110000011001001010001010101011011101001000
01111100111101101010000000010001001111000111011010110011000110100101110100000001000011100111101001100100111000011001000101000111001001001010001010101011011101001000
01111100111101101010000000010001001111000111011010110011000110100101110100000001001011011111011000000100111000011001000100110000011001001010001010101011011101001000
10110010110111101101010000000010001001111000111011010110011000110100101110100000001000011100111101011100111000011001000100110000011001001010001010101011011101001000
01111100111101101010000000010001001111000111011010110011000110100101110100000001000011111111111110011010111110100110111110110000011001001010001010101011011101001000
01111100111101101010000000010001001111000111011010110011000110100101110100000001000011100111101001100101110000011001000100110000011001001010001010101011011101001000
01111100111101101010000000010001001111000111011010110011000110100101110100000001000011100111101010100100111000011001000100110000011001001010001010101011011101001000
01111100111101101010000000010001001111000111011010110011000110100101110100000001000011100111101011110000100110011101101010110000011001001010001010101011011101001000
01111100111101101010000000010001001111000111011010110011000110100101110100000001001011101001101100100100111000011001000100110000011001001010001010101011011101001000
01111100111101101010000000010001001111000111011010110011000110100101110100000001000011100111101001100100100001010110111110110000011001001010001010101011011101001000
01111100111101101010000000010001001111000111011010110011000110100101110100000001000011100110001110100100111000011001000100110000011001001010001010101011011101001000
01111100111101101010000000010001001111000111011010110011000110100101110100000001000011100110110001100100111000011001000100110000011001001010001010101011011101001000
01111100111101101010000000010001001111000111011010110011000110100101110100000001000011100111101001100100011111000111111110110000011001001010001010101011011101001000
