00110000011101111111001100001011010000111010111011001000111000001100110001011011101111010111010001011111101100000001100111000001101000000110111111110000001010000111
00110000011101111111001100001011010000111010111011001000111000001100110001011011101111010110101011111111011100000001100111000001101000000110111111110000001010000111
00110000011101111111001100001011010000111010111011001000111000001100110001011011101111010111011110001011101100000001100111000001101000000110111111110000001010000111
00110000011101111111001100001011010000111010111011001000111000001100110001011011101111010111010001011111111100000001100111000001101000000110111111110000001010000111
00110000011101111111001100001011010000111010111011001000111000001100110001011011101111010111010001011111101100010001100111000001101000000110111111110000001010000111
00110000011101111111001100001011010000111010111011001000111000001100110001011011101111010111010001011111100100101001010111000001101000000110111111110000001010000111
00110000011101111111001100001011010000111010111011001000111000001100110001011011101001011000000100101011101100000001100111000001101000000110111111110000001010000111
00110000011101111111001100001011010000111010111011001000111000001100110001011011101111010111010001011111101111000001100111000001101000000110111111110000001010000111
00110000011101111111001100001011010000111010111011001000111000001100110001011011101111010111010001011110100000000100110111000001101000000110111111110000001010000111
00110000011101111111001100001011010000111010111011001000111000001100110001011011101111010111010001011111000100110001100111000001101000000110111111110000001010000111
00110000011101111111001100001011010000111010111011001000111000001100110001011011101111010111010001001111101100000001100111000001101000000110111111110000001010000111
10000011101111111001100001011010000111010111011001000111000001100110001011011101111010111010001011111101101100000001100111000001101000000110111111110000001010000111
00110000011101111111001100001011010000111010111011001000111000001100110001011011101111010111010001011111101011111111001101000001101000000110111111110000001010000111
00110000011101111111001100001011010000111010111011001000111000001100110001011011101110110000100111010100111010000001100111000001101000000110111111110000001010000111
00110000011101111111001100001011010000111010111011001000111000001100110001011011101110110000100111010101010101101001100111000001101000000110111111110000001010000111
01001010111101111111001100001011010000111010111011001000111000001100110001011011101111010111010001011111101100000001100111000001101000000110111111110000001010000111
