11101111010001001111111100011110111000110100011111011000101010100010101001100000100000100111000010100011001000100011110101000011100010111011001011110000001010000000
11101111010001001111111100011110111000110100011111011000101010100010101001100000100000100111000010100011000000110110100011010011100010111011001011110000001010000000
11101111010001001111111100011110111000110100011111011000101010100010101001100000100000100111000010100011000000101000011101110011100010111011001011110000001010000000
11101111010001001111111100011110111000110100011111011000101010100010101001100000100000100111000010100011000000111000011101110011100010111011001011110000001010000000
11101111010001001111111100011110111000110100011111011000101010100010101001100000100000100111000010100011001000100011110001111001100010111011001011110000001010000000
11101111010001001111111100011110111000110100011111011000101010100010101001100000100000100111000010100011000001111011000101000011100010111011001011110000001010000000
11101111010001001111111100011110111000110100011111011000101010100010101001100000100000100111000010100011000001111011110101000011100010111011001011110000001010000000
11101111010001001111111100011110111000110100011111011000101010100010101001100000100000100111000010100011001000101111000101000011100010111011001011110000001010000000
11101111010001001111111100011110111000110100011111011000101010100010101001100000100000100111000010100011000000111000001010000011100010111011001011110000001010000000
11101111010001001111111100011110111000110100011111011000101010100010101001100000100000100111000010100011000000111000000010110111100010111011001011110000001010000000
11101111010001001111111100011110111000110100011111011000101010100010101001100000100000100111000010100011000000001111000101000011100010111011001011110000001010000000
11101111010001001111111100011110111000110100011111011000101010100010101001100000100000100111000010100011000001101000011101110011100010111011001011110000001010000000
11101111010001001111111100011110111000110100011111011000101010100010101001100000100000100111000010100011001110100011110101000011100010111011001011110000001010000000
11101111010001001111111100011110111000110100011111011000101010100010101001100000100000100111000010100011000001100011110101000011100010111011001011110000001010000000
11101111010001001111111100011110111000110100011111011000101010100010101001100000100000100111000010100011010110010011110101000011100010111011001011110000001010000000
11101111010001001111111100011110111000110100011111011000101010100010101001100000100000111100000000001000011110110011110101000011100010111011001011110000001010000000
