01001010000011010010100001100100111111111000101110110011001110011001010011110100110101000110000111001000111101000000101101001111010100111010011110011000101110101011
01100111100011010010100001100100111111111000101110110011001110011001010011110100110101000110000111001000111101000000101101001111010100111010011110011000101110101011
11011101100011010010100001100100111111111000101110110011001110011001010011110100110101000110000111001000111101000000101101001111010100111010011110011000101110101011
01101011100011010010100001100100111111111000101110110011001110011001010011110100110101000110000111001000111101000000101101001111010100111010011110011000101110101011
11000110111111010010100001100100111111111000101110110011001110011001010011110100110101000110000111001000111101000000101101001111010100111010011110011000101110101011
11010111011111010010100001100100111111111000101110110011001110011001010011110100110101000110000111001000111101000000101101001111010100111010011110011000101110101011
10010111011111010010100001100100111111111000101110110011001110011001010011110100110101000110000111001000111101000000101101001111010100111010011110011000101110101011
11001110101110000010100001100100111111111000101110110011001110011001010011110100110101000110000111001000111101000000101101001111010100111010011110011000101110101011
01100111111111010010100001100100111111111000101110110011001110011001010011110100110101000110000111001000111101000000101101001111010100111010011110011000101110101011
00010111111111010010100001100100111111111000101110110011001110011001010011110100110101000110000111001000111101000000101101001111010100111010011110011000101110101011
11100100111001010010100001100100111111111000101110110011001110011001010011110100110101000110000111001000111101000000101101001111010100111010011110011000101110101011
01101101011111010010100001100100111111111000101110110011001110011001010011110100110101000110000111001000111101000000101101001111010100111010011110011000101110101011
01100111111010100010100001100100111111111000101110110011001110011001010011110100110101000110000111001000111101000000101101001111010100111010011110011000101110101011
10010111111111010010100001100100111111111000101110110011001110011001010011110100110101000110000111001000111101000000101101001111010100111010011110011000101110101011
00101000011001010010100001100100111111111000101110110011001110011001010011110100110101000110000111001000111101000000101101001111010100111010011110011000101110101011
11010101110100000010100001100100111111111000101110110011001110011001010011110100110101000110000111001000111101000000101101001111010100111010011110011000101110101011
01111010000011010010100001100100111111111000101110110011001110011001010011110100110101000110000111001000111101000000101101001111010100111010011110011000101110101011
11000011100011010010100001100100111111111000101110110011001110011001010011110100110101000110000111001000111101000000101101001111010100111010011110011000101110101011
00110110011001010010100001100100111111111000101110110011001110011001010011110100110101000110000111001000111101000000101101001111010100111010011110011000101110101011
11110001011111100100010010010011101111111000101110110011001110011001010011110100110101000110000111001000111101000000101101001111010100111010011110011000101110101011
01101111110100000010100001100100111111111000101110110011001110011001010011110100110101000110000111001000111101000000101101001111010100111010011110011000101110101011
11110001011111010010100001100100111111111000101110110011001110011001010011110100110101000110000111001000111101000000101101001111010100111010011110011000101110101011
11110001011111100100010011100100111111111000101110110011001110011001010011110100110101000110000111001000111101000000101101001111010100111010011110011000101110101011
00111001111111010010100001100100111111111000101110110011001110011001010011110100110101000110000111001000111101000000101101001111010100111010011110011000101110101011
00111110001011101110100001100100111111111000101110110011001110011001010011110100110101000110000111001000111101000000101101001111010100111010011110011000101110101011
00111111010100011110010011100100111111111000101110110011001110011001010011110100110101000110000111001000111101000000101101001111010100111010011110011000101110101011
11000110111110100110100001100100111111111000101110110011001110011001010011110100110101000110000111001000111101000000101101001111010100111010011110011000101110101011
11110001011110010001010111100100111111111000101110110011001110011001010011110100110101000110000111001000111101000000101101001111010100111010011110011000101110101011
11100011001100100101110001100100111111111000101110110011001110011001010011110100110101000110000111001000111101000000101101001111010100111010011110011000101110101011
00111111111010010010100001100100111111111000101110110011001110011001010011110100110101000110000111001000111101000000101101001111010100111010011110011000101110101011
00111111010100000010100001100100111111111000101110110011001110011001010011110100110101000110000111001000111101000000101101001111010100111010011110011000101110101011
00110110010000011100100001100100111111111000101110110011001110011001010011110100110101000110000111001000111101000000101101001111010100111010011110011000101110101011
