10111001000000010011011101100010111010001101110111001010000101000011111000110110101100100100001100000010011101110101001001010111111001010101000110000111100101011011
10111001000000010011011101100010111010001101110111001010000101000011111000110110000100011001000110100110010001110101001001010111111001010101000110000111100101011011
10111001000000010011011101100010111010001101110111001010000101000011111000110110001100100100001100000010011101110101001001010111111001010101000110000111100101011011
10111001000000010011011101100010111010001101110111001010000101000011111000110110000101100110111110010101110001110101001001010111111001010101000110000111100101011011
10111001000000010011011101100010111010001101110111001010000101000011111000110110111111010011011100001100010001110101001001010111111001010101000110000111100101011011
10111001000000010011011101100010111010001101110111001010000101000011111000110110001110100000001001010101110001110101001001010111111001010101000110000111100101011011
10111001000000010011011101100010111010001101110111001010000101000011111000110110111111010011011100000010011101110101001001010111111001010101000110000111100101011011
10111001000000010011011101100010111010001101110111001010000101000011111000110110111110100100001100000010011101110101001001010111111001010101000110000111100101011011
10111001000000010011011101100010111010001101110111001010000101000011111000110110011001000100001100000010011101110101001001010111111001010101000110000111100101011011
10111001000000010011011101100010111010001101110111001010000101000011111000110110000100011001000110100111110001110101001001010111111001010101000110000111100101011011
10111001000000010011011101100010111010001101110111001010000101000011111000110110001001010101111111111101110001110101001001010111111001010101000110000111100101011011
10111001000000010011011101100010111010001101110111001010000101000011110001101101101111100010111010001011100101110101001001010111111001010101000110000111100101011011
10111001000000010011011101100010111010001101110111001010000101000011111001100011000111010001000101100111110001110101001001010111111001010101000110000111100101011011
10111001000000010011011101100010111010001101110111001010000101000011111000110110111111010011001111000001000001110101001001010111111001010101000110000111100101011011
10111001000000010011011101100010111010001101110111001010000101000011111001110001100111110100101000110110010001110101001001010111111001010101000110000111100101011011
10111001000000010011011101100010111010001101110111001010000101000011111000110110000010010000100100100010011101110101001001010111111001010101000110000111100101011011
10111001000000010011011101100010111010001101110111001010000101000011111000110110111111010011011100001101000001110101001001010111111001010101000110000111100101011011
10111001000000010011011101100010111010001101110111001010000101000011111000110111110001101110101000000111011101110101001001010111111001010101000110000111100101011011
10111001000000010011011101100010111010001101110111001010000101000011111000110110111111010100101001110001110001110101001001010111111001010101000110000111100101011011
10111001000000010011011101100010111010001101110111001010000101000011111000110110111100111110001100110010010001110101001001010111111001010101000110000111100101011011
10111001000000010011011101100010111010001101110111001010000101000011111001100011000111010001000101100010100001110101001001010111111001010101000110000111100101011011
10111001000000010011011101100010111010001101110111001010000101000011111000110110111100111111011100000010011101110101001001010111111001010101000110000111100101011011
10111001000000010011011101100010111010001101110111001010000101000011111000110110000010010000100111010101110001110101001001010111111001010101000110000111100101011011
10111001000000010011011101100010111010001101110111001010000101000011111000110110101100100100001100000010010001110101001001010111111001010101000110000111100101011011
10111001000000010011011101100010111010001101110111001010000101000011111000110110000101100101001111000001000001110101001001010111111001010101000110000111100101011011
10111001000000010011011101100010111010001101110111001010000101000011111000110111110000101100011010010000100001110101001001010111111001010101000110000111100101011011
10111001000000010011011101100010111010001101110111001010000101000011111000110110111111011100001000110110010001110101001001010111111001010101000110000111100101011011
10111001000000010011011101100010111010001101110111001010000101000011111000110110000100011001000110100110011001100011011011101011011001111101110110000111100101011011
10111001000000010011011101100010111010001101110111001010000101000011111000110110000101100101011010010010011101110101001001010111111001010101000110000111100101011011
10111001000000010011011101100010111010001101110111001010000101000011111000110110001001010101111000000111011101110101001001010111111001010101000110000111100101011011
10111001000000010011011101100010111010001101110111001010000101000011111000110110000100000100001100000010011101110101001001010111111001010101000110000111100101011011
10111001000000010011011101100010111010001101110111001010000101000011111000110110111111010011011100001100000000100111010111111101001011000001011000000011001011100111
