11100001101100110111010111010100011011111011011001000000010010000101100111010011010010010100010111100100011100100100101000001100000101110010011101110001010001011110
11100001101100110111010101000100000010101011100000000011110110001011010110000011010010010100010111100100011100100100101000001100000101110010011101110001010001011110
11100001101100110100100001000100000010101011100000000011110110001011010110000011010010010100010111100100011100100100101000001100000101110010011101110001010001011110
11100001101100110111010100001111011001000100100111000111101111010100001001010011010010010100010111100100011100100100101000001100000101110010011101110001010001011110
11100001101100110111010111000001110101010000110101000111101111010100001001010011010010010100010111100100011100100100101000001100000101110010011101110001010001011110
11100001101100110110010100000010011101011001001001111111111011101010101001010011010010010100010111100100011100100100101000001100000101110010011101110001010001011110
11100001101100110111010101001110111000110100100000000011110110001011010110000011010010010100010111100100011100100100101000001100000101110010011101110001010001011110
11100001101100100111111111011110111000010000000000010001100101010100001001010011010010010100010111100100011100100100101000001100000101110010011101110001010001011110
11100001101100110110010101001110111000110100100000000011110110001011010110000011010010010100010111100100011100100100101000001100000101110010011101110001010001011110
11100001101100110110010101001001110111000110100100000001011100110000010001010011010010010100010111100100011100100100101000001100000101110010011101110001010001011110
11100001101100100110100010011000111001000101100100011000010000111001011001010011010010010100010111100100011100100100101000001100000101110010011101110001010001011110
11100001101100100111101101000100100100001001000100011000010000111001011001010011010010010100010111100100011100100100101000001100000101110010011101110001010001011110
11100001101100100111110110010101010100000100000111000111101111010100001001010011010010010100010111100100011100100100101000001100000101110010011101110001010001011110
11100001101100100111111110011000010111011010101111000011111110001000110001000011010010010100010111100100011100100100101000001100000101110010011101110001010001011110
11100001101100100111101100010100111001000101100100011000010000111001011001010011010010010100010111100100011100100100101000001100000101110010011101110001010001011110
11100001101100100111111110011000010111111100100111000000100001000011011001110011010010010100010111100100011100100100101000001100000101110010011101110001010001011110
