01111011101101010100111010000010110000110001111001100110111110100101000000110000111111000100100000001000100000111111100100010011111011110010110110110110110001001000
01110001101101010100111010000010110000110001111001100110111110100101000000110000111111000100100000001000100000111111100100010011111011110010110110110110110001001000
10011011101101010100111010000010110000110001111001100110111110100101000000110000111111000100100000001000100000111111100100010011111011110010110110110110110001001000
00101001101101010100111010000010110000110001111001100110111110100101000000110000111111000100100000001000100000111111100100010011111011110010110110110110110001001000
00001011101101010100111010000010110000110001111001100110111110100101000000110000111111000100100000001000100000111111100100010011111011110010110110110110110001001000
11001011101101010100111010000010110000110001111001100110111110100101000000110000111111000100100000001000100000111111100100010011111011110010110110110110110001001000
01000001101101010100111010000010110000110001111001100110111110100101000000110000111111000100100000001000100000111111100100010011111011110010110110110110110001001000
01101011101101010100111010000010110000110001111001100110111110100101000000110000111111000100100000001000100000111111100100010011111011110010110110110110110001001000
01111111101101010100111010000010110000110001111001100110111110100101000000110000111111000100100000001000100000111111100100010011111011110010110110110110110001001000
11101111101101010100111010000010110000110001111001100110111110100101000000110000111111000100100000001000100000111111100100010011111011110010110110110110110001001000
11100111101101010100111010000010110000110001111001100110111110100101000000110000111111000100100000001000100000111111100100010011111011110010110110110110110001001000
00111001011101010100111010000010110000110001111001100110111110100101000000110000111111000100100000001000100000111111100100010011111011110010110110110110110001001000
11110111101101010100111010000010110000110001111001100110111110100101000000110000111111000100100000001000100000111111100100010011111011110010110110110110110001001000
01101111101101010100111010000010110000110001111001100110111110100101000000110000111111000100100000001000100000111111100100010011111011110010110110110110110001001000
01101110001101010100111010000010110000110001111001100110111110100101000000110000111111000100100000001000100000111111100100010011111011110010110110110110110001001000
11101110001101010100111010000010110000110001111001100110111110100101000000110000111111000100100000001000100000111111100100010011111011110010110110110110110001001000
01100001101101010100111010000010110000110001111001100110111110100101000000110000111111000100100000001000100000111111100100010011111011110010110110110110110001001000
11111101101101010100111010000010110000110001111001100110111110100101000000110000111111000100100000001000100000111111100100010011111011110010110110110110110001001000
11010010101101010100111010000010110000110001111001100110111110100101000000110000111111000100100000001000100000111111100100010011111011110010110110110110110001001000
10110111101101010100111010000010110000110001111001100110111110100101000000110000111111000100100000001000100000111111100100010011111011110010110110110110110001001000
01101010011010000100111010000010110000110001111001100110111110100101000000110000111111000100100000001000100000111111100100010011111011110010110110110110110001001000
01101101101101010100111010000010110000110001111001100110111110100101000000110000111111000100100000001000100000111111100100010011111011110010110110110110110001001000
10011010001101010100111010000010110000110001111001100110111110100101000000110000111111000100100000001000100000111111100100010011111011110010110110110110110001001000
10100101010111010100111010000010110000110001111001100110111110100101000000110000111111000100100000001000100000111111100100010011111011110010110110110110110001001000
01100111000101010100111010000010110000110001111001100110111110100101000000110000111111000100100000001000100000111111100100010011111011110010110110110110110001001000
10111110001101010100111010000010110000110001111001100110111110100101000000110000111111000100100000001000100000111111100100010011111011110010110110110110110001001000
01100100011010000100111010000010110000110001111001100110111110100101000000110000111111000100100000001000100000111111100100010011111011110010110110110110110001001000
01111110001101010100111010000010110000110001111001100110111110100101000000110000111111000100100000001000100000111111100100010011111011110010110110110110110001001000
01111011110011101110111010000010110000110001111001100110111110100101000000110000111111000100100000001000100000111111100100010011111011110010110110110110110001001000
11110111010110010100111010000010110000110001111001100110111110100101000000110000111111000100100000001000100000111111100100010011111011110010110110110110110001001000
01111011101101010100111010000010110000110001111001100110111110100101000000110000111111000100100000001000100000111000000100010011111011110010110110110110110001001000
01101101010100111010000010110000110001111001100110111110100101000000110000111111000100100000001000100000111100111111100100010011111011110010110110110110110001001000
