00100011100101001111100110110101001100110010000101001111111011110101100001110111001010010001011110011110100110101100000001100011010010011111000010110011000010111110
00100011100101001111100110110101001100110010000101001111111011110101100001110111001010010001011110011110100110101100000001101111010010011111000010110011000010111110
00100011100101001111100110110101001100110010000101001111111011110101100001110111001010010001011110011110100110101100000001100000110011011101110000100100100110110110
00100011100101001111100110110101001100110010000101001111111011110101100001110111001010010001011110011110100110101100000001100000110010011111000010110011000010111110
00100011100101001111100110110101001100110010000101001111111011110101100001110111001010010001011110011110100110101100000001100011010010011111000010110011001110110110
00100011100101001111100110110101001100110010000101001111111011110101100001110111001010010001011110011110100110101100000001100110011011101110000100100101000010111110
00100011100101001111100110110101001100110010000101001111111011110101100001110111001010010001011110011110100110101100000001100010010010011111000010110011000010111110
00100011100101001111100110110101001100110010000101001111111011110101100001110111001010010001011110011110100110101100000001100000110111011001011100010011000010111110
00100011100101001111100110110101001100110010000101001111111011110101100001110111001010010001011110011110100110101100000001100010010011111000010110011001000010111110
00100011100101001111100110110101001100110010000101001111111011110101100001110111001010010001011110011110100110101100000001100011010010011111000010110011010010111110
00100011100101001111100110110101001100110010000101001111111011110101100001110111001010010001011110011110100110101100000000110110110010011111000010110011000010111110
00100011100101001111100110110101001100110010000101001111111011110101100001110111001010010001011110011110100110101100000001100001101000101010001011000100000010111110
00100011100101001111100110110101001100110010000101001111111011110101100001110111001010010001011110011110100110101100000001100011010010011111000010110011001100110110
00100011100101001111100110110101001100110010000101001111111011110101100001110111001010010001011110011110100110101100000001100001111010101100110110110011000010111110
00100011100101001111100110110101001100110010000101001111111011110101100001110111001010010001011110011110100110101100000001100001100010011111000010110011000010111110
00100011100101001111100110110101001100110010000101001111111011110101100001110111001010010001011110011110100110101101110001100110011011101110000100100101000010111110
00100011100101001111100110110101001100110010000101001111111011110101100001110111001010010001011110011110100110101100000001100011010010011111000010110011000010110110
00100011100101001111100110110101001100110010000101001111111011110101100001110111001010010001011110011110100110101100000001100000110011011101110000100100101000001110
00100011100101001111100110110101001100110010000101001111111011110101100001110111001010010001011110011110100110101100000001100000110011011101110000100100101110110110
00100011100101010101100110110101001100110010000101001111111011110101100001110111001010010001011110011110100110101100000001100011010010011111000010110011000010111110
00100011100101001111100110110101001100110010000101001111111011110101100001110111001010010001011110011110100110101100000001100011010010011111000010110011001111111110
00100011100101001111100110110101001100110010000101001111111011110101100001110111001010010001011110011110100110101100000100000011010010011111000010110011000010111110
00100011100101001111100110110101001100110010000101001111111011110101100001110111001010010001011110011110100110101100000001100100100010001110001110010110011110110110
00100011100101001111100110110101001100110010000101001111111011110101100001110111001010010001011110011110100110101100000001100001101000101010001011001111010010111110
00100011100101001111100110110101001100110010000101001111111011110101100001110111001010010001011110011110100110101100000001101111011010001001010000001111001110110110
00100011100101001111100110110101001100110010000101001111111011110101100001110111001010010001011110011110100110101100000001100000110000001000110011100010001110110110
00100011100101001111100110110101001100110010000101001111111011110101100001110111001010010001011110011110100110101100000001100000111011001011100010011001010010111110
00100011100101001111100110110101001100110010000101001111111011110101100001110111001010010001011110011110100110101100000001100000110011011101110000100100101101110110
00100011100101001111100110110101001100110010000101001111111011110101100001110111001010010001011110011110100110101100000001100000111011001011100010011000011110110110
00100011100101001111100110110101001100110010000101001111111011110101100001110111001010010001011110011110100110101100000001100100100010001110001110010110000100111110
00100011100101001111100110110101001100110010000101001111111011110101100001110111001010010001011110011110100110101100000001100110011011101110000100100100110110110110
00100011100101001111100110110101001100110010000101001111111011110101100001110111001010010001011110011110100110101100000001100110011011101110000100100101101110110110
