11010101001000010100011100111101001101011110000011111000111100111011111010100001011110011000001010001001001001110100100000010001100011000101111101010101001011010110
11010101001000010100011100111101001101011110000011111000111100111011111010100001011110011000001010001001001001110100100000010001100011000101111101010101001011010010
11010101001000010100011100111101001101011110000011111000111100111011111010100001011110011000001010001001001001110100100000010001100011000101111100010110110110100110
11010101001000010100011100111101001101011110000011111000111100111011111010100001011110011000001010001001001001110100100000010001100011000101111101010111110110000110
11010101001000010100011100111101001101011110000011111000111100111011111010100001011110011000001010001001001001110100100000010001100011000101111101010101010001100110
11010101001000010100011100111101001101011110000011111000111100111011111010100001011110011000001010001001001001110100100000010001100011000101111101100001011000000110
11010101001000010100011100111101001101011110000011111000111100111011111010100001011110011000001010001001001001110100100000010001100011000101111101010110110110100110
11010101001000010100011100111101001101011110000011111000111100111011111010100001011110011000001010001001001001110100100000010001100011000101111101010100000100110010
11010101001000010100011100111101001101011110000011111000111100111011111010100001011110011000001010001001001001110100100000010001100011000101111101011111100000010110
11010101001000010100011100111101001101011110000011111000111100111011111010100001011110011000001010001001001001110100100000010001100011000101111101010101111000101100
11010101001000010100011100111101001101011110000011111000111100111011111010100001011110011000001010001001001001110100100000010001100011000101111101010101001011011100
11010101001000010100011100111101001101011110000011111000111100111011111010100001011110011000001010001001001001110100100000010001100011000101111101100000011010110100
01010101001000010100011100111101001101011110000011111000111100111011111010100001011110011000001010001001001001110100100000010001100011000101111101010101001011010110
11010101001000010100011100111101001101011110000011111000111100111011111010100001011110011000001010001001001001110100100000010001100011000101111101010100101101100110
11010101001000010100011100111101001101011110000011111000111100111011111010100001011110011000001010001001001001110100100000010001100011000101111100000001011000000110
11010101001000010100011100111101001101011110000011111000111100111011111010100001011110011000001010001001001001110100100000010001100011000101111101010001011011100110
11010101001000010100011100111101001101011110000011111000111100111011111010100001011110011000001010001001001001110100100000010001100011000101111101010101000110000110
11010101001000010100011100111101001101011110000011111000111100111011111010100001011110011000001010001001001001110100100000010001100011000101111110010110110110100110
11010101001000010100011100111101001101011110000011111000111100111011111010100001011110011000001010001001001001110100100000010001100011000101111101100000010111100110
11010101001000010100011100111101001101011110000011111000111100111011111010100001011110011000001010001001001001110100100000010001100011000101111110111010100101101100
11010101001000010100011100111101001101011110000011111000111100111011111010100001011110011000001010001001001001110100100000010001100011000101110101110110000101011100
11100101001000010100011100111101001101011110000011111000111100111011111010100001011110011000001010001001001001110100100000010001100011000101111101010101001011010110
11010101001000010100011100111101001101011110000011111000111100111011111010100001011110011000001010001001001001110100100000010001100011000101111101010100000001010110
11010101001000010100011100111101001101011110000011111000111100111011111010100001011110011000001010001001001001110100100000010001100011000101101000010110110110100110
11010101001000010100011100111101001101011110000011111000111100111011111010100001011110011000001010001001001001110100100000010001100011000101101101111111001011010110
11010101001000010100011100111101001101011110000011111000111100111011111010100001011110011000011010001001001001110100100000010001100011000101111101010101001011010110
01000101001000010100011100111101001101011110000011111000111100111011111010100001011110011000001010001001001001110100100000010001100011000101111101010101001011010110
11111101001000010100011100111101001101011110000011111000111100111011111010100001011110011000001010001001001001110100100000010001100011000101111101010101001011010110
00111010101001000010100011100111101001101011110000011111000111100111011111010100001011110011000001010001001001001110100100000010001100011000101111101010100000100110
10111111000111001001011100111101001101011110000011111000111100111011111010100001011110011000001010001001001001110100100000010001100011000101111101010101001011010110
11110011111100010000011100111101001101011110000011111000111100111011111010100001011110011000001010001001001001110100100000010001100011000101111101010101001011010110
11101000100000100110100100111101001101011110000011111000111100111011111010100001011110011000001010001001001001110100100000010001100011000101111101010101001011010110
