00000010111111101110111011011011110100011011110010011101111010000001101100100111011101110100101000011110001101101000100000110000001011011100011001010010110001101010
00000010111111101110111011011011110100011011110010011101111010001011001001000110011101110100101000011110001101101000100000110000001011011100011001010010110001101010
00000010111111101110111011011011110100011011110010011101111010000001101100100111011101110100101000011110001101101000100000111100001011011100011001010010110001101010
00000010111111101110111011011011110100011011110010011101111010000001101100100111011101110100101000011110001101101000100000100101111010001100011001010010110001101010
00000010111111101110111011011011110100011011110010011101111010000001101100100111011101110100101000011111000110110111000100111100001011011100011001010010110001101010
00000010111111101110111011011011110100011011110010011101111010000001101100100111011101110100101000011110001101101000100000110100010110111100011001010010110001101010
00000010111111101110111011011011110100011011110010011101111010000001101100100111011101110100101000011111000110110111000100110000001011011100011001010010110001101010
00000010111111101110111011011011110100011011110010011101111010110001001001000110011101110100101000011110001101101000100000110000001011011100011001010010110001101010
00000010111111101110111011011011110100011011110010011101111010000001101100100111011101110100101000011111000110110110110000110000001011011100011001010010110001101010
00000010111111101110111011011011110100011011110010011101111010000010101100100111011101110100101000011110001101101000100000110000001011011100011001010010110001101010
00000010111111101110111011011011110100011011110010011101111010001011001001000110011101110100101000011110001101101000100000111100001011011100011001010010110001101010
00000010111111101110111011011011110100011011110010011101111010001011001001000110011101110100101000011110001101101000100000100101111010001100011001010010110001101010
00000010111111101110111011011011110100011011110010011101111010000001101100100111011101110100101000011111000110110111011000110000001011011100011001010010110001101010
00000010111111101110111011011011110100011011110010011101111010000001101100100111011101110100101000011111000110110111011001110000001011011100011001010010110001101010
00000010111111101110111011011011110100011011110010011101111010000001101100100111011101110100101000011110001101101000100001111100001011011100011001010010110001101010
00000010111111101110111011011011110100011011110010011101111010000001101100100111011101110100101000011110001101101000100000000000001011011100011001010010110001101010
00000010111111101110111011011011110100011011110010011101111010001011001000110011101110100101000011110001101101000100001100111100001011011100011001010010110001101010
00000010111111101110111011011011110100011011110010011101111010000001101100100111011101110100101000011110001101101000100000110110001101011100011001010010110001101010
00000010111111101110111011011011110100011011110010011101111010000001101100100111011101110100101000011110001101101000100001011001011111111100011001010010110001101010
00000010111111101110111011011011110100011011110010011101111010000001101100100111011101110100101000011111000110110111000010111100001011011100011001010010110001101010
00000010111111101110111011011011110100011011110010011101111010000001101100100111011101110100101000011110001101101000100000101100001011011100011001010010110001101010
00000010111111101110111011011011110100011011110010011101111010000001101100100111011101110100101000011110001101101000101000110000001011011100011001010010110001101010
00000010111111101110111011011011110100011011110010011101111010000001101100100111011101110100101000011110001101101000101110010000001011011100011001010010110001101010
00000010111111101110111011011011110100011011110010011101111010000001101100100111011101110100101000011110001101101000100000010101111010001100011001010010110001101010
00000010111111101110111011011011110100011011110010011101111010000001101100100111011101110100101000011110001101101000101001110000001011011100011001010010110001101010
00000010111111101110111011011011110100011011110010011101111010000001101100100111011101110100101000011110001101101000100000101001111010001100011001010010110001101010
00000010111111101110111011011011110100011011110010011101111010000001101100100111011101110100101000011111000110110111000000110000001011011100011001010010110001101010
00000010111111101110111011011011110100011011110010011101111010000001101100100111011101110100101000011111000110110111000010110000001011011100011001010010110001101010
00000010111111101110111011011011110100011011110010011101111010000001101100100111011101110100101000011111000110110111000111011001011111111100011001010010110001101010
00000010111111101110111011011011110100011011110010011101111010000001101100100111011101110100101000011111000110110111000110111100001011011100011001010010110001101010
00000010111111101110111011011011110100011011110010011101111010000001101100100111011101110100101000011111000110110110000000110000001011011100011001010010110001101010
00000010111111101110111011011011110100011011110010011101111010000001101100100111011101110100101000011111000110110111001100111100001011011100011001010010110001101010
