00001000110000000100011000101001100111111000101011101100111011101001101111001011111111100111001001001010101010001000100101000101010110000000100100010010001000011101
00001000110001000100011000101001100111111000101011101100111011101001101111001011111111100111001001001010101010001000100101000101010110000000100100010010001000011101
00001000110001001100100011000101001100111111000101011101100111011101001101111001011111111100111001001001010101010001000100101000101010110000000100100010010001000011
00001000111011110100011000101001100111111000101011101100111011101001101111001011111111100111001001001010101010001000100101000101010110000000100100010010001000011101
00001000111010000100011000101001100111111000101011101100111011101001101111001011111111100111001001001010101010001000100101000101010110000000100100010010001000011101
00001000110001010000100011000101001100111111000101011101100111011101001101111001011111111100111001001001010101010001000100101000101010110000000100100010010001000011
00001000101101010000100011000101001100111111000101011101100111011101001101111001011111111100111001001001010101010001000100101000101010110000000100100010010001000011
00001000110000000100011000101001100111111000101011101100111011101001101111001011111111100111001001001010101010001000100101000101010110000000100101000001010010011011
00001000111011110011001000101001100111111000101011101100111011101001101111001011111111100111001001001010101010001000100101000101010110000000100100010010001000011101
00001000110110000100011000101001100111111000101011101100111011101001101111001011111111100111001001001010101010001000100101000101010110000000100100010010001000011101
00001000110001000110101000101001100111111000101011101100111011101001101111001011111111100111001001001010101010001000100101000101010110000000100100010010001000011101
00001000110000110000100011000101001100111111000101011101100111011101001101111001011111111100111001001001010101010001000100101000101010110000000100100010010001000011
00001000110000000000100011000101001100111111000101011101100111011101001101111001011111111100111001001001010101010001000100101000101010110000000100100010010001000011
00001000111010110100011000101001100111111000101011101100111011101001101111001011111111100111001001001010101010001000100101000101010110000000100100010010001000011101
00001000110001000111000011000101001100111111000101011101100111011101001101111001011111111100111001001001010101010001000100101000101010110000000100100010010001000011
00001000110000000100011000101001100111111000101011101100111011101001101111001011111111100111001001001010101010001000100101000101010110000000100100010010001000011111
00001000111100000100011000101001100111111000101011101100111011101001101111001011111111100111001001001010101010001000100101000101010110000000100100010010001000011101
00001000110001001101011000101001100111111000101011101100111011101001101111001011111111100111001001001010101010001000100101000101010110000000100100010010001000011101
00001000111001100100011000101001100111111000101011101100111011101001101111001011111111100111001001001010101010001000100101000101010110000000100100010010001000011101
00001000110011100000100011000101001100111111000101011101100111011101001101111001011111111100111001001001010101010001000100101000101010110000000100100010010001000011
00001000111011110001011000101001100111111000101011101100111011101001101111001011111111100111001001001010101010001000100101000101010110000000100100010010001000011101
00010100010001100100011000101001100111111000101011101100111011101001101111001011111111100111001001001010101010001000100101000101010110000000100100010010001000011101
00001000110000000100011000101001100111111000101011101100111011101001101111001011111111100111001001001010101010001000100101000101010110000000100100010010001000100011
00001000110000000100011000101001100111111000101011101100111011101001101111001011111111100111001001001010101010001000100101000101010110000000100100010010001000010111
00001000111010100000100011000101001100111111000101011101100111011101001101111001011111111100111001001001010101010001000100101000101010110000000100100010010001000011
00010100010010000100011000101001100111111000101011101100111011101001101111001011111111100111001001001010101010001000100101000101010110000000100100010010001000011101
00111001111110000100011000101001100111111000101011101100111011101001101111001011111111100111001001001010101010001000100101000101010110000000100100010010001000011101
00001000111011110111110011000101001100111111000101011101100111011101001101111001011111111100111001001001010101010001000100101000101010110000000100100010010001000011
00001000110010100000100011000101001100111111000101011101100111011101001101111001011111111100111001001001010101010001000100101000101010110000000100100010010001000011
00001000110000000100011000101001100111111000101011101100111011101001101111001011111111100111001001001010101010001000100101000101010110000000100001110100111100100011
00001000110000000111000011000101001100111111000101011101100111011101001101111001011111111100111001001001010101010001000100101000101010110000000100100010010001000011
00001000110001011000100011000101001100111111000101011101100111011101001101111001011111111100111001001001010101010001000100101000101010110000000100100010010001000011
