10010110110101110001100101010011111111010101010100001101001011000000101111000111011011000000111101000000100101001101110101001111011100000111111101101110001100101101
10010110110101110001100101010011111111010101010100001101001011000000001111000111011011000000111101000000100101001101110101001111011100000111111101101110001100101101
10010110110101110001100101010011111111010101010100001110110100111000001111000111011011000000111101000000100101001101110101001111011100000111111101101110001100101101
10010110110101110001100101010011111111010101010100001100010011110001010111000111011011000000111101000000100101001101110101001111011100000111111101101110001100101101
10010110110101110001100101010011111111010101010100001101000000000110101111000111011011000000111101000000100101001101110101001111011100000111111101101110001100101101
10010110110101110001100101010011111111010101010100001101001011000000100000000100100011000000111101000000100101001101110101001111011100000111111101101110001100101101
10010110110101110001100101010011111111010101010100001101001011000000100111000111011011000000111101000000100101001101110101001111011100000111111101101110001100101101
10010110110101110001100101010011111111010101010100001101110010111000001111000111011011000000111101000000100101001101110101001111011100000111111101101110001100101101
10010110110101110001100101010011111111010101010100001111110010111000001111000111011011000000111101000000100101001101110101001111011100000111111101101110001100101101
10010110110101110001100101010011111111010101010100001101001011000000100000101010101010000000111101000000100101001101110101001111011100000111111101101110001100101101
10010110110101110001100101010011111111010101010100001101001011000000101000000100100011000000111101000000100101001101110101001111011100000111111101101110001100101101
10010110110101110001100101010011111111010101010100001101000100010101111001101110101010000000111101000000100101001101110101001111011100000111111101101110001100101101
10010110110101110001100101010011111111010101011011011000011000111000001111000111011011000000111101000000100101001101110101001111011100000111111101101110001100101101
10010110110101110001100101010011111111010101010100001101001011000001110111000111011011000000111101000000100101001101110101001111011100000111111101101110001100101101
10010110110101110001100101010011111111010101010001111111001000111000001111000111011011000000111101000000100101001101110101001111011100000111111101101110001100101101
10010110110101110001100101010011111111010101010100001101001011000000100000011111011001100000010011011000100101001101110101001111011100000111111101101110001100101101
