10011011111111101011100101011111110000010000111001000111011010111011011100101000110010100011110111000011010100100001111101011101001000010101010100110011010010100100
10011011111111101011100101011111110000010000111001000111011011000010100111110010111100111111100001111100000111100010001010101001001000010101010100110011010010100100
10011011111111101000010010101100111110100100011110011000110000000001011011000100001000110111010011101001010001110011000010011011001000010101010100110011010010100100
10011011111111101011100101011111110000010000111001000111011011000010100111110010111100111111100001111100001000111111010110001001001000010101010100110011010010100100
10011011111111101011100101011111110000010000111001000111011000000110001000000100000011000011010110001011001011100010001010101001001000010101010100110011010010100100
10011011111111101011100101011111110000010000111001000111011011101111100011101011100011100000110001111000011010010011110100101110111011101000100100110011010010100100
10011011111111101011100101011111110000010000111001000111011001011100111000000100000011000011010110001011001011100010001010101001001000010101010100110011010010100100
10011011111111101011100101011111110000010000111001000111011011000010100111110010111100111111100001111100001000110111001100111010111011101000100100110011010010100100
10011011111111101011100101011111110000010000111001000111011011000010100111110010111100111111100001111100111110011001100001111000101011101000100100110011010010100100
10011011111111101011100101011111110000010000111001000111011011001110111110101101100011101111100101110111011111001000100100000110111011101000100100110011010010100100
10011011111111101011100101011111110000010000111001000111011011000010100111110010111100111111100001111100001001001110100011111101001000010101010100110011010010100100
10011011111111101011100101011111110000010000111001000111011011000101101000000100000011000011010110001011001011100010001010101001001000010101010100110011010010100100
10011011111111101011100101011111110000010000111001000111011011000010100111110010111100111111100001111100001000100001111101011101001000010101010100110011010010100100
10011011111111101011100101011111110000010000111001000111011010001101100011101011100011100000110001111000011010010011110100101110111011101000100100110011010010100100
10011011111111101011100101011111110000010000111001000111011011101111100011101011100011100000110001111000110111001111110001111000101011101000100100110011010010100100
10011011111111101011100101011111110000010000111001000111011111001000010100111110010111100111111100001111100111101011010100110001111000011111010000110011010010100100
