11100001101100111000011000011011110010111010101111011001010101101011110010011010010010100010111100100011100100100101000001100000101110010011101110001010001011110101
11100001101100111000011000011011110010111010101111011001010101101011110010011010010010100010111100100011100100100101000001100000101110010011101110001000001011110101
11100001101100111000011000011011110010111010101111011001010101101011110010011010010010100010111100100010001011110101000001100000101110010011101110001010001011110101
11100001101100111000011000011011110010111010101111011001010101101011110010011010010010100010111100100011111011110101000001100000101110010011101110001010001011110101
11100001101100111000011000011011110010111010101111011001010101101011110010011010010010100010111100100011100100100101000001100000101110010011100001011110001011110101
11100001101100111000011000011011110010111010101111011001010101101011110010011010010010100010111100100011111100100101000001100000101110010011101110001010001011110101
11100001101100111000011000011011110010111010101111011001010101101011110010011010010010100010111100100011100100100101000001100000100001000111111001111000001011110101
11100001101100111000011000011011110010111010101111011001010101101011110010011010010010100010111100100011111011111000000111100000101110010011101110001010001011110101
11100001101100111000011000011011110010111010101111011001010101101011110010011010010010100010111100100011100011000101000001100000101110010011101110001010001011110101
11100001101100111000011000011011110010111010101111011001010101101011110010011010010010100010111100100011110001001101100010101011010101101001101110101010001011110101
11100001101100111000011000011011110010111010101111011001010101101011110010011010010010100010111100100011100110100101000001100000101110010011101110001010001011110101
11100001101100111000011000011011110010111010101111011001010101101011110010011010010010100010111100100011100100010101000001100000101110010011101110001010001011110101
11100000110001000110111000011011110010111010101111011001010101101011110010011010010010100010111100100011100100100101000001100000101110010011101110001010001011110101
11100001101100111000011000011011110010111010101111011001010101101011110010011010010010100010110011110111100100100101000001100000101110010011101110001010001011110101
11100001101100111000011000011011110010111010101111011001010101101011110010011010010010100010111100100011100100100101000001100000101110010011101110001011000100001010
11100001101100111000011000011011110010111010101111011001010101101011110010011010010010100010111100100011111011110100111011001000100110001101010000101010001011110101
