10101000100100100000011111000010100001000001111011100011101011010111110011101001001011101100010100010011110001110001110000101101010001001011000110001111101110011101
10101000100100100000011111000010100001000001111011100011101011010111110011101001001011101100010100010001110001110001110000101101010001001011000110001111101110011101
10101000100100100000011111000010100001000001111011100011101011010111110011101001001011101100010100010011110001110001110000101101010001001011000110000000111010011011
10101000100100100000011111000010100001000001111011100011101011010111110011101001001011101100010100010011110001110001110000101101010001001011000110001111101110010111
10101000100100100000011111000010100001000001111011100011101011010111110011101001001011101100010100010011110001110001110000101101010001001011000110001111100001001001
10101000100100100000011111000010100001000001111011100011101011010111110011101001001011101100010100010011110001110001110000101101010001001011000110001111101110010100
10101000100100100000011111000010100001000001111011100011101011010111110011101001001011101100010100010011110001110001110000101101010001001011000110001110010100111101
10101000100100100000011111000010100001000001111011100011101011010111110011101001001011101100010100010011110001110001110000101101010001001011000110001111101110111101
10101000100100100000011111000010100001000001111011100011101011010111110011101001001011101100010100010011110001110001110000101101010001001011000110001111101100011101
10101000100100100000011111000010100001000001111011100011101011010111110011101001001011101100010100010011110001110001110000101101010001001011000110001111101110101101
10101000100100100000011111000010100001000001111011100011101011010111110011101001001011101100010100010011110001110001110000101101010001001011000110001111101101011110
10101000100100100000011111000010100001000001111011100011101011010111110011101001001011101100010100010011110001110001110000101101010001001011000110001111101000111101
10101000100100100000011111000010100001000001111011100011101011010111110011101001001011101100010100010011110001110001110000101101010001001011000110001111110110011101
10101000100100100000011111000010100001000001111011100011101011010111110011101001001011101100010100010011110001110001110000101101010001001011000110001111101110011111
10101000100100100000011111000010100001000001111011100011101011010111110011101001001011101100010100010011110010010001110000101101010001001011000110001111101110011101
10101000100100100000011111000010100001000001111011100011101011010111110011101001001011101100010100010011110001110001110000101101010001001011000110001111101110001101
