01001101001101001011100010110101010010111011010110110111111011010100001111000110010100001000100011111101000101110110001001011101000101011100000001101011100101100111
01000101001101001011100010110101010010111011010110110111111011010100001111000110010100001000100011111101000101110110001001011101000101011100000001101011100101100111
01000111001101001011100010110101010010111011010110110111111011010100001111000110010100001000100011111101000101110110001001011101000101011100000001101011100101100111
01001101011101001011100010110101010010111011010110110111111011010100001111000110010100001000100011111101000101110110001001011101000101011100000001101011100101100111
00001001001101001011100010110101010010111011010110110111111011010100001111000110010100001000100011111101000101110110001001011101000101011100000001101011100101100111
01001101001101001011100010110101010010111011010110110111111011010100001111000110010100001000100011111101000101110110011111001101000101011100000001101011100101100111
01001100100101001011100010110101010010111011010110110111111011010100001111000110010100001000100011111101000101110110001001011101000101011100000001101011100101100111
01001101001111001011100010110101010010111011010110110111111011010100001111000110010100001000100011111101000101110110001001011101000101011100000001101011100101100111
01001101001101001011100010110101010010111011010110110111111011010100001111000110010100001000100011111101000101110110001001011101000101011100000001101010011111010001
01001101001101001011100010110101010010111011010110110111111011010100001111000110010100001000100011111101000101110110001001011101000101011100000001011111110111011101
01001101001101001011100010110101010010111011010110110111111011010100001111000110010100001000100011111101000101110110001001011101000100100110100000001011100101100111
01001101001101001011100010110101010010111011010110110111111011010100001111000110010100001000100011111101000101110110001001011101000101011100000110110111100101100111
01000110101101001011100010110101010010111011010110110111111011010100001111000110010100001000100011111101000101110110001001011101000101011100000001101011100101100111
01000110010000001101100010110101010010111011010110110111111011010100001111000110010100001000100011111101000101110110001001011101000101011100000001101011100101100111
01001101001101001011100010110101010010111011010110110111111011010100001111000110010100001000100011111101000101110110001001011101000101011100000001101011100101100110
01001101001101001011100010110101010010111011010110110111111011010100001111000110010100001000100011111101000101110110001001011101000101011100000110010001101100011110
