00100010111000001100001110001011000101010010110000011000100111111110000010101001100111111010111100000010011110011111001101011011000001111000000011001111001011101011
00100010111000001100001110001011000101010010110000011000100111111110000010101001100111111010111100000010011110011111001101011011000001111000000011001111001100111011
00100010111000001100001110001011000101010010110000011000100111111110000010101001100111111010111100000010011110011111001101011011000001111000000011001101100111101011
00100010111000001100001110001011000101010010110000011000100111111110000010101001100111111011001100000010011110011111001101011011000001111000000011001111001011101011
00100010111000001100001110001011000101010010110000011000100111111110000010101001100111111010111100000010011110011111001101011011000001111000000011001110001011101011
00100010111000001100001110001011000101010010110000011000100111111110000010101001100111111010111100000010011110011111001101011011000001111000000011001111001100101011
00100010111000001100001110001011000101010010110000011000100111111110000010101001100111111010111100000010011110011111001101011011000001111000000011001110000011101011
00100010111000001100001110001011000101010010110000011000100111111110000010101001100111111010111100000010011110011111001101011011000001111000000011001110100011101011
00100010111000001100001110001011000101010010110000011000100111111110000010101001100111111010111100000010011110011111001101011011000001111000000011001111001101101011
00100010111000001100001110001011000101010010110000011000100111111110000010101001100111111010111100000010011110011111001101011011000001111000000011000111011011101011
00100010111000001100001110001011000101010010110000011000100111111110000010101001100111111010111100000010011110011111001101011011000001111000000011000111000011101011
00100010111000001100001110001011000101010010110000011000100111111110000010101001100111111010111100000010011110011111001101011011000001111000000011001111001110101011
00100001111000001100001110001011000101010010110000011000100111111110000010101001100111111010111100000010011110011111001101011011000001111000000011001111001011101011
00100010111000001100001110001011000101010010110000011000100111111110000010101001100111111010111100000010011110011111001101011011000001111000000011001111001111000111
00100010001000001100001110001011000101010010110000011000100111111110000010101001100111111010111100000010011110011111001101011011000001111000000011001111001011101011
00100010111000001100001110001011000101010010110000011000100111111110000010101001100111111010111100000010011110011111001101011011000001111000000010011111111011101011
00101000111000001100001110001011000101010010110000011000100111111110000010101001100111111010111100000010011110011111001101011011000001111000000011001111001011101011
00100010111000001100001110001011000101010010110000011000100111111110000010101001100111111010111100000010011110011111001101011011000001111000000011001111001011111101
00100010111000001100001110001011000101010010110000011000100111111110000010101001100111111010111100000010011110011111001101011011000001111000000011001111000000011010
00100010111000001100001110001011000101010010110000011000100111111110000010101001100111111010111100000010011110011111001101011011000001111000000011001000111001101011
00100010111000001100001110001011000101010010110000011000100111111110000010101001100111111010111100000010011110011111001101011011000001111000000011001111000011101011
00100010111000001100001110001011000101010010110000011000100111111110000010101001100111111010111100000010011110011111001101011011000001111000000011001111001100100110
00100010111000001100001110001011000101010010110000011000100111111110000010101001100111111010111100000010011110011111001101011011000001111000000011001111001011111011
00100010111000001100001110001011000101010010110000011000100111111110000010101001100111111010111100000010011110011111001101011011000001111000000011010001001111000111
00100010111000001100001110001011000101010010110000011000100111111110000010101001100111111010111100000010011110011111001101011011000001111000000011001110111100011010
00100010111000001100001110001011000101010010110000011000100111111110000010101001100111111010111100000010011110011111001101011011000001111000000011001111001101110011
00100010111000001100001110001011000101010010110000011000100111111110000010101001100111111010111100000010011110011111001101011011000001111000000011001111011011101011
00100010111000001100001110001011000101010010110000011000100111111110000010101001100111111010111100000010011110011111001101011011000001111000000010010110101111000111
00100010111000001100001110001011000101010010110000011000100111111110000010101001100111111010111100000010011110011111001101011011000001111000000010111000011011101011
00100010111000001100001110001011000101010010110000011000100111111110000010101001100111111010111100000010011110011111001101011011000001111000000011001110111100101011
00100010111000001100001110001011000101010010110000011000100111111110000010101001100111111010111100000010011110011111001101011011000001111000000011000101110001111101
00100010111000001100001110001011000101010010110000011000100111111110000010101001100111111010111100000010011110011111001101011011000001111000000011001110011011101011
