00100011111001001011110000011100000110110100000000010101000011101011110010000100000000110000001110010110100100010110000010101100011000100000001110010010010001011001
00100011111001001011110000011100000110110100000000010101000011100100010000100000000110000001110010110100100010110000010101100011000100000001110010010010010001011001
00100011111001001011110000011100000110110100000000010101000011101011110010000100000000110000001110010110100100010110000010101100011000100000001101110100101100101101
00100011111001001011110000011100000110110100000001011100100011111010010101010100000000110000001110010110100100010110000010101100011000100000001110010010010001011001
00100011111001001011110000011100000110110100000000010101000011101011110010000100000000110000001110010110100100010110000010101100011000100000001101110000110110111001
00100011111001001011110000011100000110110100000001010001000110100110101010100000000110000001110010110100100010110000010101100011000100000001110010010010010001011001
00100011111001001011110000011100000110110100000001011100100011111010010101011111111110110010010010110100100010110000010101100011000100000001110010010010010001011001
00100011111001001011110000011100000110110100000000010101000011100111000010000100000000110000001110010110100100010110000010101100011000100000001110010010010001011001
00100011111001001011110000011100000110110100000001011100100011111010010101010100000000110000001110010110100100010110000010101100011000100000001101110100101100101101
00100011111001001011110000011100000110110100000001011100100011111011101001011100010110100010110010110100100010110000010101100011000100000001110010010010010001011001
00100011111001001011110000011100000110110100000001011100100011111011101001011100101110111000110000001110010110100100010110000010101100011000100000001111000011110000
00100011111001001011110000011100000110110100000000010101000011101011110010000100000000110000001110010110100100010110000010101100011000100000000100000000101100101101
00100011111001001011110000011100000110110100000001011100100011111011101001011100101110111000110000001110010110100100010110000010101100011000100000001110010011110000
00100011111001001011110000011100000110110100000000010101000011100111000010000100000000110000001110010110100100010110000010101100011000100000001101110100101100101101
00100011111001001011110000011100000110110100000001011100100011111011101001011100101110111000110000001110010110100100010110000010101100011000100000000100000000101101
00100011111001001011110000011100000110110100000001011110101000011111110000101101010100010000100101000110100100010110000010101100011000100000001101110100101100101101
00100011111001001011110000011100000110110100000001011110101000011111110001100101110111000110000001110010110100100010110000010101100011000100000001110000101100101101
00100011111001001011110000011100000110110100000001011100100011111011101011110010000100000000110000001110010110100100010110000010101100011000100000001111000011110000
00100011111001001011110000011100000110110100000001011100100011111010010101010100000000110000001110010110100100010110000010101100011000100000001101110000110110111001
00100011111001001011110000011100000110110100000001011100100011111011101001011100101110111000110000001110010110100100010110000010101100011000100000000100000011110000
00100011111001001011110000011100000110110100000001011100100011111011101000011111111011110011101000010110100100010110000010101100011000100000001101110100101100101101
00100011111001001011110000011100000110110100000001011100100011111010011101010100000000110000001110010110100100010110000010101100011000100000001101110100101100101101
00100011111001001011110000011100000110110100000001011110101000011111110001100100000000110000001110010110100100010110000010101100011000100000001101110100101100101101
00100011111001001011110000011100000110110100000001010001000110100101111000001111111011111110000100010110100100010110000010101100011000100000001101110100101100101101
00100011111001001011110000011100000110110100000001011110101000011111110001100101110111000110000001110010110100100010110000010101100011000100000001101010101000000011
00100011111001001011110000011100000110110100000000010101000011101011110010000100000000110000001110010110100100010110000010101100011000100000001110000100000011110000
00100011111001001011110000011100000110110100000000010101000011100100010001111111011111110000100010110100100010110000010101100011000100000001110010010010010001011001
00100011111001001011110000011100000110110100000000010101000011101011110010000100000000110000001110010110100100010110000010101100011000100000001110010010010010000101
00100011111001001011110000011100000110110100000001011110101000011111110000101101010100010000100101000110100100010110000010101100011000100000001110010010010001011001
00100011111001001011110000011100000110110100000001011110101000011111110001100101110111000110000001110010110100100010110000010101100011000100000001110000110110111001
00100011111001001011110000011100000110110100000001011100100011111011101011110010000100000000110000001110010110100100010110000010101100011000100000001110010011110000
00100011111001001011110000011100000110110100000001011100100011111010000000101010100000000110000001110010110100100010110000010101100011000100000001110000101100101101
