10111101101100101001000010100011100111101001101011110000011111000111100111011111010100001011110011000001010001001001001110100110001001000011101100101101001011010110
10111100001100101001000010100011100111101001101011110000011111000111100111011111010100001011110011000001010001001001001110100110001001000011101100101101001011010110
01001000101100101001000010100011100111101001101011110000011111000111100111011111010100001011110011000001010001001001001110100110001001000011101100101101001011010110
00101011000000010100011100111101001101011110000011111000111100111011111010100001011110011000001010001001001001110100100000010001100011000101111101010101001011010110
11001100011100001100101001000010100011100111101001101011110000011111000111100101101110001011110011000001010001001001001110100110001001000011101100101101001011010110
11001100111100101001000010100011100111101001101011110000011111000111100111011111010100001011110011000001010001001001001110100110001001000011101100101101001011010110
10111100111011101100101001000010100011100111101001101011110000011111000111100101101110001011110011000001010001001001001110100110001001000011101100101101001011010110
11000000110001101100101001000010100011100111101001101011110000011111000111100101101110001011110011000001010001001001001110100110001001000011101100101101001011010110
00110001010110101001000010100011100111101001101011110000011111000111100111011111010100001011110011000001010001001001001110100110001001000011101100101101001011010110
11001011101011100001100101001000010100011100111101001101011110000011111000111100111011111010100001011111000100101000100001000101110111110101000110111001100001001100
00101011000111100001101111111101100111101010000110011111100111011111010100001011110011000001010001001001001110100100000010001100011000101111100011101111001011010110
11001011101011100010111000010101001000010100011100111101001101011110000011111000111100111011111010100001011111000100101000100001000101000011101101011111001011010110
10111011011101100101001000010100011100111101001101011110000011111000111100111011111010100001011110011000001010001001001001110101110111110101000110111001100001001100
11001011101011100010110110101001000010100011100111101001101011110000011111000111100111011111010100001011111000100101000100001000110010110010101111101101000001110110
00101101000000010100011100111101001101011110000011111000111100111011111010100001011110011000001010001001001001110100100000010001100011000101111101010101001011010110
10111011010101101100101001000010100011100111101001101011110000011111000111100101101110001011110011000001010001001001001110100110001001000011101100101101001011010110
11001011101011100010110101001000010100011100111101001101011110000011111000111100111011111010100001011111000100101000100001000101110111110101000110111001100001001100
11001011101100101001000010100011100111101001101011110000011111000111100111011111010100001011110011000001010001001001001110100110001001000011101100101101001011010110
10100101001000101100101001000010100011100111101001101011110000011111000111100101101110001011110011000001010001001001001110100110001001000011101100101101001011010110
10111011011101100101001000010100011100111101001101011110000011111000111100111011111010100001011110011000001010001001001001110100101110111110101000110111001100001001
11001100011100001100101001000010100011100111101001101011110000011111000111100111011111010100001011110011000001010001001001001110101110111110101000110111001100001001
10111100111011101100101001000010100011100111101001101011110000011111000111100111011111010100001011110011000001010001001001001110101110111110101000110111001100001001
11000000110001101100101001000010100011100111101001101011110000011111000111100111011111010100001011110011000001010001001001001110101110111110101000110111001100001001
11001011101001111010110101001000010100011100111101001101011110000011111000111100111011111010100001011111000100101000100001000101110111110101000110111001100001001100
10111101101100101001000010100011100111101001101011110000011111000111100111011111010100001011110011000001010001001001001110100101110111110101000110111001100001001100
10111011010101101100101001000010100011100111101001101011110000011111000111100111011111010100001011110011000001010001001001001110101110111110101000110111001100001001
10100101001000101100101001000010100011100111101001101011110000011111000111100111011111010100001011110011000001010001001001001110101110111110101000110111001100001001
10111011001100001100101001000010100011100111101001101011110000011111000111100111011111010100001011110011000001010001001001001110101110111110101000110111001100001001
11001011101011100010110110101001000010100011100111101001101011110000011111000111100111011111010100001011111000100101000100001000101110111110101000110111001100001001
11000000110001101101010101001000010100011100111101001101011110000011111000111100111011111010100001011111000100101000100001000101110111110101000110111001100001001100
11000000111101100101001000010100011100111101001101011110000011111000111100111011111010100001011110011000001010001001001001110101110111110101000110111001100001001100
11001011101001111000010101001000010100011100111101001101011110000011111000111100111011111010100001011111000100101000100001000101110111110101000110111001100001001100
