11011000101011110000101100111110000001110010010110001110110100000110101100000001000010011100000010010001001110101110000101011101110000101010101011010101011100001010
11011000101011110000101100111110000001110010010110001110110100000110101100000001000010011100000010010001001110101110000100010001111000111000101111010101011100001010
11011000101011110000101100111110000001110010010110001110110100000110101100000001000010011100000010010001001110101110000100011101111000111000101111010101011100001010
11011000101011110000101100111110000001110010010110001110110100000110101100000001000010011100010101110100111110100010010100010001111000111000101111010101011100001010
11011000101011110000101100111110000001110010010110001110110100000110101100000001000010010100100010010001001110101110000101011101110000101010101011010101011100001010
11011000101011110000101100111110000001110010010110001110110100000110101100000001000010011100000010010001001110101110000101011100001010000000100010010101011100001010
11011000101011110000101100111110000001110010010110001110110100000110101100000001000010011100000010010001001110101110000100011101110000101010101011010101011100001010
11011000101011110000101100111110000001110010010110001110110100000110101100000001000010011100000010010001001110101110001010010001111000111000101111010101011100001010
11011000101011110000101100111110000001110010010110001110110100000110101100000001000010011100000010010001001110101110000111011101110000101010101011010101011100001010
11011000101011110000101100111110000001110010010110001110110100000110101100000001000010011100000010010001001110101110010011010001111000111000101111010101011100001010
11011000101011110000101100111110000001110010010110001110110100000110101100000001000010011100000010010001001110101110000100010101101000101010101011010101011100001010
11011000101011110000101100111110000001110010010110001110110100000110101100000001000010011100000010010001001110101110000101011011111000111000101111010101011100001010
11011000101011110000101100111110000001110010010110001110110100000110101100000001000010011100000010010001001110101110000111010001111000111000101111010101011100001010
11011000101011110000101100111110000001110010010110001110110100000110101100000010100110101010100010010001001110101110000101011101110000101010101011010101011100001010
11011000101011110000101100111110000001110010010110001110110100000110101100000001000010011100000010010001001110101110000101011101111000111000101111010101011100001010
11011000101011110000101100111110000001110010010110001110110100000110101100000001000010011100000010010001001110101110000101011101110000101010100100001110000010001010
