11000111100111011000011011011100001101101001101111001110000110100100010101011010100111001011100011001010100110111010100001001001011110010111100011010101001101000000
11000111100111011000011011011100001101101001101111001110000110100100010101011010100111001011100011001010100110111001100001001001011110010111100011010101001101000000
11111110011111011000011011011100001101101001101111001110000110100100010101011010100111001011100011001010100110111010100001001001011110010111100011010101001101000000
11000111100111011000011011011100001101101001101111111110000110100100010101011010100111001011100011001010100110111010100001001001011110010111100011010101001101000000
11000111100111011000011011011101110111001001101111001110000110100100010101011010100111001011100011001010100110111010100001001001011110010111100011010101001101000000
11000111100111011000011011011100001101101011101111001110000110100100010101011010100111001011100011001010100110111010100001001001011110010111100011010101001101000000
11000111100111011000011011011100001101101001101111001110000110100100010101011010100111001011100011001010100110111010100001001001011110010110100010110010110000100000
11000111100111011000011011011100001101101001101111100101101110010100010101011010100111001011100011001010100110111010100001001001011110010111100011010101001101000000
11000111100111011000011011011100001101101001101111001110000110100100010101011010100111001011100011001010100110111010100001001001011001110011100011010101001101000000
11000111100111011000011011011100001101101001100111111110000110100100010101011010100111001011100011001010100110111010100001001001011110010111100011010101001101000000
11000111100111011000011011011100001101111001101111001110000110100100010101011010100111001011100011001010100110111010100001001001011110010111100011010101001101000000
11000111100111011000011011011100001101101001101111001110000110100100010101011010100111001011100011001010100110111010100001001001011110010101010011010101001101000000
11000111100111011000011011011100001101101001100111001110000110100100010101011010100111001011100011001010100110111010100001001001011110010111100011010101001101000000
11000111100111011000011011011100001101101001101111001110000110100100010101011010100111001011100011001010100110111010100001001001011110010110010011010101001101000000
11000111100111011000011011011100001101101001101111001110000110100100010101011010100111001011100011001010100110111010100001001001010001000011100011010101001101000000
11000111100111011000011011011100001101101001101111001110000110100100010101011010100111001011100011001010100110111010100001001001011110010110100011010101001101000000
