10110010100110000000011000101100100111100001010110110000111111011010100010100100100101001110111010010110101110001110111011001110100101000101101001101010011010101001
10110010100110000000011000101100100111100001010110110000111111011010100010100100100101001110111010010110101110001110111011001110100101000101101001101010011010101101
10110010100110000000011000101100100111100001010110110000111111011010100010100100100101001110111010010110101110001110111011001110100101000101101001101010011011000101
10110010100110000000011000101100100111100001010110110000111111011010100010100100100101001110111010010110101110001110111011001110100101000101101001101010011010110001
10110010100110000000011000101100100111100001010110110000111111011010100010100100100101001110111010010110101110001110111011001110100101000101101001101010011001000101
10110010100110000000011000101100100111100001010110110000111111011010100010100100100101001110111010010110101110001110111011001110100101000101101001101010011010100011
10110010100110000000011000101100100111100001010110110000111111011010100010100100100101001110111010010110101110001110111011001110100101000101101001101010011010100101
10110010100110000000011000101100100111100001010110110000111111011010100010100100100101001110111010010110101110001110111011001110100101000101101001101010011010011011
10010001010010010000011101100101100100111100001010110110000111111011010100010100100100101001110111010010110101110001110111011001110100101000101101001101010011010101
10110010100110000000011000101100100111100001010110110000111111011010100010100100100101001110111010010110101110001110111011001110100101000101101001101010011010100001
10110010100110000000011000101100100111100001010110110000111111011010100010100100100101001110111010010110101110001110111011001110100101000101101001101010011011011101
10110010100110000000011000101100100111100001010110110000111111011010100010100100100101001110111010010110101110001110111011001110100101000101101001101010011011100101
10110010100110000000011000101100100111100001010110110000111111011010100010100100100101001110111010010110101110001110111011001110100101000101101001101010011010000011
10110010100110000000011000101100100111100001010110110000111111011010100010100100100101001110111010010110101110001110111011001110100101000101101001101010011010111001
10110010100110000000011000101100100111100001010110110000111111011010100010100100100101001110111010010110101110001110111011001110100101000101101001101010011010100000
10110010100110000000011000101100100111100001010110110000111111011010100010100100100101001110111010010110101110001110111011001110100101000101101001101010011011011011
