11000000011101111110001111001111000000010010111000000010110101110110101011001010100011100000100111010100100000110100110011100010001010110101010000011010001001100011
11000000011101111110001111001111000000010010111000000010110101110110101011001010100011100000100111010100100000110101110111100010001010110101010000011010001001100011
11000000011101111110001111001111000000010010111000000010110101110110101011001010100011100000100111010100100000100101011111010010001010110101010000011010001001100011
11000000011101111110001111001111000000010010111000000010110101110110101011001010100011100000100111010100100000110100111010100010001010110101010000011010001001100011
11000000011101111110001111001111000000010010111000000010110101110110101011001010100011100000100111010100100000110100110010100010001010110101010000011010001001100011
11000000011101111110001111001111000000010010111000000010110101110110101011001010100011100000100111010100100000110100111111100010001010110101010000011010001001100011
11000000011101111110001111001111000000010010111000000010110101110110101011001010100011100000100111010100100000100101011101100010001010110101010000011010001001100011
11000000011101111110001111001111000000010010111000000010110101110110101011001010100011100000100111010100100000110100101000000010001010110101010000011010001001100011
11000000011101111110001111001111000000010010111000000010110101110110101011001010100011100000100111010100100000100101010100100010001010110101010000011010001001100011
11000000011101111110001111001111000000010010111000000010110101110110101011001010100011100000100111010100100000100101010101100010001010110101010000011010001001100011
11000000011101111110001111001111000000010010111000000010110101110110101011001010100011100000100111010100100000110100100000110010001010110101010000011010001001100011
11000000011101111110001111001111000000010010111000000010110101110110101011001010100011100000100111010100100000110100110011010010001010110101010000011010001001100011
11000000011101111110001111001111000000010010111000000010110101110110101011001010100011100000100111010100100000110100111100001010001010110101010000011010001001100011
11000000011101111110001111001111000000010010111000000010110101110110101011001010100011100000100111010100100000110100111101100010001010110101010000011010001001100011
11000000011101111110001111001111000000010010111000000010110101110110101011001010100011100000100111010100100000100100011001111010001010110101010000011010001001100011
11000000011101111110001111001111000000010010111000000010110101110110101011001010100011100000100111010100100000100101000111100010001010110101010000011010001001100011
11000000011101111110001111001111000000010010111000000010110101110110101011001010100011100000100111010100100000100110110000110010001010110101010000011010001001100011
11000000011101111110001111001111000000010010111000000010110101110110101011001010100011100000100111010100100000110011000111100010001010110101010000011010001001100011
11000000011101111110001111001111000000010010111000000010110101110110101011001010100011100000100111010100100000110101111010100010001010110101010000011010001001100011
11000000011101111110001111001111000000010010111000000010110101110110101011001010100011100000100111010100100000100100011101100010001010110101010000011010001001100011
11000000011101111110001111001111000000010010111000000010110101110110101011001010100011100000100111010100100000110101111011100010001010110101010000011010001001100011
11000000011101111110001111001111000000010010111000000010110101110110101011001010100011100000100111010100100000111111111100100010001010110101010000011010001001100011
11000000011101111110001111001111000000010010111000000010110101110110101011001010100011100000100111010100100000100101010100110010001010110101010000011010001001100011
11000000011101111110001111001111000000010010111000000010110101110110101011001010100011100000100111010100100000110111000111100010001010110101010000011010001001100011
11000000011101111110001111001111000000010010111000000010110101110110101011001010100011100000100111010100100001011100011101100010001010110101010000011010001001100011
11000000011101111110001111001111000000010010111000000010110101110110101011001010100011100000100111010100100000100100011111010010001010110101010000011010001001100011
11000000011101111110001111001111000000010010111000000010110101110110101011001010100011100000100111010100100001000001110011100010001010110101010000011010001001100011
11000000011101111110001111001111000000010010111000000010110101110110101011001010100011100000100111010100100000100101100011010010001010110101010000011010001001100011
11000000011101111110001111001111000000010010111000000010110101110110101011001010100011100000100111010100100000110101000001100010001010110101010000011010001001100011
11000000011101111110001111001111000000010010111000000010110101110110101011001010100011100000100111010100100000110100101001000010001010110101010000011010001001100011
11000000011101111110001111001111000000010010111000000010110101110110101011001010100011100000100111010100100000110111010101100010001010110101010000011010001001100011
11000000011101111110001111001111000000010010111000000010110101110110101011001010100011100000100111010100100001010011111101100010001010110101010000011010001001100011
