00100010111101111100011101001101111111001110010010100111100011011111000000110111000010111110101001011100010100000011000101100111101010110011101000000010111100100111
01100001100010010000010000000100111111001110010010100111100011011111000000110111000010111110101001011100010100000011000101100111101010110011101000000010111100100111
01100110011101011111111111101101111111001110010010100111100011011111000000110111000010111110101001011100010100000011000101100111101010110011101000000010111100100111
01100110011101011111111110011101111111001110010010100111100011011111000000110111000010111110101001011100010100000011000101100111101010110011101000000010111100100111
01100110011101011110110110011101111111001110010010100111100011011111000000110111000010111110101001011100010100000011000101100111101010110011101000000010111100100111
01100110011100010001011110011101111111001110010010100111100011011111000000110111000010111110101001011100010100000011000101100111101010110011101000000010111100100111
01100110011101011111111111100000011111001110010010100111100011011111000000110111000010111110101001011100010100000011000101100111101010110011101000000010111100100111
01100110011101011111111111101010011111001110010010100111100011011111000000110111000010111110101001011100010100000011000101100111101010110011101000000010111100100111
01100110110001110010100101010111111111001110010010100111100011011111000000110111000010111110101001011100010100000011000101100111101010110011101000000010111100100111
00111100111110101111011010010001111111001110010010100111100011011111000000110111000010111110101001011100010100000011000101100111101010110011101000000010111100100111
01100010111101111100011101001101111111001110010010100111100011011111000000110111000010111110101001011100010100000011000101100111101010110011101000000010111100100111
01100110011101011111111111100001111111001110010010100111100011011111000000110111000010111110101001011100010100000011000101100111101010110011101000000010111100100111
01100110010101001001101101011010101111001110010010100111100011011111000000110111000010111110101001011100010100000011000101100111101010110011101000000010111100100111
01100110011101011111111111101001111111001110010010100111100011011111000000110111000010111110101001011100010100000011000101100111101010110011101000000010111100100111
01100111001001111111010100111001111111001110010010100111100011011111000000110111000010111110101001011100010100000011000101100111101010110011101000000010111100100111
10000101110010000011011011010001111111001110010010100111100011011111000000110111000010111110101001011100010100000011000101100111101010110011101000000010111100100111
01100011001001111111010100111001111111001110010010100111100011011111000000110111000010111110101001011100010100000011000101100111101010110011101000000010111100100111
00100010000010010000010000000100111111001110010010100111100011011111000000110111000010111110101001011100010100000011000101100111101010110011101000000010111100100111
01101110000000111111110100101101111111001110010010100111100011011111000000110111000010111110101001011100010100000011000101100111101010110011101000000010111100100111
01100110011101011111111111111101111111001110010010100111100011011111000000110111000010111110101001011100010100000011000101100111101010110011101000000010111100100111
01100110011101011111110100101101111111001110010010100111100011011111000000110111000010111110101001011100010100000011000101100111101010110011101000000010111100100111
10000100101000111101100110101101111111001110010010100111100011011111000000110111000010111110101001011100010100000011000101100111101010110011101000000010111100100111
01100001011101111100011101001101111111001110010010100111100011011111000000110111000010111110101001011100010100000011000101100111101010110011101000000010111100100111
01101011000100110000101110011101111111001110010010100111100011011111000000110111000010111110101001011100010100000011000101100111101010110011101000000010111100100111
01100110011101011111111110010001111111001110010010100111100011011111000000110111000010111110101001011100010100000011000101100111101010110011101000000010111100100111
01100110011101011111111111100010111111001110010010100111100011011111000000110111000010111110101001011100010100000011000101100111101010110011101000000010111100100111
00011100010010000010000000100111111111001110010010100111100011011111000000110111000010111110101001011100010100000011000101100111101010110011101000000010111100100111
01111110011000000110010110011101111111001110010010100111100011011111000000110111000010111110101001011100010100000011000101100111101010110011101000000010111100100111
01101110000001111100011101001101111111001110010010100111100011011111000000110111000010111110101001011100010100000011000101100111101010110011101000000010111100100111
01100110011101011111111111110111111111001110010010100111100011011111000000110111000010111110101001011100010100000011000101100111101010110011101000000010111100100111
11111001100010011001100011101001111111001110010010100111100011011111000000110111000010111110101001011100010100000011000101100111101010110011101000000010111100100111
00101001100010011001100011101001111111001110010010100111100011011111000000110111000010111110101001011100010100000011000101100111101010110011101000000010111100100111
