10101000010000111100111010001001111000000101010001000101001111100101100001011011111111111101001010000000001100001100000000010010000001111001001001000001001111000001
10101000010000111100111010001001111000000101010001000101001111100101100001011011111111111101001010000000001100000000111111101010001101100110010110010101000001110101
10101000010000111100111010001001111000000101010001000101001111100101100001011011111111111101001010000000001100000010110000010010000001111001001001000001001111000001
10101000010000111100111010001001111000000101010001000101001111100101100001011011111111111101001010000000001100001100000000010010000001111001001001000001000100001100
10101000010000111100111010001001111000000101010001000101001111100101100001011011111111111101001010000000001100001101110000010010000001111001001001000001001111000001
10101000010000111100111010001001111000000101010001000101001111100101100001011011111111111101001010000000001100010101000010010000001111001001001000001001111000001100
10101000010000111100111010001001111000000101010001000101001111100101100001011011111111111101001010000001110110101101100100001110110011100010110110100010011011110010
10101000010000111100111010001001111000000101010001000101001111100101100001011011111111111101001010000001110110101100000000010010000001111001001001000001001111000001
10101000010000111100111010001001111000000101010001000101001111100101100001011011111111111101001010000000001100000000110000010010000001111001001001000001001111000001
10101000010000111100111010001001111000000101010001000101001111100101100001011011111111111101001010000000001100000010000110010010000001111001001001000001001111000001
10101000010000111100111010001001111000000101010001000101001111100101100001011011111111111101001010000000011110001000011001101110010100111001001001000001001111000001
10101000010000111100111010001001111000000101010001000101001111100101100001011011111111111101001010000000001010110110000010010000001111001001001000001001111000001100
10101000010000111100111010001001111000000101010001000101001111100101100001011011111111111101001010000000001100000011001101110010100111001001001000001001111000001100
10101000010000111100111010001001111000000101010001000101001111100101100001011011111111111101001010000000001100000011011011010100000001111001001001000001001111000001
10101000010000111100111010001001111000000101010001000101001111100101100001011011111111111101001010000000001100001100000110010010000001111001001001000001001111000001
10101000010000111100111010001001111000000101010001000101001111100101100001011011111111111101001010000000001100001100011100001110110011100010110110100010011011110010
