01111110010000010110111110001100111010001111110010001111111110001010001001010100011110001101100110010111110000110111111001000110101110001101110001111101101011110000
01111110010000010110111110001100111010001111110010001111111110001010001001010100011110001100101011001101110001000111111011011110000101001010110001111101101011110000
01111110010000010110111110001100111010001111110010001111111110001010001001010100011110001101100110010111110000110111111001000000010111111001110001111101101011110000
01111110010000010110111110001100111010001111110010001111111110001010001001010100011110001101100100100100101100111010000000110011101010011111110001111101101011110000
01111110010000010110111110001100111010001111110010001111111110001010001001010100011110001100101011001101110001000111111011011110010000000011110001111101101011110000
01111110010000010110111110001100111010001111110010001111111110001010001001010100011110001100001011110011111000001011010000011101100011111111110001111101101011110000
01111110010000010110111110001100111010001111110010001111111110001010001001010100011110001100100100100101100111010000000110011011101010011111110001111101101011110000
01111110010000010110111110001100111010001111110010001111111110001010001001010100011110001100001010110001001010011100110111111111101100011111110001111101101011110000
01111110010000010110111110001100111010001111110010001111111110001010001001010100011110001101100110010111110000110111111010100010010101011101110001111101101011110000
01111110010000010110111110001100111010001111110010001111111110001010001001010100011110001100111111011101110011001101100111100001001110001101110001111101101011110000
01111110010000010110111110001100111010001111110010001111111110001010001001010100011110001100100100100101100111010000000111100001001110001101110001111101101011110000
01111110010000010110111110001100111010001111110010001111111110001010001001010100011110001100100100100101100111010000000110011101010011111001110001111101101011110000
01111110010000010110111110001100111010001111110010001111111110001010001001010100011111000110110111001011100001110001010001110110101101110110110001111101101011110000
01111110010000010110111110001100111010001111110010001111111110001010001001010100011110001100001011110011111000001011010000011111000111111001110001111101101011110000
01111110010000010110111110001100111010001111110010001111111110001010001001010100011110001100101011001101110001000111111011011111110111000011110001111101101011110000
01111110010000010110111110001100111010001111110010001111111110001010001001010100011111000100100100100101100111010000000110011011101010011111110001111101101011110000
01111110010000010110111110001100111010001111110010001111111110001010001001010100011110001101100110010111110000110111111000011001111101100000110011111101101011110000
01111110010000010110111110001100111010001111110010001111111110001010001001010100011110001101110001010000001000101110100000011001111101100000110011111101101011110000
01111110010000010110111110001100111010001111110010001111111110001010001001010100011110001101100110010111110000110111111001001110011101100000110011111101101011110000
01111110010000010110111110001100111010001111110010001111111110001010001001010100011110001101100110010111110000110111111001001111101111111110001001111101101011110000
01111110010000010110111110001100111010001111110010001111111110001010001001010100011110001101100110010111110000110111111001001101111101100000110011111101101011110000
01111110010000010110111110001100111010001111110010001111111110001010001001010100011110001100100100100101100111010000000110011101010011111110001001111101101011110000
01111110010000010110111110001100111010001111110010001111111110001010001001010100011110001101100110010111110000110111111001001110011000001110001001111101101011110000
01111110010000010110111110001100111010001111110010001111111110001010001001010100011111000100100100100101100111010000000110011101010011111110001001111101101011110000
01111110010000010110111110001100111010001111110010001111111110001010001001010100011111000110110111001011100001110001010001101001100110101010101111000111101011110000
01111110010000010110111110001100111010001111110010001111111110001010001001010100011110001101100110010111110000110111111001001110011000111010101111000111101011110000
01111110010000010110111110001100111010001111110010001111111110001010001001010100011110001101100110010111110000110111111010100010010101010101101000111110101011110000
01111110010000010110111110001100111010001111110010001111111110001010001001010100011110001100100100100101100111010000000110011010100110011011101000111110101011110000
01111110010000010110111110001100111010001111110010001111111110001010001001010100011110001101100110010111110000110111111010111111001010101010101111000111101011110000
01111110010000010110111110001100111010001111110010001111111110001010001001010100011111000110110111001011100001110001010001101001100110101010101111000111101010000101
01111110010000010110111110001100111010001111110010001111111110001010001001010100011110001101100110010111110000110111111001001110011000111010101111000111101010000101
01111110010000010110111110001100111010001111110010001111111110001010001001010100011110001101100110010111110000110111111010111111001010101010101111000111101010000101
