00001010011010001010101000111001000011110010000000111100100011011010000000011111100010100101110101100001011011010010110011100011010101011101100111001110110001101001
00001010011010001010110011011001110111110010000000111100100011011010000000011111100010100101110101100001011011010010110011100011010101011101100111001110110001101001
00001010011010001010111100111110110111110010000000111100100011011010000000011111100010100101110101100001011011010010110011100011010101011101100111001110110001101001
00001010011010001100000101000110110111110010000000111100100011011010000000011111100010100101110101100001011011010010110011100011010101011101100111001110110001101001
00001010011010001101110011000101000111110010000000111100100011011010000000011111100010100101110101100001011011010010110011100011010101011101100111001110110001101001
00001010011010001011010001100101000111110010000000111100100011011010000000011111100010100101110101100001011011010010110011100011010101011101100111001110110001101001
00001010011010001010110010101011101010110100000000111100100011011010000000011111100010100101110101100001011011010010110011100011010101011101100111001110110001101001
00001010011010001010110010100011000111110010000000111100100011011010000000011111100010100101110101100001011011010010110011100011010101011101100111001110110001101001
00010100101011111000011100101100110110110110011001100011111100001010000000011111100010100101110101100001011011010010110011100011010101011101100111001110110001101001
00001010011010001100000100001001000111110010000000111100100011011010000000011111100010100101110101100001011011010010110011100011010101011101100111001110110001101001
00010100101011111000011101101111101010110100000000111100100011011010000000011111100010100101110101100001011011010010110011100011010101011101100111001110110001101001
00010100101011111011110001000110110111110010000000111100100011011010000000011111100010100101110101100001011011010010110011100011010101011101100111001110110001101001
00010100101011111001101000010111110111110010000000111100100011011010000000011111100010100101110101100001011011010010110011100011010101011101100111001110110001101001
00010100101011111001110001111010000011110010000000111100100011011010000000011111100010100101110101100001011011010010110011100011010101011101100111001110110001101001
00001010011010001010101000111001001011010010000000111100100011011010000000011111100010100101110101100001011011010010110011100011010101011101100111001110110001101001
00001010011010001100001100010010110111110010000000111100100011011010000000011111100010100101110101100001011011010010110011100011010101011101100111001110110001101001
