10000010001000101101110000000011011100010011110100011100100110111100100111101010010000111100101001010101010110111011100110001010010001000000000001101110010101011010
10000010001000101101110000000011011100010011110100011100100110111100100111101010010000111100101001010101010110111011100110001010010001000000000001101011111011101110
10000010001000101101110000000011011100010011110100011100100110111100100111101010010000111100101001010101010110111011100110001010010001000000000001101110010101010001
10000010001000101101110000000011011100010011110100011100100110111100100111101010010000111100101001010101010110111011100110001010010001000000000001101110010100100001
10000010001000101101110000000011011100010011110100011100100110111100100111101010010000111100101001010101010110111011100110001010010001000000000001101110011010001110
10000010001000101101110000000011011100010011110100011100100110111100100111101010010000111100101001010101010110111011100110001010010001001100000111110000100100101110
10000010001000101101001101100011010101010011110100011100100110111100100111101010010000111100101001010101010110111011100110001010010001000000000001101110010101011010
10000010001000101101110000000011011100010011110100011100100110111100101000111110011110111100101001010101010110111011100110001010010001000000000001101110010101011010
10000010001000101101110000000011011100010011110100011100100110111101111110110111010110111100101001010101010110111011100110001010010001000000000001101110010101011010
10000010001000101101110000000011011100010011110100011100100110111100100111101010010000111100101001010101010110111011100110001010010001000000000001101100111100011110
10000010001000101101110000000011011100010011110100011100100110111100100111101010011000111100101001010101010110111011100110001010010001000000000001101110010101011010
10000010001000101101110000000010001010010011110100011100100110111100100111101010010000111100101001010101010110111011100110001010010001000000000001101110010101011010
10000010001000101101110000000011011100010011110100011100100110111100100111101010010000111100101001010101010110111011100110001010010001000000000001101101100010101110
10000010001000101101110000000011011100010011110100011100100110111100100111101010010000111100101001010101010110111011100110001010010001000000000001101110011000011100
10000010001000101101110000000011011100010011110100011100100110111100100111101010010000111100101001010101010110111011100110001010010001000000000001101110010100111110
10000010001000101101110000000011011100010010001110111100100110111100100111101010010000111100101001010101010110111011100110001010010001000000000001101110010101011010
