01000011110011100110011110110011010001010110101010110110101100110110011101100011011010010101101000111000011010000111000101100000001011101000101011001110000010100101
01000011110011100110011111100111001111010010000101110110101100110110011101100011011010010101101000111000011010000111000101100000001011101000101011001110000010100101
01000011110011100110010110100111001111010010000101110110101100110110011101100011011010010101101000111000011010000111000101100000001011101000101011001110000010100101
01000011110011100110010110111000101000001110000010110110101100110110011101100011011010010101101000111000011010000111000101100000001011101000101011001110000010100101
01000011110011100110010110110100111101111110101011110110101100110110011101100011011010010101101000111000011010000111000101100000001011101000101011001110000010100101
01000011101100111100101001100111001111010010000101110110101100110110011101100011011010010101101000111000011010000111000101100000001011101000101011001110000010100101
01000011110011100110010110110101101001011110000010110110101100110110011101100011011010010101101000111000011010000111000101100000001011101000101011001110000010100101
01000011110011100110010110110101101001011110000000101101101100110110011101100011011010010101101000111000011010000111000101100000001011101000101011001110000010100101
01000011110011100110011110110011010001010110101011110110101100110110011101100011011010010101101000111000011010000111000101100000001011101000101011001110000010100101
01000011110011100110010110111100111101111110101011110110101100110110011101100011011010010101101000111000011010000111000101100000001011101000101011001110000010100101
01000011110011100110011110011011010001010110101010110110101100110110011101100011011010010101101000111000011010000111000101100000001011101000101011001110000010100101
01000011101100111100100001110000111101111110101011110110101100110110011101100011011010010101101000111000011010000111000101100000001011101000101011001110000010100101
01000011110011100110010110100111010001010110101010110110101100110110011101100011011010010101101000111000011010000111000101100000001011101000101011001110000010100101
01000011110011100110010110110011010001010110101010110110101100110110011101100011011010010101101000111000011010000111000101100000001011101000101011001110000010100101
01000011110011100110011110110011010001010110101010110110101100110110011101100011011010010101101000111000011010000111000101100000001011101000101011001110000010101001
01000011110011100110011111100111001111010010000101110110101100110110011101100011011010010101101000111000011010000111000101100000001011101000101011001110000010101001
00011100001111100111011111100111001111010010000101110110101100110110011101100011011010010101101000111000011010000111000101100000001011101000101011001110000010100101
