11100111100010100101011010100000011011000100001101110011100110111110000110010000110010100001110011110111001100011000101000101011100011100110111011000100001000101110
11100111100010100101011010100000011011000100001101110011100110111110000110010000110010100001110011110111001100101001100100101011100011100110111011000100001000101110
11100111100010100101011010100000011011000100001101110011100110111110000110010000110010100001110011101000001101111001100110010110011001001000000101111110001000101110
11100111100010100101011010100000011011000100001101110011100110111110000110010000110010100001110011101010101010011001100110010110011001001000000101111110001000101110
11100111100010100101011010100000011011000100001101110011100110111110000110010000110010100001110011110111001100010110111000100011110101110100010110101111111000101110
11100111100010100101011010100000011011000100001101110011100110111110000110010000110010100001110011110111001111100011100010000111001001110100010110101111111000101110
11100111100010100101011010100000011011000100001101110011100110111110000110010000110010100001101101010000010011111101001001110101110100010110001101001011011100011110
11100111100010100101011010100000011011000100001101110011100110111110000110010000110010100001101101010000101010100111001001110101110100010110001101001011011100011110
11100111100010100101011010100000011011000100001101110011100110111110000110010000110010100001110011110111001100101001100100110001100101100110111011000100001000101110
11100111100010100101011010100000011011000100001101110011100110111110000110010000110010100001110011101000001100001001100110101010010001011101011001001010100111110011
11100111100010100101011010100000011011000100001101110011100110111110000110010000110010100001101101010000010001001111000010101010010001011101011001001010100111110011
11100111100010100101011010100000011011000100001101110011100110111110000110010000110010100001110011101001010001111101100110101010010001011101011001001010100111110011
11100111100010100101011010100000011011000100001101110011100110111110000110010000110010100001110011110111001111100101100010000111001001110100010110101111111000101110
11100111100010100101011010100000011011000100001101110011100110111110000110010000110010100001101101010000010011111101001001110101110101000000010011010010011010010011
11100111100010100101011010100000011011000100001101110011100110111110000110010000110010100001110011110111100100100101100010000111001001110100010110101111111000101110
11100111100010100101011010100000011011000100001101110011100110111110000110010000110010100001101101010000101010100111001001110101110101000000010011010010011010010011
11100111100010100101011010100000011011000100001101110011100110111110000110010000110010100001110011101011110001000011000010101010010001011101011001001010100111110111
