00000010111110100000111110111000101111010000001000110010110101101100111110110011100001000001011110110001010111011101011010000010110010111000010010111101100000000101
00000010111110100000111110111000101111010000001000110010110101101100111110110011100001000001011110110001010111110110011111100111110010111000010010111101100000000101
00000010111110100000111110111000101111010000001000110010110101101100111110110011100001000001011110110000110011011101011001100011001001101011101000011100010000000101
00000010111110100000111110111000101111010000001000110010110101101100111110110011100001000000101001101111110111111000111000100001111011111101110111100110010111010101
00000010111110100000111110111000101111010000001000110010110101101100111110110011100001000001011110110001000111110001011111000000101100010010101100010000110111111111
00000010111110100000111110111000101111010000001000110010110101101100111110110011100001000001011110110001110110010010001001100111110010111000010010111101100000000101
00000010111110100000111110111000101111010000001000110010110101101100111110110011100001000001011110110010100011001110111111011110000100000101000101000100010111010101
00000010111110100000111110111000101111010000001000110010110101101100111110110011100001000001011110110001010111011101011010000010110010111000010010000111111011010101
00000010111110100000111110111000101111010000001000110010110101101100111110110011100001000001011110111100100111100001001001010010010000110110001000011100010000000101
00000010111110100000111110111000101111010000001000110010110101101100111110110011100001000001011110100010001110010010001001100111110010111000010010111101100000000101
00000010111110100000111110111000101111010000001000110010110101101100111110110011100001000001011110110001100110010010001001100111110010111000010010111101100000000101
00000010111110100000111110111000101111010000001000110010110101101100111110110011100001000000101001101111110111110001011111000000101100010010101100010000110111111111
00000010111110100000111110111000101111010000001000110010110101101100111110110011100001001111001011110100101111100001001001010010010000110110001000011100010000000101
00000010111110100000111110111000101111010000001000110010110101101100111110110011100001000000101001101111110011101001011111000000101100010010101100010000110111111111
00000010111110100000111110111000101111010000001000110010110101101100111110110011100001000001011110101010110001101010001010000010110010111000010010111101100000000101
00000010111110100000111110111000101111010000001000110010110101101100111110110011100001000001011110110010100011001110111111011110000100000010010010111101100000000101
00000010111110100000111110111000101111010000001000110010110101101100111110110011100001000001011110110001000111110001011111000000101100010010101100010000110111111111
