11010101010011101000110111100101000011111001110011000011000010001110110010110001000111110101111001001001100000101100111001001001101110000100111011011101111110010000
00100100000000111101110011111101000011111001110011000011000010001110110010110001000111110101111001001001100000101100111001001001101110000100111011011101111110010000
11000100100111101000110111100101000011111001110011000011000010001110110010110001000111110101111001001001100000101100111001001001101110000100111011011101111110010000
11010100100111101000110111100101000011111001110011000011000010001110110010110001000111110101111001001001100000101100111001001001101110000100111011011101111110010000
11010100100101101000110111100101000011111001110011000011000010001110110010110001000111110101111001001001100000101100111001001001101110000100111011011101111110010000
11010100101111010000110111100101000011111001110011000011000010001110110010110001000111110101111001001001100000101100111001001001101110000100111011011101111110010000
01000100100111101000110111100101000011111001110011000011000010001110110010110001000111110101111001001001100000101100111001001001101110000100111011011101111110010000
00100101100111101000110111100101000011111001110011000011000010001110110010110001000111110101111001001001100000101100111001001001101110000100111011011101111110010000
11100101011010010111110011111101000011111001110011000011000010001110110010110001000111110101111001001001100000101100111001001001101110000100111011011101111110010000
11011011111000001111110111100111001101111001110011000011000010001110110010110001000111110101111001001001100000101100111001001001101110000100111011011101111110010000
01100110110010101010010111100101000011111001110011000011000010001110110010110001000111110101111001001001100000101100111001001001101110000100111011011101111110010000
00100100001010100000110111100101000011111001110011000011000010001110110010110001000111110101111001001001100000101100111001001001101110000100111011011101111110010000
11010100100101101000010111100101000011111001110011000011000010001110110010110001000111110101111001001001100000101100111001001001101110000100111011011101111110010000
11101010000000111101110011111101000011111001110011000011000010001110110010110001000111110101111001001001100000101100111001001001101110000100111011011101111110010000
11010100100101101000010001100101000011111001110011000011000010001110110010110001000111110101111001001001100000101100111001001001101110000100111011011101111110010000
11010100100110001010110111100101000011111001110011000011000010001110110010110001000111110101111001001001100000101100111001001001101110000100111011011101111110010000
11000100100111101000110111100101000011111001110011000011000010001110110010110001000111110101111001001001100000101100111001001001101110000100111011011101111110010000
