00110101000110010000011100111111011110101101101000110110101111011000001111011000001101010010000001101101111100011101011111000110010000100001010001111001000000011101
00110101000101010011011100000010101101010000011111000011001100011100001111011000001101010010000001101101111100011101011111000110010000100001010001111001000000011101
00110101100111111010111000111010000101111000100010010010110111001111111111111111100000110110010011011001100011011101011111000110010000100001010001111001000000011101
00110101000101010011011100000010101010110011101100111001010001111000110011011000001101010010000001101101111100011101011111000110010000100001010001111001000000011101
00110101000111110111010111101000000101111000100010010010110111001111111111111111100000110110010011011001100011011101011111000110010000100001010001111001000000011101
00110101000110010000011100111111011110101101101000110110101111011000001111010000100110011011000001101101111100011101011111000110010000100001010001111001000000011101
00110101000101001011111010001000010011101010011111000011001100011100001111011000001101010010000001101101111100011101011111000110010000100001010001111001000000011101
00110101000101000101001110111111011110101101101000110110101111011000001111011000001101010010000001101101111100011101011111000110010000100001010001111001000000011101
00101010100001100110110000101100010100001001101101001111111011111000001101001000001101010010000001101101111100011101011111000110010000100001010001111001000000011101
00110101000101010000010100011111110101001011011111011000010011001010100100111100101001111011000001101101111100011101011111000110010000100001010001111001000000011101
00110101000110011010001000100010000101111000100010010010110111001111111111111111100000110110010011011001100011011101011111000110010000100001010001111001000000011101
00110101000110011001000111010000010111100011101100111001010001111000110011011000001101010010000001101101111100011101011111000110010000100001010001111001000000011101
00101010100001100110110000101100010100001001101101001111111011111000100101110100001101010010000001101101111100011101011111000110010000100001010001111001000000011101
00110101000101010011110101011101000110000111010111001110000001001101000111101100001101010010000001101101111100011101011111000110010000100001010001111001000000011101
00110101100111111010111000111010000101111000100010010010110111001111111000000000100110011011000001101101111100011101011111000110010000100001010001111001000000011101
00110101000101010011011100000010101101010000011111000011001100011100001111010000100110011011000001101101111100011101011111000110010000100001010001111001000000011101
10110010011100001111010111101000000101111000100010010011001100011100001111011000001101010010000001101101111100011101011111000110010000100001010001111001000000011101
