11100110111110100000000000110011000111101100011010101011110100001100010011011001011100110100001101100010111010011000110010100000010111110101000101000000011101000110
11100110111110100000000000110011000111101100011010101011110100001100010011011010101100110100001101100010111010011000110010100000010111110101000101000000011101000110
11100110111110100000000000110011000111101100010011000111110100001100010011011001011100110100001101100010111010011000110010100000010111110101000101000000011101000110
11100110111110100000000000110011000111101100011010101011110100001100010011011001011100011110001101100010111010011000110010100000010111110101000101000000011101000110
11100110111110100000000000110011000111101100011010101011110100001100010011011001011100110100001101100010111010011000110010100000010111110101000101000000011101010111
11100110111110100000000000110011000111101100011010101011110100001100010011011001011100110100001101100010111010011000110010100000010111110101000101000000011101001111
11100110111110100000000000110011000111101100011010101011110100001100010011011001011100110100001101100010111010011001000111111011000111110101000101000000011101000110
11100110111110100001001011111001100011101000000000101011110100001100010011011001011100110100001101100010111010011000110010100000010111110101000101000000011101000110
11100110111110100000000000110011000111101100011010101011110100001100010001110001011100110100001101100010111010011000110010100000010111110101000101000000011101000110
01100100111110100000000000110011000111101100011010101011110100001100010011011001011100110100001101100010111010011000110010100000010111110101000101000000011101000110
11100110111110100000000000110011000111101100011010101011110100001100010011011001011100110100001101100010111010011000110010100000010111110101000101000000011101000111
11100110111110100000000000110011000111101100011010101011110100001100010011011001011100110100001101100010111010011000101000111000010111110101000101000000011101000110
11100110111110100000000000110011000111101100011010101011110100001100010011011001011100110100001101100010111010011000110010100000010111111111000011100011100110111111
11100110111110100000000000110011000111101100010010010011101010001010010011011001011100110100001101100010111010011000110010100000010111110101000101000000011101000110
11100110111110100000000000110011000111101100011010101011110100001100010011011001011100110100001101100010111010011000110010100000010110110101000101000000011101000110
11100110111110100000000000110011000111101100011010101011110100001100010011011001011100110100001101100010111010011110110010100000010111110101000101000000011101000110
11100110111110100000000000110011000111101100011010101011110100001100010011011001011100110100001101100010111010011000110010100000010111110101000101000000011101000110
