11101101010111110110010011011110000000011000100001000010011101100011100100101000110011110000011001011011010000011110110110101100100000000110001010110110111101010111
11101101010111110110010011011110000000011000100001000010011101100011100100101000110011110000011001011011010000011110110110101100100000000110001010110110111101001000
11101101010111110110010011011110000000011000100001000010011101100011100100101000110011110000011001011011010000011110110110101100100000000110001010110110110101001000
11101101010111110110010011011110000000011000100001000010011101100011100100101000110011110000001110011011010000011110110110101100100000000110001010110110111101010111
11100110101010010110010011011110000000011000100001000010011101100011100100101000110011110000011001011011010000011110110110101100100000000110001010110110111101010111
11101101010111110110010011011110000000011000100001000010011101100011100100101000110011110000011001011011010000011110110110101100100000000110001011001101010101001000
11101101010111110110010011011110000000011000100001000010011101100011100100101000110011110000011001011011010000011110110110101100100000000110000100111110100010011000
11101101010111110110010011011100100000011000100001000010011101100011100100101000110011110000011001011011010000011110110110101100100000000110001010110110111101010111
11101101010111110110010011011110000000010100110010000010011101100011100100101000110011110000011001011011010000011110110110101100100000000110001010110110111101010111
11101101010111110110010011011110000000011000100001000010011101100011100100100000110011110000011001011011010000011110110110101100100000000110001010110110111101010111
11101101010111110110010011011110000000011000100001000010011101100011100100101000110011110000011001011011010000011110110110101100100000000110001010110110110100001000
11101101010111110110010011011110000000011000100001000010011101100011100101011001010011110000011001011011010000011110110110101100100000000110001010110110111101010111
11101101010111110110010011011110000000011000100001000010011101100011100100101000110011110000011001011011010000011110110110101100100000000111101101101101010101001000
11100011010111110110010011011110000000011000100001000010011101100011100100101000110011110000011001011011010000011110110110101100100000000110001010110110111101010111
11101101010111110110010011011110000000011000001011000010011101100011100100101000110011110000011001011011010000011110110110101100100000000110001010110110111101010111
11101100011010010110010011011110000000011000100001000010011101100011100100101000110011110000011001011011010000011110110110101100100000000110001010110110111101010111
11101101010111110110010011011110000000011000100001000010011101100011100100101000110011110000011001011011010000011110110110101100100000000110001010110110111101010111
