10111001010100000110100011001111011001100111011111001111110101101100000101000010010001010100110100101111011100000110001100101010101100001111010110100010111000111111
10111001010100000110100011001111011001100111011111001111110101101100000101000010010001010100110100101111011100000110001100101010101100001100100001110000101000011111
10111001010100000110100011001111011001100111011111001111110101101100000101000010010001010100110100101111011100000110001100101010101100000011000011011011111000011111
10111001010100000110100011001111011001100111011111001111110101101100000101000010010001010100110100101111011100000110001100101010101100001100100001110000101010011111
10111001010100000110100011001111011001100111011111001111110101101100000101000010010001010100110100101111011100000110001100101010101100001111010110100010111000011111
10111001010100000110100011001111011001100111011111001111110101101100000101000010010001010100110100101111011100000110001100101010101100001100110011111110001000011111
10111001010100000110100011001111011001100111011111001111110101101100000101000010010001010100110100101111011100000110001100101010101100001111010110100000111000111111
10111001010100000110100011001111011001100111011111001111110101101100000101000010010001010100110100101111011100000110001100101010101100000011000011011011111111000100
10111001010100000110100011001111011001100111011111001111110101101100000101000010010001010100110100101111011100000110001100101010101100001101001001110111111000111111
10111001010100000110100011001111011001100111011111001111110101101100000101000010010001010100110100101111011100000110001100101010101100001100101000110101111000011111
10111001010100000110100011001111011001100111011111001111110101101100000101000010010001010100110100101111011100000110001100101010101100001100110011111110001010110100
10111001010100000110100011001111011001100111011111001111110101101100000101000010010001010100110100101111011100000110001100101010101100000011000011011011111000111111
10111001010100000110100011001111011001100111011111001111110101101100000101000010010001010100110100101111011100000110001100101010101100001100101001100110111000111111
10111001010100000110100011001111011001100111011111001111110101101100000101000010010001010100110100101111011100000110001100101010101100001100110011110100011111000100
10111001010100000110100011001111011001100111011111001111110101101100000101000010010001010100110100101111011100000110001100101010101100001100100000100111111000111111
10111001010100000110100011001111011001100111011111001111110101101100000101000010010001010100110100101111011100000110001100101010101100001111010110100010010010011111
10111001010100000110100011001111011001100111011111001111110101101100000101000010010001010100110100101111011100000110001100101010101100001100110011111110001000011111
