00010011100101100000100011111010011110000101001001100101100110000001011000100111100000011001001001000011000011101101010011111100101001111011100001100010010011000100
00010011100101100000100010000001111000000101001001100101100110000001011000100111100000011001001001000011000011101101010011111100101001111011100001100010010011000100
00010011100101011111100011111010011110000101001001100101100110000001011000100111100000011001001001000011000011101101010011111100101001111011100001100010010011000100
00010011100101100011100011111010011110000101001001100101100110000001011000100111100000011001001001000011000011101101010011111100101001111011100001100010010011000100
00010011100101100000100011111010011110000101001001100101100110000001011000100111100000011001001001000011000011101101010011001011101001111011100001100010010011000100
00010011100101100000101100101010011110000101001001100101100110000001011000100111100000011001001001000011000011101101010011111100101001111011100001100010010011000100
00010011100101100000101011111010011110000101001001100101100110000001011000100111100000011001001001000011000011101101010011111100101001111011100001100010010011000100
00010011100101100000100011111010011110000101001001100101100110000001011000100111100000011001001001000011000011101101010011001011100001111011100001100010010011000100
00010011100101100000100011111010011110000101001001100101100110000001011000100111100000011001001001000011000011101101010011111101101100111100001001100010010011000100
00010011100101100000100011111010011110000101001001100101100110000001011000100111100000011001001001000011000011101101010011111101100111000111100001100010010011000100
00101001001101110100100011111010011110000101001001100101100110000001011000100111100000011001001001000011000011101101010011111100101001111011100001100010010011000100
00010011100101100000100011111010011110000101001001100101100110000001011000100111100000011001001001000011010110101110011111111100101001111011100001100010010011000100
00010011100101100000100011111010011110000101001001100101100110000001011000100111100000011001001001000011000011101100111001011101110011111011100001100010010011000100
00010011100101100000100011111010011110000101001001100101100110000001011000100111100000011001001001000011010110011011010111111100101001111011100001100010010011000100
00010011100101100000100011111010011110000101001001100101100110000001011000100111100000011001001001000011000010000101010011001011101001111011100001100010010011000100
00010011100101100010010111111010011110000101001001100101100110000001011000100111100000011001001001000011000011101101010011111100101001111011100001100010010011000100
00010011100101100000100011111010011110000101001001100101100110000001011000100111100000011001001001000011000011101101010011111100101001111011100001100010010011000100
