11001010011001011010010010110010101101101111101110001101100110100110101110100100010000011101010110110000101100011100101101011000010101000111010101001000100100001111
11001010011001011010010010110010101110110100010010001111000110100110101110100100010000011101010110110000101100011100101101011000010101000111010101001000100100001111
11001010011001011010010010110010101101101111101110001100010011111010011000010001110010000000101010001110100101010000111110001011110100000110100010011000100100001111
11001010011001011010010010110010101101101111101110001100010011111010011000010001110010000000101010001110011011111110111010111000010101000111010101001000100100001111
11001010011001011010010010110010101101101111101110011011110011111010011000010001110010000000101010001110100101010000111110001011110100000110100010011000100100001111
11001010011001011010010010110010101101101111101110011011110011111010011000010001110010000000101010001110011011111110111010111000010101000111010101001000100100001111
11001010011001011010010010110010101101101111101110001100010011111010011000010001110010000000101010010101110000101010001100011100010000101110110011011000111001010101
11001010011001011010010010110010101101101111101110011011110011111010011000010001110010000000101010010101110000101010001100011100010000101110110011011000111001010101
11001010101111101110010000111100100100001101110111001000100110100110101110100100010000011101010110110000101100011100101101011000010101000111010101001000100100001111
11001010011001011010010010110010101101101111101110001100010011111010011000010001110010000000101010001110011011110001100011111111100000101110110011011000111001010101
11001010101110100101011010001101101000011110111101011000111010101101111100110101111111000100101001010101100110011110110100010001011010101100111111100001100100001111
11001010101110100101011010001101101000011110111101011000111010101101111100110101110101010000001001111110110000110111011110001011110100000110100010011000100100001111
11001010101110100101011010001101101000011110111101011000111010101101111100110101110101010000001001111110110000110111011111011100010000101110110011011000111001010101
11001010011001011010010010110010101101101111101110011011110011111010011000010001110010000000101010001110011011110001100011111111100000101110110011011000111001010101
11001010011001011010010010110010101101101111101110001101110011111010011000010001110010000000101010001110100101010000111110001011110100000110100010011000100100001111
11001010011001011010010010110010101101101111101110001101100110100110101110100100010000011001100101110110010110110011101011010111011101011010111000010010100100001111
11001010011001011010010010110010101101101111101110001100010011111010011000011101101011110010000110000110111001110101110110110101000100001110101011000000011111011100
