00001011111110111100111001010110111111111100100000111111100010000001000111101010011101010000001100111100100001101010011110001000001111011111101011011110011111000011
00001011111110111100111001010110111111111100100000111111100010000001000111101010011101010000001100111100100001101010011110001000001111011111101011011110001110100100
00001011111110111100111001010110111111111100100000111111100010000001000111101010010100111000111100111100100001101010011110001000001111011111101011011110011111000011
00001011111110111100111001010110111111111100100000111111100010000001000111101010011101010000001100111100100001101010011110001000001111011111010000010110001110100100
00001011111110111100111001010110111111111100100000111111100010000001000111101010010001010000001100111100100001101010011110001000001111011111101011011110011111000011
00001011111110111100111001010110111111111100100000111111100010000001000111101010011101010000001100111100100001101010011110001000001111011111101011100111010101100100
00001011111110111100111001010110111111111100100000111111100010000001001110110010010001010000001100111100100001101010011110001000001111011111101011011110011111000011
00001011111110111100111001010110111111111100100000111111100010000001001111110000010001010000001100111100100001101010011110001000001111011111101011011110011111000011
00001011111110111100111001010110111111111100100000111111100010000001001110100100011101010000001100111100100001101010011110001000001111011111101011011110011111000011
00001011111110111100111001010110111111111100100000111111100010000001000111101010011101010000001100111100100001101010011110001000001111011111100011100111010101100100
00001011111110111100111001010110111111111100100000111111100010000001000110101111011010111000001100111100100001101010011110001000001111011111101011011110011111000011
00001011111110111100111001010110111111111100100000111111100010000001000111101011100001010000001100111100100001101010011110001000001111011111101011011110011111000011
00001011111110111100111001010110111111111100100000111111100010000001000111101010011101010000001100111100100001101010011110001000001111011111101010011000010011100100
00001011111110111100111001010110111111111100100000111111100010000001000111101010011101010000001100111100100001101010011110001000001111011110100100100001011110100100
00001011111110111100111001010110111111111100100000111111100010000001000111101010011101010000001100111100100001101010011110001000011000010110010101011110001110100100
00001011111110111100111001010110111111111100100000111111100010000001000111101010011101010000001100111100100001101010011110001000001111011111100000010110001110100100
00001011111110111100111001010110111111111100100000111111100010000001000111101010011101010000001100111100100001101010011110001000001111011111101011011110011111000011
