101001100110000101101111111000011111101101111010100000011100000001111010001100110110101111100100010010010101011110111011100000011011110011100010101011111101011110100101001010100010
101110110110010110000001010000000000011000000100010101001111110000001111111100110000110011100000011011000011100001110011111011010111100101011000001110111001001000011100010100001110
101110110110010110000001010000000000011000000100010101001111110000001111111100110000110011100000011011000011100001110011111011010111100101011000001110111001001000011111111100100010
010111010011111011011011100101101011001110101001001111111010011011011001010001101010000110001011001101101110111011000110010000000001001000000010111011010011100010110001000011111011
101111011000001001010111010100111100010000010011001001100110001111000111011100010010100111010111110100000101000000110100000011010101111000101011010001101001101110110001001010100010
010111010011111011011011100101101011001110101001001111001011000011011110111010010100001011011000100000010111001001100111110011001101100001011111100100111100110110111110010111100010
101110110110010110000001010000000000011000000100010101111110101000001000000010100010010000000000100111111110010000110001101000001011011010001011101011000000111111000101110011100010
101110110110010110000001010000000000011000000100010101001111110000001111111100110000110011100000011011000011100001110011111011010111100101011000001110111001000110110101001110100010
101001100110000101101111111000011111010010000100010101001111110000001111111100110000110011100000011011000011100001110011111011010111100101011000001110111001001000011111111100100010
010111010011111011011011100101101011001110101001001111111010011011011001010001101010000110001011001101101110111011000110010000000001001000000010111011010010011110101011110100100010
101110110110010110000001010000000000011000000100010101111110101000001000010111001110111110110011110110111010010011010010011000011011001100000101010001010111100001000101110011100010
101001100111010011100110011000110100100011110001101010011010010111110101111011110000101100100010011010110111101100000100010111010100010001000100100111000111110010011101110010100010
101111011000001001010111010100100111100111100101010011100010111100010110000010100010010000000000100111111110010000110001101000001011011010001011101011000000111111000101110011100010
101001100110000101101111111000011111010010000110110000101111111100100001110111111000000111011000100101101101011001000000011001100101100011110011110111101011000010100101001010100010
101110110110010110000001010000000000011000000100010101001111110000001111111100110000110011100000011011000011100001110011111011010111100101011000001110111000110100011101110010100010
101001100111010110000001010000000000011000000100010101001111110000001111111100110000110011100000011011000011100001110011111011010111100101011000001110111001001000011111111100100010
111000010111011010000110101100001000001100110000011100110011011101101111111100110000110011100000011011000011100001111001010011010011000100011100000000010101101110000111110011111011
