000100011000010100000101010001100101011111000101010001100111111000111101100000111110110110010110011111110110100011000000001110100001111010101000111011111111000010100100101001111111
000100011000010100000101010001100101011111000101010001100111111000111101100000111110110101110011000000100011111001011010100100000111010010100001001101111101111010001100010001011000
000100101101110100001011011011111000100101111011000000001000101000110101001111111101101101101011001011010001110100111011011000101000011000101001110011110101000010100100101001111111
000100101101110001010010111110010100110010010100110011011011100101010001000011011110000011000011110111010111000001011001000001011001001011111100010101001011010010010101100101011000
000100011000010100000101010001100101011111000101010001100111111000111100001110101011001110010111100001000011001111001100010011111001000011000110001100001111101000010011011001101000
000100011000010100000101010001100101011111000101010001100111111000111101100000111110110110011010001100100000010110000101011000101000011000101001110011110101000010100100101001111111
000100011000010100000101010001100101011111000101010001100111111000111101100000111110110110011010001100111111010110111101010001100110110101110011000110011110010100010010101111111111
000100011000010100000101010001100101011111000101010001100111111000111101100000111110110110011010001100100000010110000001000001011001001011111100010101001011010010010101100101011000
000100011000010100000101010001100101011111000101010001100111111000111101100000111110110110011010001100100000010111010111101001000001101101101110011001110011110011100100101001111111
000100101101110100001011011011111000100101111011000000001011110011010010111110110011001001101011001010111100000000010111100100001011001001101010110111000111101010011110010110101101
000100101101110001010010111110010100110011000110000010001100000010000010111010001111111011111100110111110010000010100011110111111001000011000110001100001111101000010011011001101000
000100101101110001010010111110010100110011000110000011101111011001100100001100000111011101011110001101010010011010000011001001000001101101101110011001110011110011100100101001111111
000100101101110001010010110110100111001000100001011111110010111000000100010011011101101101101100100000111100000000010111100100001011001001101010110111000111101010011110010110101101
000100011000010100000101010001100101011111000101010001100111111000111101100000111110110110010110011111110110100011000000001110100010101100000110111011000001111001001010001101001011
000100101101110001010010110100100101111111000111000001111100110010100100111101101011100001011111000000111110010000100001000001011001001011111100010101001011010010010101100101011000
000100101101110001010010111110010100110011000110000010001100000010000010111010001111111011111100110111101110010101111001111000101111111111000110111000101011010001001000100001011000
000100011000010100000101010001100101011111000101010001100111111000111101100000111110111001001011101000011110001100111011000101011000100110011100111001100100111110111110000111010010
