001010000111010101011100100111101011011001010100000000111000010000011000001101010111011000100100111101110001101100111011101100110100111111111110100101000010001011010001100000111000
101110000011010101011100100111101011011001010100000000111000010000011000001101010111011000100100111101110001101100111011101100110100111111111110100101000010001011010001100000111000
010001010111010101011100100111101011011001010100000000111000010000011000001101010111011000100100111101110001101100111011101100110100111111111110100101000010001011010001100000111000
001010000111010101011100100111101011011001010100000000111000010000011000001101010111011000100100111101110001101100111011101100110100111111111110100101000010001011010010101100001000
101110000011010101011100100111101011011001010100000000111000010000011000001101010111011000100100111101110001101100111011101100110100111111111110100101000010001011010010101100001000
101111001000100111011100100111101011011001010100000000111000010000011000001101010111011000100100111101110001101100111011101100110100111111111110100101000010001011010001100000111000
010001010111010101011100100111101011011001010100000000111000010000011000001101010111011000100100111101110001101100111011101100110100111111111110100101000010001011010010101100001000
001010000111010101011100100111101011011001010100000000111000010000011000001101010111011000100100111101110001101100111011101100110100111101010010110011100111011001010010010111101000
101110000011010101011100100111101011011001010100000000111000010000011000001101010111011000100100111101110001101100111011101100110100111101010010110011100111011001010010010111101000
101111110001111000000110010010000000001111111001011010001101111011001110100000001101101101001111101011011100110110001110000111100010010010100100010000101001011101111101010111101000
101111001000100111011100100111101011011001010100000000111000010000011000001101010111011000100100111101110001101100111011101100110100111111111110100101000010001011010010101100001000
001010000111010101011100100111101011011001010100000000111000010000011000001101010111011000100100111101110001101100111011101100110100111111111110100000101110001011110010101100001000
101111000111010101011100100111101011011001010100000000111000010000011000001101010111011000100100111101110001101100111011101100110100111111111110100101000010001011010001100000111000
101110000011010101011100100111101011011001010100000000111000010000011000001101010111011000100100111101110001101100111011101100110100111111111110100000101110001011110010101100001000
001010000111010101011100100111101011011001010100000000111000010000011000001101010111011000100100111101110001101100111011101100110100111111111110100101000010001011010000000000011011
001100000111010101011100100111101011011001010100000000111000010000011000001101010111011000100100111101110001101100111011101100110100111111111110100101000010001011010001100000111000
001010000111010101011100100111101011011001010100000000111000010000011000001101010111011000100100111101110001101100111011101100110100111111111110100101000010001011010000000000011011
