111011100011100101110000100110000010001101000011001001011100001010100111011111011111010100110100110101010101100111011100100111101000111010111100111000101101011010010000110001001000
111011100011100101110000111001000110101110010011011111111100010111001011111100011101100010110010000001000110101100001110011110110010111010111100111000101101011010010000110001001000
111011100011100101110000100110000010001101000000110000100111100010100100100111101111010110100100110101010101100111011100100111101000111010111100111000101101011010010000110001001000
111011100011100101110000100110000010001101000011001001011100001010100111011111011010001111111111011100100010110111000100011110110010111010111100111000101101011010010000110001001000
111011100011100101110000100110000010001101000011001001011100001010100111011111011111010100110100110101010101100111011100100111101000111010111100111000101101100100111000110001001000
111011100011100101110000100110000010001101000011001001011100001010100111011111011111010111011001010111101011110110111011110101100100010111100110001101000111011100001110110001001000
111011100011100101110000100110000010001101000011001001011100001010001100011011101111010110100100110101010101100111011100100111101000111010111100111000101101011010010000110001001000
111011100000001110101100010101101011100100110111011011010010100111000110111111101111010110100100110101010101100111011100100111101000111010111100111000101101011010010000110001001000
111011100011100101110000100110000010001101000000110000100100001110101100010010000101100010110010000001000110101100001110011110110010111010111100111000101101011010010000110001001000
111011100011100111000100100101000000111011001101000000001101100001110111101011010011001110001001011100011110101110011000011011001010011000010001101101100010100100011111101100110011
111011100000001110101100010101101011100100110111011011010010100111000110111111101111010100110100110101010101100111011100100111101000111010111100111000101101011010010000110001001000
111011100010110011111001010111100101001001101001001100011010011001011001101100110000000011000111110100011110110100001110011110110010111010111100111000101101011010010000110001001000
111011100011100101110000111001000110101110010011011111111100010111100000111000101101101110000101100100101110001111000110011100111001111101011010111111001011100100011011111101101000
111011100011100101110000111001000110101110010011011111110000000100100111110010110010010110100100110101010101100111011100100111101000111010111100111000101101011010010000110001001000
111011100011100101110000111001000110101110010000100110001011101100110110010101110111011011101110110010000011010101110011110111101111010010000111110101000100101010011000011001111110
111011100011111101011101100010001110011111000100010110101111110010001111000001101010110110101100100010110011010000000110101111110000011100010100000000010000101110011100001001101110
110110000010101000100100100101000000111011001101000000001101100001110111101011010011000110111101100111010010010010011000111011100000101101100111011101010000110101000111011111100101
