100110010010001010011110100100110111001110010111010001000100101001010110010000010011011001111111111010101011000011100011000011110101010101111111000010100110000010000011010101001100
100110010010001010011110100100110111001110010111010001000100101001010110010000010011011001111111111010101101100110000100110001111010010101111111000010100110000010000011010101001100
100110010010001010011110100100110111001110010111010001000100101001010110010000010011011001111111111010101101100100010111001110100110001101111111000010100110000010000011010101001100
100110010010001010011110100100110111001110010111010000100001001001101101100101101111001111011010101000101001011011110000110101100101011000101010010100101011000000011010000100110100
100110010010001010011110100100110111001110010111010001000100101001010110010000010011011001111111111010101101100110110101011101010010010011111111000010100110000010000011010101001100
100110010010001010011110100100110111001110010111010001000100101001010110010000010011011001111111111010101011011001001001101111111111011000101010010100101011000000011010000100110100
100110010010001010011110100100110111001111000001011001000011110001000010110111111101010100100000101101011001010100001111101011110101010101111111000010100110000010000011010101001100
100110010010001010011110100100110111001110010111010001000100101001010110010000010011011001111111111010100010000111011010100001111010010101111111000010100110000010000011010101001100
100110010010001010011110100100110111001110010111010001000100101001010110010000010011011001111111111010101101100110001010101000010101101111011100011011001001101011111010000100110100
100110010010001010011110100100110111001110010111010001000100101001010110010000010011011001111111111010101011000001011010011110011000000001000111000010100110000010000011010101001100
100110010010001010011110100100110111001110010111010001000100101001010110010000010011011001111111111010101011001100010000011010110010010011111111000010100110000010000011010101001100
100110010010001010011110100100110111001110010111010001000100101001010110010000010011011001111111111010101101100001001111101011110101010101111111000010100110000010000011010101001100
100110010010001010011110100100110111001110010111010001000100101001010110010000010011011001111111111010101011000011100011000011110101110000101001010000011010100001010101110100110100
100110010010001010011110100100110111001110010111010001000100101001010110010000010011011001111111111010101101100110110101011101010010110011001111111011110101111101000100000100110100
100110010010001010011110100100110111001110010111010001000100101001010110010000010011011001111111111010101011000011100011000011110101110010000101110101100000110011000001000100110100
100110010010001010011110100100110111001111000001011001000011110001000010101010101101110110001001011100001000001000110001101111111111011000101010010100101011000000011010000100110100
100110010010001010011110100100110111001110010111010001000100101001010110010000010011011001111111111010101011001000000100001111110101100001000111000010100110000010000011010101001100
