011011000101000101001101101000110101000010111111000111100001100001000011001000000100000010010110011101111100111010010111110000110011101111010100010000100100010010010010100001100110
011011000100010011001011001001011110010100010010011101010100001011010111010110010100101001111001001101111100111010010111110000110011101111010100010000100100010010010010100001100110
011011000100010011001011001001011110010100010010011101011110111011010111010110010100101001111001001101111100111010010111110000110011101111010100010000100100010010010010100001100110
011011000101000101000010101001011110010100010010011101010100001011010111010110010100101001111001001101111100111010010111110000110011101111010100010000100100010010010010100001100110
011011000100010011001011001001011110010100010010011101010100001010011010001101011001101010001101010001111100111010010111110000110011101111010100010000100100010010010010100001100110
011011000101000101000010101001011110010100010010011101011110111011010111010110010100101001111001001101111100111010010111110000110011101111010100010000100100010010010010100001100110
011011000100010011001011001001011110010100010010011101010100001011010111010110010100101001111011110001111100111010010111110000110011101111010100010000100100010010010010100001100110
011011000101000101001101101000110101000010111111000111100001100001000011001000000100000010010110011101111100111010010111110000110011101111010100010000100100010010010010011011000110
011011000100010011000100001011101000100110100100111100001001100111011010001101011001101010001101010001111100111010010111110000110011101111010100010000100100010010010010100001100110
011011000100010011001011001001011110010100010010011101011110111011010111010110010100101001111011110001111100111010010111110000110011101111010100010000100100010010010010100001100110
011011000100010011001011001001011110010100010010011101010100001011010111010110010100101001111001001101111100111010010111110000110011101111010100010000100100010010010010011011000110
011011000100010011001011001001011110010100010010011101010100001010111110100001111111000111001001010001111100111010010111110000110011101111010100010000100100010010010010100001100110
011011000100010011001011001001011110010100010010011101011110111010011010001101011001101010001101010001111100111010010111110000110011101111010100010000100100010010010010100001100110
011011000101000101000010101001011110010100010010011101010100001010011010001101011001101010001101010001111100111010010111110000110011101111010100010000100100010010010010100001100110
011011000101000101000010101001011110010100010010011101010100001011010111010110010100101001111011110001111100111010010111110000110011101111010100010000100100010010010010100001100110
011011000100010011001011001001011110010100010010011101011110111011010111010110010100101001111001001101111100111010010111110000110011101111010100010000100100010010010010011011000110
011011000101000101001101101000110010010100000100111000000111001100100110010100010110110111000001000100110110111110011010100001001000101110101111111010000111100111101011011110100101
