111011010101000110100100000001000100101010000101011101111101011010011001000100001101111110101010000101100101100000011000001100001100001111101001101001000100010110100011000101010101
111011010101000110100100000001000100101010000101011101111101011010011001000100001101111110101010000100111001011000111100100100000110110110001001101001000100010110100011000101010101
111011010101000110100100000001000100101010000101011101111101011010011001000100001101111110101010000100111001011000111100100100000110110100101001101100111101001101010000101101010101
111011010101000110100100000001000100101010000101011101111101011010011001000100001101111110101010000100111001011000111100100100000110011101010001101001000100010110100011000101010101
111011010101000110100100000001000100101010000101011101111101011010011001000100001101111110101010000100111001011000111100100100000110000000001111101001000100010110100011000101010101
111011010101000110100100000001000100101010000101011101111101011010011001000100001101111110101010000100111001011000111100100100000110000000001001101001000100010110100011000101010101
111011010101000110100100000001000100101010000101011101111101011010011001000100001101111110101010000100111001011000111100100100000110110110110001001100000011110110100011000101010101
111011010101000110100100000001000100101010000101011101111101011010011001000100001101111110101010000100111001011000111100100100000110101001001110110100111000111011001100111011000111
111011010101000110100100000001000100101010000101011101111101011010011001000100001101111110101010000100111001011000110101100010110111100000000001101001000100010110100011000101010101
111011010101000110100100000001000100101010000101011101111101011010011001000100001101111110101010000100111001011000111100100100000110110100011111001100000011110110100011000101010101
111011010101000110100100000001000100101010000101011101111101011010011001000100001101111111001001100111110100101001110011111010011101101011001001101001000100010110100011000101010101
111011010101000110100100000001000100101010000101011101111101011010011001000100001101111110101010000100111001011000111100100100000110110100011110110010001101111101010000101101010101
111011010101000110100100000001000100101010000101011101111101011010011001000100001101111110101010000100111001011000111100100100000110110100100111100000011000011110000011000101010101
111011010101000110100100000001000100101010000101011101111101011010011001000100001101111110101010000100111001011000111100110001100100011000001001101001000100010110100011000101010101
111011010101000110100100000001000100101010000101011101111101011010011001000100001101111110101010000100111001011000111100110001100100101110001111101001000100010110100011000101010101
111011010101000110100100000001000100101010000101011101111101011010011001000100001101111110101010000101100101100000011000001100001101011001101111101001000100010110100011000101010101
111011010101000110100100000001000100101010000101011101111101011010011001000100001101111110101010000100111001011000111100100100000110000000001001101001000100010110100011000101010101
