010111001100111001010111011010001100011001001110001001110100100000101100001011100001000100000001011101101100010101001110111111101110100101011010110011101110010010010010011010010101
010111101110011101010011101010001111000100100001011111110101011010000111000110101100101101000101000000001100101101010001001000100111100000100010101000001110100010010010011010010101
010111000101000000100111110101000100110110001110001001110100100000101100001011100001000100000001011101101100010101001110111111101110100101011010110011101110010010010010011010010101
010111000101000100000111011010001100011001001110001001110100100000101100001011100001000100000001011101101100010101001110111111101110100101011010110011101110010010010010011010010101
010111001100000101100101000101001000001111001110001001110100100000101100001011100001000100000001011101101100010101001110111111101110100101011010110011101110010010010010011010010101
010111001100111001010111011010001100011001001110001001110100100000101100001011100001000100000001011101101100010101001110111111101110100101011001100011000101000110010010011010010101
010111000101000000100111110101000100110110001110001001110100100000101100001011100001000100000001011101101100010101001110111111101110100101011001100011000101000110010010011010010101
010111000101011010110010111110011110001001001110001001110100100000101100001011100001000100000001011101101100010101001110111111101110100101011010110011101110010010010010011010010101
010111101110011101010011101010001111000100100001011111110101011010000111000110101100101101000101000000001100101101010001001000100111100000100010101000001110100010010000111010010101
010111000101000100000111011010001100011001001110001001110100100000101100001011100001000100000001011101101100010101001110111111101110100101011001100011000101000110010010011010010101
010111000101001000101101001111100100100100010001110111100010101111110001110101100001110101000110001010001100001110101010110001010010111101010001110101011110100010010010011010010101
010111001100111001010111011010001100011001001110001001110100100000101100001011100001000100000000001010101011100001110110011111110011110101011010100010000111110001110110100011010111
010111101110011101010011101010001111000100100001011011010111010000100111101001001100101100010100110001011110011101011000100100110001001001010101110001101011100101111110011010010101
010111001100111001010111010000111101010100001101011000101010011011001010000000011101010110001000100101100111110011000001110101100100010011000000010010011100000110110110100011010111
010111000101000000100111110101000100110110001110001001110100100000101100001011100001000100000000001010101011100001110110011111110011110101011010100010000111110001110110100011010111
010111000100010110101110010111100001001110000011100111110101010011110000110010110011010110110110001010001100001110101010110001010010111101010001110101011110100010010010011010010101
001000101101001000011101011000100110001000001110001001110100100000101100001011100001000100000001011101101100010101001110111111101110100101011010110011101110010010010010011010010101
