011011011100100001111010011001011100101111110101111000101010100101000010100100010111101001001111110100000011010000111001110100110000001000001101110101000010111101000100110011011011
011011011100100001111010011010000110110010101010101111010001110011100010100100010111101001001111110100000011010000111001110100110000001000001101110101000010111101000100110011011011
011011011100100001111011110001110001001111101001101100010001110011100010100100010111101001001111110100000011010000111001110100110000001000001101110101000010111101000100110011011011
011011011100100001111011101100000010110010101010101111010001110011100010100100010111101001001111110100000011010000111001110100110000001000001101110101000010111101000100110011011011
011011011100100001111011000100000010110010101010101111010001110011100010100100010111101001001111110100000011010000111001110100110000001000001101110101000010111101000100110011011011
011011011100100001111010100111110010110010101010101111010001110011100010100100010111101001001111110100000011010000111001110100110000001000001101110101000010111101000100110011011011
011011011100100001111011001101111100000100111000101111010001110011100010100100010111101001001111110100000011010000111001110100110000001000001101110101000010111101000100110011011011
011011011100100001111010110001101001100100000111110101100100011000110100001001001101011100100100100010101110001010001100011111100110100101010111000000101001101011101001101001101110
011011011100100001111011110001110001001111101001101110011101001011100010100100010111101001001111110100000011010000111001110100110000001000001101110101000010111101000100110011011011
011011011100100001111011000111001101000111111101001011101101100010001001110100010111101001001111110100000011010000111001110100110000001000001101110101000010111101000100110011011011
011011011100100001111010011001011100101111110101111000101010100101000010100100010111101001001111110100000011010000111001110100110000001000001101110101000010111101000110011111001000
011011011100100001111010111100000010110010101010101111010001110011100010100100010111101001001111110100000011010000111001110100110000001000001101110101000010111101000100110011011011
011011011100100001111010110001101001100100000111110101100100011000110100001001001101011100100100100010101110001010001100011111100110100101010111000000101001101011101001010111011011
011011011100100001111010011010010011011011011100000000001010101101111010011000011000101001001111110100000011010000111001110100110000001000001101110101000010111101000100110011011011
011011011100100001111010011001101001100100000111110101100100011000110100001001001101011100100100100010101110001010001100011111100110100101010111000000101001101011101001101001101110
011011011100100001111010011010010011011011011101000100101010110110011011100010110000110111110101100110000011010000111001110100110000001000001101110101000010111101000100110011011011
011011011100100001111010011010000110110010101010101111010001110011100010100100010111101001001111110100000011010000111001110100110000001000001101110101000010111101000100110011011011
