000100001010000100011111011101110001110001010100001111101000111001001011001110111001111010000111001101101011111101111010011001001000100111100110001111001001100001111100011001010101
000100001010000100011111011101110001110001010100001001101011101011000111110110101011000110111111100101010111011001111010011001001000100111100110001111001001100001111100011001010101
000100001010000100011111011101110001110001010100101101110010000010110001110111110101011100101001110101001011011001111010011001001000100111100110001111001001100001111100011001010101
000100001010000100011111011101110001110001010100101101101110101000100010111001010010010111100111001101101011111101111010011001001000100111100110001111001001100001111100011001010101
000100001010000100011111011101110101001110100011000011111111000100011010110111000101001100001111110101001011011001111010011001001000100111100110001111001001100001111100011001010101
000100001010000100011111011101110101001110100011000011111111010000111001010000101000110001010000011000000110010110011000001111110001000111100110001111001001100001111100011001010101
000100001010000100011111011101110101001110100011000011111111010000111001010000101000110010111111100101010111011001111010011001001000100111100110001111001001100001111100011001010101
000100001010000100011111011101110001110001010100101101110010000010010101000100011000101010000111001101101011111101111010011001001000100111100110001111001001100001111100011001010101
000100001010000100011111011101110001110001010100001111100010110110000101110101010100001100101111100101010111011001111010011001001000100111100110001111001001100001111100011001010101
000100001010000100011111011101110101001110100011000011111111000100011010000101100000110001010000011000000110010110011000001111110001000111100110001111001001100001111100011001010101
000100001010000100011111011101110001110001010100001111100010101101010101101110000101111001010000011000000110010110011000001111110001000111100110001111001001100001111100011001010101
000100001010000100011111011101110001110001010100101101110010000010110001110111110101011101111101010010100010101001111010011001001000100111100110001111001001100001111100011001010101
000100001010000100011111011101110101001110011100011110001111111011011100101000100010100110111111100101010111011001111010011001001000100111100110001111001001100001111100011001010101
000100001010000100011111011101110001110001010100001111100010101101011011111111110101000101010000011000000110010110011000001111110001000111100110001111001001100001111100011001010101
000100001010000100011111011101110101001110100011000011111101010100001111111111001101000101010000011000000110010110011000001111110001000111100110001111001001100001111100011001010101
000100001010000100011111011101110101000011100000100101110010111000101100101100100010110001010000011000000110010110011000001111110001000111100110001111001001100001111100011001010101
000100001010000100011111011101110101001110100011000011111111000100011010100010011000101101111001110101001011011001111010011001001000100111100110001111001001100001111100011001010101
