100100000110110101011110100100101011000001110001111011010111110101001000101111110111100000010001110111001111111110111010001010101101000011001101001001001011011111000111001000101100
100100000110110101111010111110110110111010110000011000001111101101000100000111001011100000010001110111001111111110111010001010101101000011001101001001001011011111000111001000101100
100100000110110101011110100100101011000001110001111011010111110101001000101111001011100000010001110111001111111110111010001010101101000011001101001001001011011111000111001000101100
100100000110110101011110100100101011000001110001111011010111110101001001001111011010111110001001100101000011100001000101000110101101000011001101001001001011011111000111001000101100
100100000110110101011110100100101011000001110001111011010111110101001001001111011010111110001001100101000011100001001111110000111001000011001101001001001011011111000111001000101100
100100000110110101011110100100101011000001110001111011010111110101001000101111101110111100101010111100000110000101001111000000101101011011000101010110011001001000000001001000101100
100100000110110101111010111110110110111010110000011000001111101101000100000101111111011011011011100101000011100001000101000110101101000011001101001001001011011111000111001000101100
100100000110110101011110100100101011000001110001111011010111110101001001001111011011100000010001110111001111111110111010001010101101000011001101001001001011011111000111001000101100
100100000110110101001101001111010001001111001110101101101101010010100111101111101111100111001111001101001101000110001011110000111001000011001101001001001011011111000111001000101100
100100000110110101011110100100101011000001110001111011010111110101001000101111101111011111110111011101011101000110001011110000111001000011001101001001001011011111000111001000101100
100100000110110101111010111110110110111010110000011000001111101101000100000101111111011011011011100101000011100001001111110000111001000011001101001001001011011111000111001000101100
100100000110110101011110100100101011000001110001111011010111110101001001001111011010111110001001100101000011100010010001101101000011111110111000011100010111100011000101100100111111
100100000110110101001101001111010001001111001110101100101100100011000000101010110011100000010001110111001111111110111010001010101101000011001101001001001011011111000111001000101100
100100000110110101011110100100101011000001110001111011010111110101001000101111101111111110001001100101000011100001000101000110101101000011001101001001001011011111000111001000101100
100100000110110101010010011111100101000010100101000110011000111100011000110100001001010000101101010001101000100001101010001110111100111011101101001001001011011111000111001000101100
100100000110110101011110100100101011000001110001111011010111110101001001001111011010111110001001101001111011110000101111000011011010110011000110101111001011011111000111001000101100
111110110110001000101101001010001011001000110001011101100100110010010101111010011100001100111101100000001101100110101010100110010001011010011110001000110111100011000101100100111111
