000101010100101010000000001011100111110001011011111111010100000100011111000111101110100110110000100100001000000000011101001011001000000101110011010100010110001000010000101011001000
000101010111010010000000001011100111110001011011111111010100000100011111000111101110100110110000100100001000000000011101001011001000000101110011010100010110001000010000101011001000
000101010100101010000000001011100111110001011011111111010100000100011111000111101110100110110000100100001000001100011000011001100001001010011111010100010110001000010000101011001000
111011011001001110000000001011100111110001011011111111010100000100011111000111101110100110110000100100001000000000011101001011001000000101110011010100010110001000010000101011001000
000101010100101010000000001011100111110001011011011011010100000100011111000111101110100110110000100100001000000000011101001011001000000101110011010100010110001000010000101011001000
000101010100101010000000001011100111110001011011111111010100000100011111000111101110100110110000100100001000000000010111111010000100000101110011010100010110001000010000101011001000
000101010100101010000000001011100111110001011011111111010100000100011111000111101110100110110000100100001000000000010111001101010000110001000001000001111100111010100000000110010000
000101010100101010000000001011100111110001011011111111010100000100011111000111101110100110110000100100001000000000011101001011001000000101110011010100010110001000001101000101100001
000101010100101010000000001011100111110001011011111111010100000100011111000111101110100110110000100100001000000000011101001011001000000101110011010100010110101000010000101011001000
000101010100101010000000001011100111110001011011111111010100000100011111000111101110100110110000100100001000000000010111001101010000110001000001000001111100111010100010101011110000
000101010100101010000000001011100111110001011011111111010100000100011111000111101110100110110000100100001000000000011101001011001000000101110011010100101100001000010000101011001000
000101010100101010000000001011100111110001011011111111010100000100011111000111101110100110110000100100001000000011111011001000010111111101001111100100010110001000010000101011001000
000101010100101010000000001011100111110001011011111111010100000100011111000111101110100110110000100100001000001100011000010011110001001010011111010100010110001000010000101011001000
000101010100101010000000001011100111110001011011111111010100000100011111000111101110100110110000100100001000000000011101001010110100011111110011010100010110001000010000101011001000
000101010100101010000000001011100111110001011011111111010100000100011111000111101110100110110000100100001000000000010111001101010000110001000001000011101100010101001011111010001000
000101010101111111011010111110001100100111110110100101100001101111001001101010110100010011011011110010100101011010101000010111100001001010011111010100010110001000010000101011001000
000101010100101010000000001011100111110001011011111111010100000100011111000111101110100110110000100100001000000000011101001011001000000101110011010100010110001000010000101011001000
