000010001101001001010010111010001100110011111100110011110100011000011010100100001110101011010100000001001010000010111000011001101101101101011111001100101010110111101101010110101111
000010001101001001010010111010001100110011111010111001011101011000011010100100001110101011010100000001001010000010111000011001101101101101011111001100101010110111101101010110101111
000010001101001001010010111010001100110011111100110011110100011000011010100100001110101011010100000001001010000010111000011001101101101101011111001100101010011100100100010000110011
000010001101001001010010111010001100110010110001010111101110111011101110101110101110101011010100000001001010000010111000011001101101101101011111001100101010110111101101010110101111
000010001101001000110000101000110000010000101111011100111100010010101111100100001110101011010100000001001010000010111000011001101101101101011111001100101010110111101101010110101111
000010001101001001010010111010001100110011111100110011110100110110101010111110000001100011100000111010111111110010001100101001011100101101000110000110000111110000101011011110010011
000010001101001001010010111010001100110011111100110011110100110011001100001001010100011110111111010111100111011000001101110010111011000000000111011000010010110100010101011100010011
000010001101001001010010111010001100110011111100110011110100011000011010100100001110101011010100000001001010000010110111100011010010110111101011010100010100111011100011101110010011
000010001101001001010010111010001100110011111100110011110100011000011010100100001110101011010100000001001010000010111000011001101101101101011010010100001100111011100011101110010011
000010001101001001010010111010001100110011111100110011110100011000011010100100001110101011010100000001001010000010111000011001101101101101011100011010100100010111111010110010110111
000010001101001001010010111010001100110011111010111001011101011000011010100100001110101011010100000001001010000010110111100011010010110111101011010100010100111011100011101110010011
000010001101001001010010111010001100110011111010111001011101011000011010100100001110101011010100000001001010000010111000011001101101101101011010010100001100111011100011101110010011
000010001101001001010010111010001100110011111100110011110100110011001100001001010100011110111111010111100111011000000010001000000100011010110001100001111111101100100011101110010011
000010001101001001010010111010001100110011111010111001011101011001011100101110001110101011010100000001001010000010111000011001101101101101011111001100101010110111101101010110101111
000010001101001001010010111010001100110011111010111001011101011000011010100100001110101011010100000001001010000010111000011001101101101101011111001100101010011100100100010000110011
000010001101001001010010111010001100110011111100110011100000111101100100010000011111001100100001111000001100100101100110110110010000101101011111001100101010110111101101010110101111
011000010011000100100010011111101111110101101010000110111011011110000000011001001101011111110101000011111100100100010110011000011100111101000111111110101111100000011010010010101100
