101110000000101111101000001111010011011011111010000011011100001110101011110111011100111111101101101010011001011001110110000010111100000100100111010011001010100001111010101011011110
101110000000101111101000001111010011011011111010000011011100001110101011110111011100111111111000100011011000001001010110001001000011000100100111010011001010100001111010101011011110
101110000110101001110111001110001010011100111011110110100001010001111111100110001001001000011110001000111110101010100011011110110110000001010001100100111011110011101010101011011110
101110000110101001110111001110001010011100111011110011011000101001100111111010011010000010001000011101000100100001110111110111011000100000000111100001100111111001101010101011011110
101110000000101111101000001111010011011011111010000011011100001110101011110111011100111111101101101010011000001001010110001001000011000100100111010011001010100001111010101011011110
101110000000101111101000001111010011011000000110111100011110001011011100000101010001110001010000110101001010101111111100000001011011100010110101111111101000010011101010101011011110
101110000110101001110111001110001010011100111011110011011000110111111011010001111101110000010001011011011000110111100101001100110110000001010001100100111011110011101010101011011110
101110000110101001110111001110001010011100111011110011011000110111111010000111110100010111000111010111101011111100110111100101110111001011111010001010100011100111101010101011011110
101110000000101111101000001111010011011011111010000011011100001110101011110111011100111111101101101010011110101010100011011110110110000001010001100100111011110011101010101011011110
101110000110101001110111001110001010011100111011110110100001010001111111100110001001000000110011100101011111010110100111110111011000100000000111100001100111111001101010101011011110
101110000000101111101000001111010011011011111010000011011100001110101011110111011100111111101101101010011001011001110110000010111100000100100111010011001010100001101010101011011110
101110000000101111101000001111010011011011111010000011011100001110101011110111011001100111011110100001100010010011111100000001011011100010110101111111101000010011101010101011011110
101110000110101001110111001110001010011100111011110011011000110111111010000111110100010000000001000010100011110101111101000110010101101001010001100100111011110011101010101011011110
101110000111010100110100001111010011011000000110111100011110001011011100000101010001110001010000110101001010101111111100000001011011100010110101111111101000010011101010101011011110
101110000110101001110111001110001010011100111011110011011000101001100111111010111111110010011110001000111110101010100011011110110110000001010001100100111011110011101010101011011110
101110000000101111101000001111010011011011111010000011011100001110101011110111011100111111111000100011011000001001010110001001000011000100100111010011001010100001101010101011011110
101110000110101001110111001110001010011100111011110011011000110111111011010001111101110110000011010101000101000101000110000011111001010011011011010000010000100010110110101011011110
