101001010110111100001000110010000011001111000110001111010101011110000011111101010100011001000111111011111101111110110001001001011011001101000100011111100001101010011011011000001001
111100110100100100001000110010000011001111000110001111010101011110000011111101010100011001000111111011111101111110110001001001011011001101000100011111100001101010011011011000001001
101001010110111100001000110010000011001111000110001111010101011110000011111101010100011001000111111011111101111110110001001001011011001101000100011101110001101010011011011000001001
101001010110111100001000110010000011001111000110001111010101011110000011111101010100011001000111111011111111010010100010000001011100100100010101100111100001101010011011011000001001
101001010110111100001000110010000011001111000110001111010101011110000011111101010100011001000111111011111101111110111110101011000111001101000100011111100001101010011011011000001001
101001010110111101110111001001110100110101110101111000111110001110001011101010110001100000100000000011010011000011011010001101101001111001101110001111110011000101110000111101001001
101001010110111100001000110010000011001111000110001111010101011110000011111101010100011001000111111011111111010010100111010010000100111100000001010110111101101010011011011000001001
101001010110111100001000110010000011001111000110001111010101011110000011111101010100011001000111111011100010000100101111001101011100100100010101100111100001101010011011011000001001
101001010110111110111001111110110001111000111111110110101110110110000111101010110001100000100000000011010011000011011010001101101001111001101110001111110011000101110000111101001001
101001010110111101110111001001110100110101110101111000111110001110001011101010110001100000100000000011010011000011011010001101101001111001101110001111110011001001011011011000001001
101001010110111100001000110010000011001111000110001111010101011110000011111101010100011001000111111011111111010010100111010010000100111100000001011010010000100001101001010100001001
101001010110111101110111001001110100110101110101111000111110001110001011101010110001100000100000000011010011000011011010001101101001111001101110001111110011000101110010011101001001
101001010110111100001000110010000011001111000110001111010101011110000011111101010100011001000111111011111111010010100111010010000100111100000001011010010000100000101101001010110011
101001010110111100001000110010000011001111000110001111010101011110000011111101010100011001000111111011111111010010100010000001011010010010010011100100110111100000101101001010110011
101001010110111100001000110010000011001111000110001111010101011110000011111101010100011001000111111011111111010010100010000001011010010010010011100100110111110111000100011011001011
101001010110111100001000110010000011001111000110001111010101011110000011111101010100011001000111111011111101111110110010101101101100111111001001010001011100100000101101001010110011
110100100110101010011010110111000001011111101100101111111001001011001111001100001111001011101101010110111110001110000100000000001011011110100010110000001010110000000000011001110010
