100011100010100011111101110001101110010110001111101010111001001100000010100110011100011100010110111000000010101010110101110100110000010000000001011001010000001101101000000011011010
100011100010100011111101110001101110010110001111101010111001001100000010100110011100011100010110111000000010101011101000000111111110011011001100101111011000111110001010100111011010
100011100010100011111101110001101110010110001111101010111001001100000010100110011100011100010110111000000010101010110101111010110100111111001100101111011000111110001010100111011010
100011100010100011111101110001101110010110001111101010111001001100000010100110011100011100010110111000000010101011101000000111111110011011001000000111000001100100011111101111011010
100011100010100011111101110001101110111111101101100101001111000011001011001000111101110010010010011011101010010111110011001010011100010011111010101101011110100100010010001111011010
100011100010100011111101110001101110011001001110000111000011010100010001000111111101110100110011000001000100001101100001100100011011010100110001000100011100000101111111011011111010
100011100010100011111101110001101110010110001111101010111001001100000010100110100111000001011000010111101001010111010100001111001101111001101011110001110111010011010001001111011010
100011100010100011111101110001101110010110001111101010111001001100000010100110100111000001011000010111101001010111010100001111001101111001101011110001110111010011010010000001001111
100011100010100011111101110001101110111111101100101000111110011001011110001001110011010111010101111011110100001001111011001010011100010011111010101101011110100100010010001111011010
100011100010100011111101110001101110010110001110111100111110100011011110110010100111000001011000010111101001010111010100001111001101111001101011110001110111010011010001001111011010
100011100010100011111101110001101110010110010011000000101001011110011000101000000011010100100010100111010000010100100100110111001011011111100011100111101100000101111111011011111010
100011100010100011111101110001101110010110010011000000101001011111000101101100000010100010010010010111001010011001010100101010110100111111001100101111011000111110001010100111011010
100011100010100011111101110001101110010110001110111100111110100011011110110010100111000001011000010111101001010111010100001111001101111001101011110001110111010011010010000001001111
100011100010100011111101110001101110010110001111101010111001011001001110000101011001100001001001110001111101001110010001011100011101110010111001010010000111010011010010000001001111
100011100010100011111101110001101110010110001111101010111001011001001110000101011001100001001001110001111101001110010001011100011101110010111000100100001111100000110000100101110001
100011100010100011111101110001101110010110001111101010111001001100000010100110011100011100010110111000000010101010110101110100110000010000000001011001010000001101101000000100101111
100011100010100011111101110001101110010110010110011010011100110101001111010011101001100001001001110001111101001110010001011100011010011000110001010110001000101101110111100110010010
