001010001101111101101110011000101000000010100011111100100100000111000000000110011110111000111101100001111100011110000000110111000000110010111101110111100011101011110110101011010000
001010001101111101101110011000101000000010100011111100100100000111000000111111000111100011110100010110110111101101101101101101110010001010011110000010011000010011110110101011010000
001010001101111101101110011000101000000010100011111100100100000111000000111111000111100101000011110000010101010010010100111010000110000100001111110001011110101011110110101011010000
001010001101111101101110011000101000000010100011111100100100000111000000011011100011100110111101100001111100011110000000110111000000110010111101110111100011101011110110101011010000
001010001101111101101110011000101000000010100011111100100100000111000000111111000111101111110010110011001101100101101101101101110010001010011110000010011000010011110110101011010000
001010001101111101101110011000101000000010100011111100100100000111000000111111000111100110111101100001111100011110000000110111000000110010111101110111100011101011110110101011010000
001010001101111101101110011000101000000010100011111100100100000111101001110010010010110011110100010110110111101101101101101101110010001010011110000010011000010011110110101011010000
001010001101111101101110011000101000000010100011111100100100000111100100110100110101101111011001011100010011101001000000110111000000110010111101110111100011101011110110101011010000
001010001101111101101110011000101000000010100011111100100100000111000001001110101011110010110001010100011010101000110100100110101010010111000100100011110111000001111010110100010000
001010001101111101101110011000101000000010100011111100100100000111001110001110000001110111000001110001000001100000010111000100110001000110010110000000000111000001111010110100010000
001010001101111101101110011000101000000010100011111100100100000111000001001101110001101111011001011100010011101001000000110111000000110010111101110111100011101011110110101011010000
001010001101111101101110011000101000000010100011111100100100000111000001001110101011101111110010110011001101100101101101101101110010001010011110000010011000010011110110101011010000
001010001101111101101110011000101000000010100011111100100100000111100101001010000001000000000011110111101100100000010111000100110001000110010110000000000111000001111010110100010000
001010001101111101101110011000101000000010100011111100100100000111000001001110101011110010110001010100011010101000110001111101100111101011001100110101101100110111111111101011010000
001010001101111101101110011000101000000010100011111100100100000111101001110010010010110111000001110001000001100000010111000100110001000110010110000000000111000001111010110100010000
001010001101111101101110011000101000000010100011111100100100000111000001001110101011110010110001010100011010101000110001111101100111101011110000110001110110000010011010111011010000
001010001101111101101110011000101000000010100011111100100100000111100100110100110001000101111101100001111100011110000000110111000000110010111101110111100011101011110110101011010000
