100101110011011110111001010001010010100010000000000100010001011001110111111110110001000001101110100110010101111110001000001110010000011001001111111000111000111000110111100110011000
100101110011011110111001010001010011001000001000010011110110011011100011100000110001000001101110100110010101111110001000001110010000011001001111111000111000111000110111100110011000
100101110011011011011111100011101111101011011011111100100001010110110001100000110001000001101110100110010101111110001000001110010000011001001111111000111000111000110111100110011000
100101110011011110111001010001010010100010000000000010001101000110011111111001000000110011001110100110010101111110001000001110010000011001001111111000111000111000110111100110011000
100101110011011110111001010001010010100010000000000010001101001101101011010001111110010111110010000110010010001111100101101000101010011111000110010011000000010000010100101000011000
100101011000011010001110011011101001111001101110011111110100111101100111001101101011110100000101110000111000100100111101110000110010111001010101111000111000111000110111100110011000
100101110011011110111001010001010010100010000000000100010001011101101011010001111110010111110010000110010010001111100101101000101010011111000110010011000000010000010100101000011000
100101110011011110111001010001010010100010000000000100010001011001110111111110001011010100000010000011001110110001111101101011101011111101001100111010100010111010000110011001111111
100101110011011110000101010110000100111101110110100110010111010100001111101110100101100110111001011110000101010000110111010101101101110000100101110111111000111000110111100110011000
100101110011011110000101010110000100111101110110100110010100111101100111001101101011110100000101110000111000100100111101110000110010111001010101111000111000111000110111100110011000
100101110011011110111001010001010010100010000000000010001101001101101011010011010001110110010101101000110010001111100101101000101010011111000110010011000000010000010100101000011000
100101110011011110111001010001010010100010000000000100010001011001110111111110001011010100000010000011001110110001111110001110101000110011110010100110010010010000010100101000011000
100101110011011110111001010001010010100010000000000010000111111000111001010011101011110100000101110000111000100100111101110000110010111001010101111000111000111000110111100110011000
100101110011011110111001010001010010100010000000000100010001000111100011100000110001000001101110100110010101111110001000001110010000011001001111111000111000111000110111100110011000
100101110011011110111001010001010010100010000000000010001101000110011111111011101101110111000010110110000110111001011100000010010101000101110111010100001001010100011100000110011000
100101011000011000011110001111100011000100110000000001001001111011101011110111010101011011110011010010011111001001111001111100110111100101101101111110100100111010000110011001111111
100101010100000101001101001111100001111011010101100100101010100010111100111111101100011110100111000011011100000001010010101010101000110011110010100110010010010001000010100001111001
