01011111010111101111100110111101001101100001100011110000000110010110111100100101101010100000111001011100010000000011101011100011101101110100100000100100101100010010010010111101010100
01011111010111101111100110111101001101010111101110101000101110010010111100100101101010100000111001011100010000000011101011100011101101110100100000100100101100010010010010111101010100
01011111010111101111100110111101001101100001100011111010101110010010111100100101101010100000111001011100010000000011101011100011101101110100100000100100101100010010010010111101010100
01011111010111101111100110111101001101100001100011110000000110010110111100100101101010100000111001011100010000000011101011100011101101110100100000100100001000111011110100111110000000
01011111010111101111100110111101001101011010100000000000000110010110111100100101101010100000111001011100010000000011101011100011101101110100100000100100101100010010010010111101010100
01011111010111101111100110111101001101100001010111010101111111010000011011111101101010100000111001011100010000000011101011100011101101110100100000100100101100010010010010111101010100
01011111010111101111100110111101001101100010011010101011110000011011010010111100111100110000111001011100010000000011101011100011101101110100100000100100101100010010010010111101010100
01011111010111101111100110111101001101010111100111110100101110010010111100100101101010100000111001011100010000000011101011100011101101110100100000100100101100010010010010111101010100
01011111010111101111100110111101001101001100111011100000000100100011010100011100111100110000111001011100010000000011101011100011101101110100100000100100101100010010010010111101010100
01011111010111101111100110111101001101010111101110111000000110010110111100100101101010100000111001011100010000000011101011100011101101110100100000100100101100010010010010111101010100
01011111010111101111100110111101001101100001100011110000000110010110111100100101101010100000111001011100010000000011101011100011101101110100100000100100101100010010010110011000110000
01011111010111101111100110111101001101010111101110101000101110010010111100100101101010100000111001011100010000000011101011100011101101110100100000100100001000111011110100111110000000
01011111010111101111100110111101001101100001100011111000001110001010000010000100101111101111010101010011110010010100101111100011101101110100100000100100101100010010010010111101010100
01011111010111101111100110111101001101100001100011111010101110010010111100100101101010100000111001011100010000000011101011100011101101110100100000100100001000111011110100111110000000
01011111010111101111100110111101001101011010100000000000000110010110111100100101101010100000111001011100010000000011101011100011101101110100100000100100001000111011110100111110000000
01011111010111101111100001110011100001000111001111110000000110010110111100100101101010100000111001011100010000000011101011100011101101110100100000100100101100010010010010111101010100
01011111010111101111100110111101001101100001100011110000000110010110111100100101101010100000111001011100010000000011101011100011101101110100100000100100101100010010010010111101010100
