10001010011000011001000111011000001110001010110001100100110011011010010011111001111000000001100010101001100101011011001010110111111110000000101111100111000011000010100101000100010001
10001010011000011001000111011000001110001010110001100100110011011010010101110010010000000101010111011101001000111001100001000110001010000000101111100111000011000010100101000100010001
10001010011000011001000111011000001110001010110001100100110011011010010011111001111000000001100010001101100000000000000111001100010110000000101111100111000011000010100101000100010001
10001010011000011001000111011000001110001010110001100100110011011010010011111001111000101010011011011101001000111001100001000110001010000000101111100111000011000010100101000100010001
10001010011000011001000111011000001110001010110001100100110011011010010011111001111000000001100010101001100101011011001010110110111100010110001010110101000001010101100100111100110101
10001010011000011001000111011000001110001010110001100100110011011010010011111001111000000001100010101001100101011011011000000101000010000000101111100111000011000010100101000100010001
10001010011000011001000111011000001110001010110001100100110011011010010011111001111000000001100010101001100101011011001010110110111101101101101111100111000011000010100101000100010001
10001010011000011001000111011000001110001010110001100100110011011010010011111001111000000001100010101001100101011011011001001110101111001110011111100111000011000010100101000100010001
10001010011000011001000111011000001110001010110001100100110011011010010011111001111000000001100010101001100101011011001010110110111101010000100001100100100100111100110000011100010001
10001010011000011001000111011000001110001010110001100100110011011010010011111001111000000001100010101001100101011011001010110110111111001110011111100111000011000010100101000100010001
10001010011000011001000111011000001110001010110001100100110011011010010010111110101010101110001010100010010010010011111001010100100101001011110011101011100100111100110000011100010001
10001010011000011001000111011000001110001010110001100100110011011010010011111001111000000001100010101001100101011011001010110110111000010110001010110101000001010101100100111100110101
10001010011000011001000111011000001110001010110001100100110011011010010010111001001111110100011100011100000111000010010000100011110101101110011111100111000011000010100101000100010001
10001010011000011001000111011000001110001010110001100100110011011010010011111001111000000001100010101001100101011011001010111111110101001011110011101011100100111100110000011100010001
10001010011000011001000111011000001110001010110001100100110011011010010011111001111000000001100010101001100101011011001010110110111101101101101011101011100100111100110000011100010001
10001010011000011001000111011000001110001010110001100100110011011010010101110010010001100110100011001111100000111011111011110011110101001011110011101011100100111100110000011100010001
10001010011000011001000111011000001110001010110001100100110011011010010011111001111000000001100010101001100101011011001010110110111100010110001010110101000001010101100100111100110101
