11101111101111011000111100110010001010110010011110011010100110111010111100100011101100100010010000100101011101101110001010111111001000101000110111011011100101010110010101110001001011
11101111101010000000011010100011011110100001110101011111111111100011001001000110111110111101100101111101100110110111000001111011111111001110011110011110001111100111011111000100101000
11101111101010000000011101101011110010100011011100011110010010001001110010110001101110000111011100111100001110110111000001111011111111001110011110011110001111100111011111000100101000
11101101000011001011111010010011111101101111111111010000010110100101101110011000010001100000111010101010011000111011110110011110010111001100010001001010100101000100101010110010110011
11101101000011001011111010010011100010001101111001011001110010001101010010011101101110011000011001111110011110010010011010110101010001100110100111000100011010101001010011001011111100
11101111101010000000011101101011110010100011011100011110010010001001110010110001110100011001100001111101100110110111000001111011111111001110011110011110001111100111011111000100101000
00011100100100101101100011011110111011011001000111110111100001010011111110011011011110000111011100111100001110110111000001111011111111001110011110011110001111100111011111000100101000
11101111101010000000011101101011110010100011011100011110010010001001110100110001110100011001100001111101100110110111000001111011111111001110011110011110001111100111011111000100101000
11101111101010001010101011101111011110100001110101011111111111100011001001000110111110111101100101111101100110110111000001111011111111001110011110011110001111100111011111000100101000
11101111101010001010101100100111100011100110111110011010100110111010111100100011101100100010010000100101011101101110001010111111001000101000110111011011100101010110010101110001001011
11101101000011001011111010010011111100110111100011111010000110100101101110011000010001100000111010101010011000111011110110011110010111001100010001001010100101000100101010110010110011
11101111101010000000011010110101111100110111100011111010000110100101101110011000010001100000111010101010011000111011110110011110010111001100010001001010100101000100101010110010110011
11101111101010000000011101101011110010100011011100011110010010001001110010110001101110011000011001111110011110010010011010110101010001100110100111000100011010101001010011001011111100
11101101000110011110011110101000100011100000011000101101011000011111101011100110001100010010010000100101011101101110001010111111001000101000110111011011100101010110010101110001001011
11101101000011001011111010010011111101111110000111010000010110100101101110011000010001100000111010101010011000111011110110011110010111001100010001001010100101000100101010110010110011
11101111001110000101000111001100101010111110011000010010000001000000000111001100110110110010000010011001100110110111000001111011111111001110011110011110001111100111011111000100101000
00011100100100110001001001001101111010011111011011100011111110010011010110011010110100011011000010000001111110000100001001100011111111011111110000100101000100111001101001111011000101
