10000010111011001100110001110001100010010100100010011110111100001010101010011011000100001001100100000001101000011000101101001101001010001011011001101111100100100001000100010010100011
10000010111011001100110001110001100010010100100010011110111100001010101010011011000100001001100100000001101000011000101101001101001010001011011001101111100100101101000100010010100011
10000010111011001111110100010000011001000000000001000111111010011011001101000000110100010010100000100110100001000010000010010000111000010100100011000000101010000000011101111000000111
10000010111011001100101001110010011010000110011110100000001000111000011001110000111110110110111110110000100100110101100111101001001001110000011010101110001100011101000100010010100011
10000010010100000111011011111110100010010100100010011110111100001010101010011011000100001001100100000001101000011000101101001101001010001011011001101111100100100001000100010010100011
10000010111011001111100010110010101110100011101001110011111011001001011000110010001000101000110001111010111000101110000010010000111000010100100011000000101010000000011101111000000111
10000010111011000100010000101000001111001110010111110101101010100111110000101110101111011111001001011011011101110011111011100000010111101111011010100001110001100101000100010010100011
10000010111011001100110001110001100010010100100010011110111100001010101010011011000100001001100100000001101000011000101101001101001010001011011001101110110010101010111011010011000011
10000010111011001100101001110010011010000110011110100000001000111000011001110000111110110110111110110000100100110101100111101001001001110000011010000101001000101101000100010010100011
10000010010100000111000000100110101110100011101001110011111011001001011000110010001000101000110001111010111000101110000010010000111000010100100011000000101010000000011101111000000111
10000010011010010001111011111110100010010100100010011110111100001010101010011011000100001001100100000001101000011000101101001101001010001011011001101111100100100001000100010010100011
10000010111011001111011011111110100010010100100010011110111100001010101010011011000100001001100100000001101000011000101101001101001010001011011001101111100100100001000100010010100011
10000010111011001100110001110001100010010100100100011100101011101011110110100100100101000000010101010110101110101101011110010010100001100001110011110111111000000000011101111000000111
10000010111011001111110100011101000111111101100101001011010011110001000100000100000110000111001111001110001101111011011000000101110000011101101001000100001010011111110011010011000011
10000010111011000100010000101000001111001110010111110101101010100111110000101110101111011111001001011011011101110011111011100000010000111110110010111001001001111011110011010011000011
10000010111011000100010000101000001111001110010001110111111100110011111101111101101100110110110011010110011001111101110011111100111010111011000111110000001000101101000100010010100011
10000010010100000111010110100001001100010101110011000100101100110110010111110101011110101000110001111010111000101110000010010000111000010100100011000000101010000000011101111000000111
