11011001010000001001000100111000011000100010001011010000001001100100101000100100001111110101010011010001011011011110110010111100110101001100111010110101011110100011111001001011001010
11011001010000001001000100111000011000100010001011010000001001100100101000100100001111110101010011010001011011011110110010111100110101001100010110111111100010010101111111001011001010
11011001010000001001000100111000011000100010001011010000001001100100101000100100001111110101010011010001011011011110110010111100110101001101111011100101011100010110001010111100010110
11011001010000001001000100111000011000100010001011010000001001100100101000100100001111110101010011010001011011011110110010111100110101001011001100010000011111010110001010111100010110
11011001010000001001000100111000011000100010001011010000001001100100101000100100001111110101010011010001011011011110110010111100110101001100001100111111100010010101111111001011001010
11011001010000001001000100111000011000100010001011010000001001100100101000100100001111110101010011010001011011011110110010111100110101001100001100110000100010010101111111001011001010
11011001010000001001000100111000011000100010001011010000001001100100101000100100001111110101010011010001011011011110110010111100110011001111101001101001011001110001011010111100010110
11011001010000001001000100111000011000100010001011010000001001100100101000100100001111110101010011010001011011011110110010111100110101010011111101110011000010110101101010111100010110
11011001010000001001000100111000011000100010001011010000001001100100101000100100001111110101010011010001011011011110110010111100110101000110111101110011000010110101101010111100010110
11011001010000001001000100111000011000100010001011010000001001100100101000100100001111110101010011010001011011011110110010111100110101001100111010110010001100010110001010111100010110
11011001010000001001000100111000011000100010001011010000001001100100101000100100001111110101010011010001011011011110110010111100110101000101010010110101011110100011111001001011001010
11011001010000001001000100111000011000100010001011010000001001100100101000100100001111110101010011010001011011011110110010111100110101001110011100010000011111010110001010111100010110
11011001010000001001000100111000011000100010001011010000001001100100101000100100001111110101010011010001011011011110110010111100110101010000100110111111100010010101111111001011001010
11011001010000001001000100111000011000100010001011010000001001100100101000100100001111110101010011010001011011011110110010111100110101001111010110111111100010010101111111001011001010
11011001010000001001000100111000011000100010001011010000001001100100101000100100001111110101010011010110000101110110000001011110010110111100011110110101011110100011111001001011001010
11011001010000001001000100111000011000100010001011010000001001100100101000100100001111110101010011010001011011011110110010111100110101011001001100010000011111010110001010111100010110
10101111111001110110101001101101101111111000110001100011011011011100010001010001011100001100110101111110110100110101100010000111011110000110100000000100011011010011011111110000010100
