00010100110101000111111101000101111001011101110101110110001010000000101010011000100011010001101010000111110110000000011011000100001101101100011000111101010101100101000010001010111000
00010011000111110010010110010011010100000111000000011101011100101101110000101101001000000111000111011101000011101011001101101001010111011001110011101000010110100101000010001010111000
00010011000111110010010110010011010100000111000000011101011100101101110000101101001000000111000111011101000011101011001101101001010111011001110001001110010000110010100110011010011000
00010011000111110010010110010011010100000111000000011101011100101101110000101101001000000111000111011101000011101011001101101001010111011001110001000001110110100101000010001010111000
00010011000111110010010110010011010100000111000000011101011100101101110000101101001000000111000111011101000011101011001101101001010111011001110001000010001110110010100110011010011000
00010011000111110010010110010011010100000111000000011101011100101101110000101101001000000111000111011101000011101011001101101001010111011001110011101000010100110010100110011010011000
00010100110101000111111101000101111001011101110101110110001010000000101010011000100011010001101010000111110110000000011011000100001101101100011001110110000011100010100110011010011000
00010100110101000111111101000101111001011101110101110110001010000000101010011000100011010001101010000111110110000000011011000100001101101100011000111111100101110101000010001010111000
00010011000111110010010110010011010100000111000000011101011100101101110000101101001000000111000111011101000011101011001101101001010111011001110010100000110101110010100110011010011000
00010011000111110010010110010011010100000111000000011101011100101101110000101101001000000111000111011101000011101011001101101001010111011001110001000010001100011110110101011010011000
00010100110101000111111101000101111001011101110101110110001010000000101010011000100011010001101010000111110110000000011011000100001101101100011000111100000011100010100110011010011000
00000011101111110010010110010011010100000111000000011101011100101101110000101101001000000111000111011101000011101011001101101001010111011001110001001110010000110010100110011010011000
00010011000111110010010110010011010100000111000000011101011100101101110000101101001000000111000111011101000011101011001101101001010111011001101001001110010000110010100110011010011000
00010100110101000111111101000101111001011101110101110110001010000000101010011000100011010001101010000111110110000000011011000100001101101100011010010110010000110010100110011010011000
00000011101111110010010110010011010100000111000000011101011100101101110000101101001000000111000111011101000011101011001101101001010111011001110001000010001110110010100110011010011000
00010011000111110010010110010011010100000111000000011101011100101101110000101101001000000111000111011101000011101011001101101001010111011001110001000000001010110010100110011010011000
00000110110101000111111101000101111001011101110101110110001010000000101010011000100011010001101010000111110110000000011011000100001101101100011000111110111001011100001001010100100011
