01001100000001100000011101000100010110110111000111011010110000000011010101110010000100000101101000110110101100010111100100011001011111011000110111000100110101100000110001000111100110
01001100000001101010110000001110110000011011010111011010110000000011010101110010000100000101101000110110101100010111100100011001011111011000110111000100110101100000110001000111100110
01001100000001100011001011000001100101001101101000100011011111110100110010001011001111100010111001111010001011111110100110101010000101110001010101110110110000000000101110001011110100
01001100000001100000011101000100010100011011010111011010110000000011010101110010000100000101101000110110101100010111100100011001011111011000110111000100110101100000110001000111100110
01001100000001100011001011000001100101001101101000100011011111110100110011001001110100011110110111010101000011101111100100011001011111011000110111000100110101100000110001000111100110
01001100000001100011001011000001100101001101101000100011011111110100110010000001111110101011110001111010010001100100100111100111010101111010011110000101101111100111000100000111100110
01001100000001100100011100101011110101000111011111100000001011000000010100010101101101101100111011100101100011101111100100011001011111011000110111000100110101100000110001000111100110
01001100000001100011001011000001100101001101101000100011011111110100110010000001111110101011110001111010010001100100100111100111010101111010011110000101101111100000101100110011100110
01001100000001100011001111101101101001010001001101111001010000100000011011111000001011000111000111001111101001100111111100111111001101111101100001100110000001010001010110001011110100
01001100000001101010110000001110110010110111000111011010110000000011010101110010000100000101101000110110101100010111100100011001011111011000110111000100110101100000110001000111100110
01001100000001101010101100000110100111000101110010011101010000000011010101110010000100000101101000110110101100010111100100011001011111011000110111000100110101100000110001000111100110
01001100000001100011010011101011111101001010100100101001100000101110000011001101100001111101001000110110101100010111100100011001011111011000110111000100110101100000110001000111100110
01001100000001100100011100101011110101000111011111100000001011000000010100010101101101101100111010111000100001001000010001011001100001110001010101110110110000000000101110001011110100
01001100000001100000011101000100010110110111000111011010110000000011010101110010000100000101101000110110110010001000100001111011000011101101000001100110000001010001010110001011110100
01001100000001100000011101100100011100001001101000101101010001100011000001101010001001101010111010010000011110110011010010011001100001110001010101110110110000000000101110001011110100
01001100000001101010100101000111101111001100101100001100111001110100111110000101111000001110100010111000100001001000010001011001100001110001010101110110110000000000101110001011110100
01001100000001100011001001011000010001010010110111001101111001000101011001110011110101001010100110101011101001100100100111100111010101111010011110000101101111100111000100000111011110
