01000010100010110000000111111101101011100101000001010011011001101011011100010111010100000001101110011111110010111100010011101101000101110111101000101001101001011010110110001111100110
01000010100010110000000111111101101011100101000001010011011001101011100110011110100101101000010111111001100001011101011010011001111100001010111000111010111100110011011101010101101001
01000010100010110000000111111101101011100101000010001010010111111110111011110100010011101101100100000000000110101100100011001101111010100011011011011011111001010100110110001111100110
01000010100010110000000111110100000011001010001001100111100010011110110000100001111111110001111110100100110000010110101001001110110010110011011011011011111001010100110110001111100110
01000010100010110000000111111101101011100101000001010001110001001001111001101100100101101000010111111001100001011101011010011001111100001010111000111010111100110011011101010101101001
01000010100010110000000111111101101011100101000001010011011001101011011100010111010100000001101110011111110010111101000100000011111010100011011011011011111001010100110110001111100110
01000010100010110000000111111101101011100101000010001010010111111110111001110001001111101000010111111001100001011101011010011001111100001010111000111010111100110011011101010101101001
01000010100010110000000111111101101011100101000001010011011001101011011100010111010100000001101011010111010110000010110101110110111101000100001010011011111001010100110110001111100110
01000010100010110000000111111101101011100101000010001010010111111110110000100001111111110001111110100100110000010110101001001110110010110011011011011011111001010100110110001111100110
01000010100010110000000111111101101011100101000001010011011001101011100110011110100101101000010111111001100001011101011010011001111101000100001010011011111001010100110110001111100110
01000010100010010111100001100000111001111011010010000111111011000111010100111110011100111111111111001001000100100100110101110110111101000100001010011011111001010100110110001111100110
01000010100010110000000111111101101011100101000001010011011001101011100011000100100101101000010111111001100001011101011010011001111100001010111000111010111100110011011101010101101001
01000010100010110000000111111101101011100101000010001010010111111110110110010000000100011010111111011100011011101100100011001101111010100011011011011011111001010100110110001111100110
01000010100010110000000111111101101011100101000001010011011001101011011100010111010100001000101010001101110011101100100011001101111010100011011011011011111001010100110110001111100110
01000010100010110000000111111101101011100101000001010011011001101000011100111110100101101000010111111001100001011101011010011001111100001010111000111010111100110011011101010101101001
01000010100010110000000111110100000011001010001001100111100010011110111001110001001111101000010111111001100001011101011010011001111100001010111000111010111100110011011101010101101001
01000010100010110000000111111101101011100101000001010011011001101011100011000100100101101000010111111001100001011101011010011001111100001010111000111010111100110011011101010101101001
