10011011110010001011001001010001111011110110101110011011101101100001111010111110010000011111100111100000111001110101110110001101010000111011111011101001101101101011101110111100000000
11011111111001000110110000100001111110011001100100011100010101100101010101001010110001101111110111011101101011111110010110001101010000111011111011101001101101101011101110111100000000
10011011110010001011001001010001111001111000100110100000110110110110111001011000001101001100100100110010111100001011100101011000010001010010001100110000111010110100101100111000011111
11010000110100100101001011010100000000101100000110000111101000101111001010111000001101001100100100110010111100001011100101011000010001010010001100110000111010110100101100111000011111
11011111111001000110110000100001111110011111111010111011101101100001111010111110010000011111100111100000111001110101110110001101010000111011111011101001101101101011101110111100000000
10011011110010001011001001010001111011110110101110011011101101100001111010111110010000011111100110110100011001110010101110000000010001010010001100110000111010110100101100111000011111
10011011110010001011001001010001111011110110101110011011101101100001111010111110010000011111100111100000111001010111110011100010110010100010101000100111100110101010100001111100000000
10011011110010001011001001010001111011110110101110011011101101100001111010111110010000011111100111100000111001010111110011101001111111110011010010100001111010110100101100111000011111
10011011110010001011001001010001111011110110101110011011101101100001111010111110010000011111100110110100001101000111001101001110010001010010001100110000111010110100101100111000011111
11111011001000100011110111000001101001110100011100000111101000101111001010111000001101001100100100110010111100001011100101011000010001010010001100110000111010110100101100111000011111
10011011110010001011001001010001111011110110101110011011101101100001111010111110010000011111100111100000111001110101110110001101010001010010001100110000111010110100101100111000011111
11111100110111001100101010011111110010100001001000111011101101100001111010111110010000011111100111100000111001110101110110001101010000111011111011101001101101101011101110111100000000
10011011110010001011001001010001111001101000001001101100111110000010010000001101100110011010001001101000001001100000110011110101001011100111100111100110010111100011001100111000011111
10011011110010001011001001010001111011110110101110011011101101100001111010111110010000011111100111100000111001110101110110001101010001001101001011101001101101101011101110111100000000
11111100001011000101010011101000011110011111111010111011101101100001111010111110010000011111100111100000111001110101110110001101010000111011111011101001101101101011101110111100000000
11111110100111010110011100010111000100101110101001101100111110000010010000001101100110011010001001101000001001100000110011110101001011100111100111100110010111100011001100111000011111
11111110100111010110011100010111000100101110101001101100111110000010010000001101100110011010001001101000001001100000110011110101001011100111100111100110010111100011001100111000011111
