00101010011001001011000011001011011100001111111000101010111001101101011010010101001101101100011101100110100110010000010100110110001000011010110011011000101110011010001111100111011010
00101010011001001011000011001011011100001111111000101010111001101101011010010101001101101100011100101010101000001010111010001011111100010001011010001100000000010011101101110110111010
00101010011001001011000011001011011100001111111000101010111001101101011010010101001101101100011101100110100101010001110111111000010111100101110000110011010010011110100111010010011010
00101010011001001011000011001011011100001111111000101010111001101101011010010101001101101100011101100110100110000101110110101110011110001010001010001100000000010011101101110110111010
00101010011001001011000011001011011100001111111000101010111001101101011010010101001101101100011101100110010111000110100011111000010111100101110000110011010010011110100111010010011010
00101010011001001011000011001011011100001111111000101010111001101101011010010101001101101100011101100110011111100111110000101111111000111111001011100101110111111000010110010010101110
00101010011001001011000011001011011100001111111000101010111001101101011010010101001101101100011101100110011111100111110000101111111000111111001011100101110001001101110100110001010010
00101010011001001011000011001011011100001111111000101010111001101110010010100111110001001111001110001001110001100011110001111010100001111010100111010011010010011110100111010010011010
00101010011001001011000011001011011100001111111000101010111001101101011010010101001101101100011101100110100110010000010100110110001000011010110010111100110111101010101010011110111100
00101010011001001011000011001011011100001111111000101010111001101101011010011010111011001110111011110110101000010110100011111000010111100101110000110011010010011110100111010010011010
00101010011001001011000011001011011100001111111000101010111001101101011010010101001101000111011001010110100101010001110111111000010111100101110000110011010010011110100111010010011010
00101010011001001011000011001011011100001111111000101010111001101101011010010101010001001111011001100100011110010000010100110110001000011010110011011000101110011010001111100111011010
00101010011001001011000011001011011100001111111000101010111001101101011100101101100001110001100001000111101100011010110000110010001000010111100001011010101101001001011000011101100101
00101010011001001011000011001011011100001111111000101010111001101101011100101101111110000000000100100100111110110011110001111010100001111010100111010011010010011110100111010010011010
00101010011001001011000011001011011100001111111000101010111001101101011010010101001101101100011101100110011111100111110000101111111000111111001011100101110111111000010000010111011010
00101010011001001011000011001011011100001111111000101010111001101110010010100111110001001111001110001001110001100011110001111001110001011111100111010011010010011110100111010010011010
00101010011001001011000011001011011100001111111000101010111001101101011010010101001101101100011101100110100110010000010100110110001000011010110011011011110011111100111110011111111010
