01100100101000110010100110000111001111011110011101000100011010001100110011011100010011101010111011000010110101101001010111100101011000110011011101101000000001010111100010010001110111
01100100011000001000011010011010010000001001101011101010101101100110011000000100001011111100010110011000000000000010000001001000000010000110110110111110101100001101011111011011111000
01100100011000001000011010011010010000001001101011101010101101100110011000000100001011100100000001000010110101101001010111100101011000110011011101101000000001010111100010010001110111
01100100011000001000011010011010010000001001101011101010101101100110011000000100001011101010111011000010110101101001010111100101011000110011011101101000000001010111100010010001110111
01100100011000001000011010011010010000001001101011101010101101100110011000001001100000101010111011000010110101101001010111100101011000110011011101101000000001010111100010010001110111
01100100011000001000011010011010010000001001101011101010101101100110011000000100001011111100010110011000000000000010000001001000000010000110110110111110101100001010000110011000111101
01100100011000001000011010011010010000001001101011101010101101100110011000000100001011111000101100100110101101111100110101111101011110010110100110110011011110111101011111011011111000
01111001111101000000011010100100011100110001000111001100000010101010100001010100010011101010111011000010110101101001010111100101011000110011011101101000000001010111100010010001110111
01100101011110010100001110000100011100110001000111001100000010101010100001010100010011101010111011000010110101101001010111100101011000110011011101101000000001010111100010010001110111
01100100011111011001010100000001011000011010110001010100000000111011111000111010000010011000010011001101101110101100001001101100110101010100010000100110010110110010011110011011111000
01100101011110010100001110000100011111001000011001100110011101010101100100010000011111101010111011000010110101101001010111100101011000110011011101101000000001010111100010010001110111
01100110000100100001100101010010110010010010101100001101001011111000111110100101101011101010111011000010110101101001010111100101011000110011011101101000000001010111100010010001110111
01100101011110010100001110000100011111001000011001100110011101010101100100010000000000111100010110011000000000000010000001001000000010000110110110111110101100001101011111011011111000
01100100100111110101110001110010110001101011110010100111010100000111111011100001111000111100010110011000000000000010000001001000000010000110110110111110101100001101011111011011111000
01100100011111011001010100000001011000011000011011110000101110100100001011100101010110111101000001001101101110101100001001101100110101010100010000100110010110110010011110011011111000
01100110000100100001100101010010110001101011110010100111010100000111111011100001111000111100010110011000000000000010000001001000000010000110110110111110101100001101011111011011111000
01100100100111110101110001110010110001101011110010100111010100000111111001101010000011100101110001010000010011001100111101100001010011100010000011100011000011000010000001100110101111
