000101111111000011000110001001001011110001010010001010011000110000001000111001011000001110111011100100101111100110001101100101010000101100111001000011101101011100101001110111010010
000101111111000011000110001001001011110001010010001010011000110000001000111001011000001110111011100100101111100110001101100101010000101100111001000011101101110100101001110111010010
000101111111000011000110001001001011110001010010001010011000110000001000111001011000001110111011100100101111100110001101100101010000101110010001111010111110001000101001110111010010
000101111111000011000110001001001011110001010010001010011000110000001000111001011000001110111011100100101111100110001101100101010000101100111100011011001011101111000000100110101010
000101111111000011000110001001001011110001010010001010011000110000001000111001011000001110111011100100101111100110001101100101010000101100111001000011101101011101101001110111010010
000101111111000011000110001001001011110001010010001010011000110000001000111001011000001110111011100100101111100110001101100101010000101100111001000010110100011000101001110111010010
000101111111000011000110001001001011110001010010001010011000110000001000111001011000001110111011100100101111100110001101100101010000101100111001000011100010101100101001110111010010
000101111111000011000110001001001011110001010010001010011000110000001000111001011000001110111011100100101111100110001101100101010000101100111100011011001011001000101001110111010010
000101111111000011000110001001001011110001010010001010011000110000001000111001011000001110111011100100101111100110001101100101010000101100000010000011100010101100101001110111010010
000101111111000011000110001001001011110001010010001010011000110000001000111001011000001110111011100100101111100110001101100101010000101100110110010111011010000000101001110111010010
000101111111000011000110001001001011110001010010001010011000110000001000111001011000001110111011100100101111100110001101100101010000101100111100011011001011100000101001110111010010
000101111111000011000110001001001011110001010010001010011000110000001000111001011000001110111011100100101111100110001101100101010000101100110010000011100010101100101001110111010010
000101111111000011000110001001001011110001010010001010011000110000001000111001011000001110111011100100101111100110001101100101010000101100111111101000100110011010111110100111010010
000101111111000011000110001001001011110001010010001010011000110000001000111001011000001110111011100100101111100110001101100101010000101100111001000011101101011100101010010101100010
000101111111000011000110001001001011110001010010001010011000110000001000111001011000001110111011100100101111100110001101100101010000101100111001000011101101110100111011110101100010
000101111111000011000110001001001011110001010010001010011000110000001000111001011000001110111011100100101111100110001101100101010000101100111100010010111111000000101001110111010010
000101111111000011000110001001001011110001010010001010011000110000001000111001011000001110111011100100101111100110001101100101010000101100111100011011001011100111000100110101100010
000101111111000011000110001001001011110001010010001010011000110000001000111001011000001110111011100100101111100110001101100101010000101100111101111010111110001000101001110111010010
000101111111000011000110001001001011110001010010001010011000110000001000111001011000001110111011100100101111100110001101100101010000101110011010000100011010010010101001110111010010
000101111111000011000110001001001011110001010010001010011000110000001000111001011000001110111011100100101111100110001101100101010000101100111010110000000010101100101001110111010010
000101111111000011000110001001001011110001010010001010011000110000001000111001011000001110111011100100101111100110001101100101010000101100111001000000101000001000101001110111010010
000101111111000011000110001001001011110001010010001010011000110000001000111001011000001110111011100100101111100110001101100101010000101100111100010010111110001000101001110111010010
000101111111000011000110001001001011110001010010001010011000110000001000111001011000001110111011100100101111100110001101100101010000101100111100011011001011101100101001110111010010
000101111111000011000110001001001011110001010010001010011000110000001000111001011000001110111011100100101111100110001101100101010000101100111101111100000010000000101001110111010010
000101111111000011000110001001001011110001010010001010011000110000001000111001011000001110111011100100101111100110001101100101010000101100111001000011101101001000101001110111010010
000101111111000011000110001001001011110001010010001010011000110000001000111001011000001110111011100100101111100110001101100101010000101100111001000011101101110110111000010001000010
000101111111000011000110001001001011110001010010001010011000110000001000111001011000001110111011100100101111100110001101100101010000101100110011001111111101101011000100001001100010
000101111111000011000110001001001011110001010010001010011000110000001000111001011000001110111011100100101111100110001101100101010000101100111111101010100111010010101001110111010010
000101111111000011000110001001001011110001010010001010011000110000001000111001011000001110111011100100101111100110001101100101010000101110010000001111011010000000101001110111010010
000101111111000011000110001001001011110001010010001010011000110000001000111001011000001110111011100100101111100110001101100101010000101100111001010001001001011111000000010001000010
000101111111000011000110001001001011110001010010001010011000110000001000111001011000001110111011100100101111100110001101100101010000101100111010110000000000010000001001011011100010
000101111111000011000110001001001011110001010010001010011000110000001000111001011000001110111011100100101111100110001101100101010000101100111100011011001011000110100100000001010111
