010000000101101111111110110011001001110000110100011001111101101001011010001011011100101000101001010010101000000100000011011010001111000010100000110001001100101011111111010001010010
010000000101101111111110110011001001110000110100011001111101101001011010001011011100101000101001010010101000000100001101001001110110010000111100100011001110100111100111010001010010
010101000010000001101100000110100001110000110100011001111101101001011010001011011100101000101001010010101000000100000011011010001111000010100000110001001100101011111111010001010010
010101000010000001101100000110100001110000110100011001111101101001011010001011011100101000101001010010101000000100001101001001110110010000111100100011001110100111100111010001010010
000001000000101101100100100100001010100110011001000011001000000010001100100110000110011101000010000100000101011110111000100000100100101011001011111101100001100001011011010001010010
000001000000101101100100100100001010100110011001000011001000000010001100100110000110011101000010000100000101011100100110001011011000000110010001001000001010110111110110001110000010
010000000101101111111110110011001001110000110100011001111101101001011010001011011100101000101001010010101000000100001101001011110010000110010001001000001010110111110110001110000010
010101000010000001101100000110100001110000110100011001111101101001011010001011011100101000101001010010101000000100001101001011110010000110010001001000001010110111110110001110000010
000001000000101101100100100100001010100110011001000011001000000010001100100110000110011101000010000100000101011011100000000111011001111011000001001000001010110111110110001110000010
000001000000101101100100100100001010100110011001000011001000000010001100100110000110011101000010000100000110110000111100111110011000100110100000110001001100101011111111010001010010
010000000101101111111110110011001001110000110100011001111101101001011010001011011100101000101001010010101011101101100011011110100101010010101110100100001100010010001111101110000010
000001000000101101100100100100001010100110011001000011001000000010001100100110000110011101000010000100000101011010011000001000101100110110010001001000001010110111110110001110000010
010000000101101111111110110011001001110000110100011001111101101001011010001011011100101000101001010010101000000110010011100000001110101011001011111101100001100001011011010001010010
010000000101101111111110110011001001110000110100011001111101101001011010001011011100101000101001010010101000000110010011100000011011011110010110001000100001011000110110001110000010
000001000000101101100100100100001010100110011001000011001000000010001100100110000110011101000010000100000110100110000101010011101011111100001110110001001100101011111111010001010010
010000000101101111111110110011001001110000110100011001111101101001011010001011011100101000101001010010101000000100001101001001110110010000111100100011001110101001010111010001010010
000001000000101101100100100100001010100110011001000011001000000010001100100110000110011101000010000100000101011110110110110001011001101111111010000100100111111101010010001110000010
010000000101101111111110110011001001110000110100011001111101101001011010001011011100101000101001010010101011101010000000011111101000100011011001001000001010110111110110001110000010
000001000000101101100100100100001010100110011001000011001000000010001100100110000110011101000010000100000101011110111000100111111100010000111100100011001110100111100111010001010010
000001000000101101001010011001001001110000110100011001111101101001011010001011011100101000101001010010101000000100000011011010001111000010100000110001001100101011111111010001010010
000001000000101101001010011001001001110000110100011001111101101001011010001011011100101000101001010010101000000100001101001001110110010000111100100011001110100111100111010001010010
000001000000101101100100100100001010100110011001000011001000000010001100100110000110011101000010000100000110110000110101110100111110001110000011111101100001100001011011010001010010
010101000010000001101100000110100001110000110100011001111101101001011010001011011100101000101001010010101011101101100011011110100101010010101110100100001100010010001111101110000010
000001000000101101100100100100001010100110011001000011001000000010001100100110000110011101000010000100000111110111110011000110110110010000111100100011001110100111100111010001010010
000001000000101101100100100100001010100110011001000011001000000010001100100110000110011101000010000100000011110101100100011000011011011110010110001000100001011000110110001110000010
000001000000101101100100100100001010100110011001000011001000000010001100100110000110011101000010000100000101011110111000100000001110101011001011111101100001100001011011010001010010
010101000010000001101100000110100001110000110100011001111101101001011010001011011100101000101001010010101000000110010011100000001110101011001011111101100001100001011011010001010010
010101000010000001101100000110100001110000110100011001111101101001011010001011011100101000101001010010101000000110010011100000011011011110010110001000100001011000110110001110000010
010101000010000001101100000110100001110000110100011001111101101001011010001011011100101000101001010010101000000100001101001001110110010000111100100011001110101001010111010001010010
010101000010000001101100000110100001110000110100011001111101101001011010001011011100101000101001010010101011101010000000011111101000100011011001001000001010110111110110001110000010
010101000010000011000000010101100001110000110100011001111101101001011010001011011100101000101001010010101000000100000011011010001111000010100000110001001100101011111111010001010010
010101000010000011000000010101100001110000110100011001111101101001011010001011011100101000101001010010101000000100001101001001110110010000111100100011001110100111100111010001010010
