000010010110000101111011001110001010101100110000101101010111010111010000101000000100110010011001110111100100010000110011010011001110110010011001011110010110011111011110000011011010
011010110011100100101101110000011101101100110000101101010111010111010000101000000100110010011001110111100100010000110011010011001110110010011001011110010110011111011110000011011010
011010110011100100101101110000010100101100110000101101010111010111010000101000000100110010011001110111100100010000110011010011001110110010011001011110010110011111011110000011011010
011010110011100100101101001110001010101100110000101101010111010111010000101000000100110010011001110111100100010000110011010011001110110010011001011110010110011111011110000011011010
011010110011100100101101110111100111011100110000101101010111010111010000101000000100110010011001110111100100010000110011010011001110110010011001011110010110011111011110000011011010
011010110011100100101101110000101010101100110000101101010111010111010000101000000100110010011001110111100100010000110011010011001110110010011001011110010110011111011110000011011010
011010110011100100101101101111011010101100110000101101010111010111010000101000000100110010011001110111100100010000110011010011001110110010011001011110010110011111011110000011011010
011010110011100110000001100011011101110100000000101101010111010111010000101000000100110010011001110111100100010000110011010011001110110010011001011110010110011111011110000011011010
011010110011100100101101110000011101100100110000101101010111010111010000101000000100110010011001110111100100010000110011010011001110110010011001011110010110011111011110000011011010
011010110011100100101101111011111100101100110000101101010111010111010000101000000100110010011001110111100100010000110011010011001110110010011001011110010110011111011110000011011010
011010110011100100101101111110001010101100110000101101010111010111010000101000000100110010011001110111100100010000110011010011001110110010011001011110010110011111011110000011011010
011010110011100100101010110110001010101100110000101101010111010111010000101000000100110010011001110111100100010000110011010011001110110010011001011110010110011111011110000011011010
011010110011100100101101110000100011101100110000101101010111010111010000101000000100110010011001110111100100010000110011010011001110110010011001011110010110011111011110000011011010
011010110011100100101101111011111110101100110000101101010111010111010000101000000100110010011001110111100100010000110011010011001110110010011001011110010110011111011110000011011010
011010110011100100101101110000011011000110000000110011010111010111010000101000000100110010011001110111100100010000110011010011001110110010011001011110010110011111011110000011011010
011010110011100100101101110000001110101100110000101101010111010111010000101000000100110010011001110111100100010000110011010011001110110010011001011110010110011111011110000011011010
011010110011100100101101110000011011000101010011011100000000111010100011111011110111100000110000110111100100010000110011010011001110110010011001011110010110011111011110000011011010
011010110011100100101010111011000101110100000000101101010111010111010000101000000100110010011001110111100100010000110011010011001110110010011001011110010110011111011110000011011010
011010110011100001110000001110101110101100110000101101010111010111010000101000000100110010011001110111100100010000110011010011001110110010011001011110010110011111011110000011011010
011010110011100100101100111111101101101100110000101101010111010111010000101000000100110010011001110111100100010000110011010011001110110010011001011110010110011111011110000011011010
011010110011100110000001101110001010101100110000101101010111010111010000101000000100110010011001110111100100010000110011010011001110110010011001011110010110011111011110000011011010
011010110011100100101101101110001010101100110000101101010111010111010000101000000100110010011001110111100100010000110011010011001110110010011001011110010110011111011110000011011010
011010110011100100101101110000001010101100110000101101010111010111010000101000000100110010011001110111100100010000110011010011001110110010011001011110010110011111011110000011011010
011010110011100100101101110000000001001100110000101101010111010111010000101000000100110010011001110111100100010000110011010011001110110010011001011110010110011111011110000011011010
011010110011100100101101110000001110100110000000110011010111010111010000101000000100110010011001110111100100010000110011010011001110110010011001011110010110011111011110000011011010
011010110011100100101101110000011101011100110000101101010111010111010000101000000100110010011001110111100100010000110011010011001110110010011001011110010110011111011110000011011010
011010110011100100101101110000011100011111110000101101010111010111010000101000000100110010011001110111100100010000110011010011001110110010011001011110010110011111011110000011011010
011010110011100100101101110000001110001100110000101101010111010111010000101000000100110010011001110111100100010000110011010011001110110010011001011110010110011111011110000011011010
011010110011100011011100010110001010101100110000101101010111010111010000101000000100110010011001110111100100010000110011010011001110110010011001011110010110011111011110000011011010
000010010110000101111011000100111011100000110000101101010111010111010000101000000100110010011001110111100100010000110011010011001110110010011001011110010110011111011110000011011010
000010010110000101111110010110101100101100110000101101010111010111010000101000000100110010011001110111100100010000110011010011001110110010011001011110010110011111011110000011011010
000010010110000101111011001110001010101100110000101101010111010111010000101000000100110010011001110111100100010000110011010011001110110010011001010100100111010011011110000011011010
