100101010011111000111011110100101111111101000011101100010110001100011101110011111111110011000010100111010110000010000111011110011101111100110000000000100110000111111010111110111100
100101010011111000111011110100101111111101000011101100010111101101110011001001000001011100110100001011000110000010000111011110011101111100110000000000100110000111111010111110111100
100101010011111000111011110100101111111101000011101100010110001100011101110011111111110011000010101100110110000010000111011110011101111100110000000000100110000111111010111110111100
100101010011111000111011110100101111111101000011101100010110001100011101110011111111110011000010101101100000000010000111011110011101111100110000000000100110000111111010111110111100
100101010011111000111110010010001110100101011011101111110101110000100001001001000001011100110100001011000110000010000111011110011101111100110000000000100110000111111010111110111100
100101010011111000111011110100101111111101000011101100010111101101111101001001000001011100110100001011000110000010000111011110011101111100110000000000100110000111111010111110111100
100101010010101110110010011101111111110101011100100100100111011001100001001001000001011100110100001011000110000010000111011110011101111100110000000000100110000111111010111110111100
100101010011111000111011110100101111111101000011101100010110001100011101110011111111111001110011101011000110000010000111011110011101111100110000000000100110000111111010111110111100
100101010011111000111011110100101111111101000001000101010111011011000011001001000001011100110100001011000110000010000111011110011101111100110000000000100110000111111010111110111100
100101010011111000111010000001000101110100111101011100100110101101111101001001000001011100110100001011000110000010000111011110011101111100110000000000100110000111111010111110111100
100101010011111000111011110100101111111101000011101100010110001100011101110011111111110011000010100111010101001111100110000111010011111100110000000000100110000111111010111110111100
100101010011111000111011110100101111111101000011101100010111101101011011110111010100000100000000111010000110000010000111011110011101111100110000000000100110000111111010111110111100
100101010011111000111011110100101111111101000011101100010110001100011101110011111011001100110100111111100110000010000111011110011101111100110000000000100110000111111010111110111100
100101010010101110110010011101111111110101011100100100100111011001100001000100110001111001001010110101000110000010000111011110011101111100110000000000100110000111111010111110111100
100101010011111000111011110100101111111101000011101100010110001100011101110001010010011000000000111010000110000010000111011110011101111100110000000000100110000111111010111110111100
100101010011111000111111010011000010101010010100010111000110010010010010011101000001011100110100001011000110000010000111011110011101111100110000000000100110000111111010111110111100
100101010011111000111011110100101111111101000011101100010110001100011101110011111111110011000010100111110110000010000111011110011101111100110000000000100110000111111010111110111100
100101010011111000111011110100101111111101000011101100010111101011011000010000010100000100010101011000011110000010000111011110011101111100110000000000100110000111111010111110111100
100101010011111000111011110100101111111101000011101100010110001100011101110011111111110011000010100111010101001100000111011110011101111100110000000000100110000111111010111110111100
100101010011111000111011110100101111111101000011101100010110001100011101110011111111110011000010100111010010111110010111011110011101111100110000000000100110000111111010111110111100
100101010011111000111011110100101111111101000011101100010111101101001010010010000011010000001100100011111010000010000111011110011101111100110000000000100110000111111010111110111100
100101010011111000111010000010110101110100111101011100100110101101111101001001000001011100110100001011000110000010000111011110011101111100110000000000100110000111111010111110111100
100101010011111000111011110100101111111101000011101100010111101010101010010000010100000100010101011000011110000010000111011110011101111100110000000000100110000111111010111110111100
100101010011111000111010011101111111110101011100100100100111011001100001001001000001011100110100001011000110000010000111011110011101111100110000000000100110000111111010111110111100
100101010011111000111011110100101111111101000011101100010110001100011101110011111111110011000010100111010101000100010111011110011101111100110000000000100110000111111010111110111100
100101010011111000111011110100101111111101000011101001001110101101111101001001000001011100110100001011000110000010000111011110011101111100110000000000100110000111111010111110111100
100101010011111000111011110100101111111101000011101100010110001100011101110011111111110011000010100111010101001001010101110111011100111100110000000000100110000111111010111110111100
100101010011111000111011110100101111111101000011101100010111101100001111100000001010110010010101111010110110000010000111011110011101111100110000000000100110000111111010111110111100
100101010011111000111011110100101111111101000011101100010100111011010011010110110011011010111010110101000110000010000111011110011101111100110000000000100110000111111010111110111100
100101010011111000111011110100101111111101000011101100010111101101001010010000010100000100010101011000011110000010000111011110011101111100110000000000100110000111111010111110111100
100101010011111000111011110100101111111101000011101100010110001100011101110011111111110011000010100111010101001110100110111001001111011011100010010101101011000111111010111110111100
100101010011111000111011110100101111111101000011101100010110001100011101110011111111110011000010100111010110000010000111011110011101111100110000000000100110000111111010111110100000
