100001000001000010000001000110010001100011011100011000101110011000000100111110101010110100001011101010100101111010011110110001011100111000101000100111011010100001000101100011110111
100001000001000010000001000110010001100011011100011000101110011000000100111110101010110100001011101010100101111010011110110001111101110100111101110110001111111100010000001001101000
100001000001000010000001000110010001100011011100011000101110011000000100111110101010110100001011101010100101111010010001110010111101011000101000100111011010100001000101100011110111
100001000001000010000001000110010001100011011100011000101110011000000100111110101010110100001011101010100101111010010001011100101101010111101000100111011010100001000101100011110111
100001000001000010000001000110010001100011011100011000101110011000000100111110101010110100001011101010100101111010010001110101111000010010101001110110001111111100010000001001101000
100001000001000010000001000110010001100011011100011000101110011000000100111110101010110100001011101010100101111010010001110010110011000100111101110110001111111100010000001001101000
100001000001000010000001000110010001100011011100011000101110011000000100111110101010110100001011101010100101111010010001001011011100111111101101001010111011110000001101011010001011
100001000001000010000001000110010001100011011100011000101110011000000100111110101010110100001011101010100101111010010001110010111101010010101001110110001111111100010000001001101000
100001000001000010000001000110010001100011011100011000101110011000000100111110101010110100001011101010100101111010010001100101011101010010101001110110001111111100010000001001101000
100001000001000010000001000110010001100011011100011000101110011000000100111110101010110100001011101010100101111010010001011100001100011101110110101101101011110000001101011010001011
100001000001000010000001000110010001100011011100011000101110011000000100111110101010110100001011101010100101111010010001100101110011000100111101110110001111111100010000001001101000
100001000001000010000001000110010001100011011100011000101110011000000100111110101010110100001011101010100101111010010001100101110011101110001101001010111011110000001101011010001011
100001000001000010000001000110010001100011011100011000101110011000000100111110101010110100001011101010100101111010010001100101111100111111101101001010111011110000001101011010001011
100001000001000010000001000110010001100011011100011000101110011000000100111110101010110100001011101010100101111010010001100101110100011101110110101101101011110000001101011010001011
100001000001000010000001000110010001100011011100011000101110011000000100111110101010110100001011101010100101111010010001110010110011010111111101110110001111111100010000001001101000
100001000001000010000001000110010001100011011100011000101110011000000100111110101010110100001011101010100101111010010001011100101101000100101010001100010010100001111010101011111000
