100001100101011100110111010100111111111000000111001011001001001000000010110010000101100011000001111111011001101011001010101011101000111100000000101100001000101110000010001100110111
100001100101011100110111010100111111111000000111001011001001001000000010110011011011100011000001111111011001101011001010101011101000111100000000101100001000101110000010001100110111
100001011001010000110111010100111111111000000111001011001001001000000010110010000101100011000001111111011001101011001010101011101000111100000000101100001000101110000010001100110111
010001101110000000110111010100111111111000000111001011001001001000000010110010000101100011000001111111011001101011001010101011101000111100000000101100001000101110000010001100110111
100001100101011100110111010100111111111000000111001011001001001000000010110001111011100011000001111111011001101011001010101011101000111100000000101100001000101110000010001100110111
100001100101011100110111010100111111111000000111001011001001001000000010110000101010101101010101101101011001101011001010101011101000111100000000101100001000101110000010001100110111
100001100101011100110111010100111111111000000111001011001001001000000010110010111100000011000001111111011001101011001010101011101000111100000000101100001000101110000010001100110111
100001100101011100110111010100111111111000000111001011001001001000000010110101101101100011000001111111011001101011001010101011101000111100000000101100001000101110000010001100110111
100001100101011100110111010100111111111000000111001011001001001000000010110000100100010000111000001011101110001000001001001011110011111100000000101100001000101110000010001100110111
101010010101011100110111010100111111111000000111001011001001001000000010110010000101100011000001111111011001101011001010101011101000111100000000101100001000101110000010001100110111
100001100010101000110111010100111111111000000111001011001001001000000010110010000101100011000001111111011001101011001010101011101000111100000000101100001000101110000010001100110111
100001100101011100110111010100111111111000000111001011001001001000000010110010000101100011000001111111011001101011001010101011101000111100000000101100001100101110000010001100110111
100001100101011100110010010101100011111000000111001011001001001000000010110010000101100011000001111111011001101011001010101011101000111100000000101100001000101110000010001100110111
010101100011011011110111010100111111111000000111001011001001001000000010110010000101100011000001111111011001101011001010101011101000111100000000101100001000101110000010001100110111
100001100101011011110111010100111111111000000111001011001001001000000010110010000101100011000001111111011001101011001010101011101000111100000000101100001000101110000010001100110111
010001101111011100110111010100111111111000000111001011001001001000000010110010000101100011000001111111011001101011001010101011101000111100000000101100001000101110000010001100110111
