100101011101111111001000110111100001111111100000111111100010111010110000010111000101011101011100111110101010001110100001001100110010100101100000100001011101111101111100000110100100
100101011101111111001000110111100001111111100000111111100010111010110000010111100000010011110100000011101010001010010011110010000100011101001010011011010101101000101110001110000011
100101011101111111001000110111100001111111100000111111100010111010110000010111100000010011110100000011101010001010010011110010000100011101001010011011010101101000101110001000100011
100101011101111111001000110111100001111111100000111111100010111010110000010111100000010011110100000011101010001010010011110010000100011101001010011011010101101000101110001000111111
100101011101111111001000110111100001111111100000111111100010111010110000010111000001001110001101001011101010001010010011110010000100011101001010011011010101101000101110001110000011
100101011101111111001000110111100001111111100000111111100010111010110000010111000000000101111011001100111010001110100001001100110010100101100000100001011101111101111100000110100100
100101011101111111001000110111100001111111100000111111100010111010110000010111000101011101011100111110101010001110100001001100110010100101100000100001011101111101111100000110100101
100101011101111111001000110111100001111111100000111111100010111010110000010111100000010011110100000011101010001010010011110010000100011101001010011011010101101000101110001000100101
100101011101111111001000110111100001111111100000111111100010111010110000010111000101011101011100111110101010001110100001001100110010100101100000100001011101111101111110101010110111
100101011101111111001000110111100001111111100000111111100010111010110000010111000001001110001101001011101010001010010011110010000100011101001010011011010101101000101110001000100011
100101011101111111001000110111100001111111100000111111100010111010110000010111100000010011110100000011101010001010010011110010000100011101001010011011010101101000101110001000001011
100101011101111111001000110111100001111111100000111111100010111010110000010111100000010011110100000011101010001010010011110010000100011101001010011011010101101000101110001110001101
100101011101111111001000110111100001111111100000111110010101110010001111100111100000010011110100000011101010001010010011110010000100011101001010011011010101101000101110001110000011
100101011101111111001000110111100001111111100000111111101000001011111100010110100111010110111100111110101010001110100001001100110010100101100000100001011101111101111100000110100100
100101011101111111001000110111100001111111100000111111100010111010110000010111000001100110011001111110101010001110100001001100110010100101100000100001011101111101111100000110100100
100101011101111111001000110111100001111111100000111010111010011100110111000000010101110101001100111110101010001110100001001100110010100101100000100001011101111101111100000110100100
100101011101111111001000110111100001111111100000111111100010111010110000010111000001001110001101001011101010001010010011110010000100011101001010011011010101101000101110001000111111
100101011101111111001000110111100001111111100000111111100010111010110000010111000101011101011100111110101010001110100001001100110010100101100000100001011101111101111100000110111011
100101011101111111001000110111100001111111100000111111100010111010110000010111100000010011110100000011101010001010010011110010000100011101001010011011010101101000101110001000100110
100101011101111111001000110111100001111111100000111111100010110110100101000101000111010110111100111110101010001110100001001100110010100101100000100001011101111101111100000110100100
100101011101111111001000110111100001111111100000111111100010111010110000010101101101011101011100111110101010001110100001001100110010100101100000100001011101111101111100000110100100
100101011101111111001000110111100001111111100000111111100010111010110000010111000111111010111111010101000111010000100110011001010010110000010000101110111110111110000011010010011011
100101011101111111001000110111100001111110110110110110011111000011000011100111100000010011110100000011101010001010010011110010000100011101001010011011010101101000101110001110000011
100101011101111111001000110111100001111111100000111111100010111010110000010111100000010011110100000011101010001010010011110010000100011101001010011011010101101000101110001000101101
100101011101111111001000110111100001111111100000111111101100001011111010001010111010100110011111010101000111010000100110011001010010110000010000101110111110111110000011010010011011
100101011101111111001000110111100001111111100000111111100010111010110000010111100000010011110100000011101010001010010011110010000100011101001010011011010101101000101110001000000011
100101011101111111001000110111100001111110110110110010100010110110100101000101000111010110111100111110101010001110100001001100110010100101100000100001011101111101111100000110100100
100101011101111111001000110111100001111111100000111111100010111010110000010111100000010011110100000011101010001010010011110010000100011101001010011011010101101000101110001000100111
100101011101111111001000110111100001111111100000111111100010111010110000010101101101110101001100111110101010001110100001001100110010100101100000100001011101111101111100000110100100
100101011101111111001000110111100001111111100000111111101000101101100010100011101011011110011111010101000111010000100110011001010010110000010000101110111110111110000011010010011011
100101011101111111001000110111100001111111100000111011111100100111001100110010010101110101001100111110101010001110100001001100110010100101100000100001011101111101111100000110100100
100101011101111111001000110111100001111111100000111111100010111010110000010111000000000101111011001100111010001110100001001100110010100101100000100001011101111101111100000110100101
