001111001100000101010100111111110011100111001111101010111110110010110100001100011001111000111111111101000110000101111011000110111110011111110100001110100010111100101001110001100100
001111001100000101010100111111110011100111001111101010111110110010110100001100011001111000111111111101000110000101111011000110111110011111110100001110001100011111111100000111100110
001111001100000101010100111111110011100111001100011111010101111101100101101000011000110011110001111111111010001100001011110110001101111100111111101000011100110101110101101010011110
001111001100000101010100111111110011100111001100011111010101111101100101101000011000110011110001111111111010001100001011110110001101111100111111101000011100110100101001110001100100
001111001100000101010100111111110011100111001110111111010101111101100101101000011000110011110001111111111010001100001011110110001101111100111111101000011100110101110101101010011110
001111001100000101010100111111110011100111001111101010111110110010110100001100011001111000111111111101000110000101111011000110111110011111110100001110010101011011101001110001100100
001111001100000101010100111111110011100111001111101010111110110010110100001100011001111000111111111101000110000101111011000110111110011111110100001110011101101000001011110001100100
001111001100000101010100111111110011100111001111101010111110110010110100001100011001111000111111111101000110000101111011000110111110011111110100001110001101100001100001101100111100
001111001100000101010100111111110011100111001110111111010101111101100101101000011000110011110001111111111010001100001011110110001101111100111111101000011100110100101001110001100100
001111001100000101010100111111110011100111001111101010111110110010110100001100011001111000111111111101000110000101111011000110111110011111110100001110011010100010110011010110100110
001111001100000101010100111111110011100111001100111111010101111101100101101000011000110011110001111111111010001100001011110110001101111100111111101000011100110101110101101010011110
001111001100000101010100111111110011100111001111101010111110110010110100001100011001111000111111111101000110000101111011000110111110011111110100001110011011110110001011100110100110
001111001100000101010100111111110011100111001111101010111110110010110100001100011001111000111111111101000110000101111011000110111110011111110100001110001101110101100011011011010011
001111001100000101010100111111110011100111001111101010111110110010110100001100011001111000111111111101000110000101111011000110111110011111110100001110001101001111011111111100000110
001111001100000101010100111111110011100111001100111111010101111101100101101000011000110011110001111111111010001100001011110110001101111100111111101000011100110100101001110001100100
001111001100000101010100111111110011100111001111101010111110110010110100001100011001111000111111111101000110000101111011000110111110011111110100001110011010011011001101111110000111
