011100101010000101011110001110100110001110100110000110011001111010001101010010001111011010000000101010101101100100010100111011010010011010101101101101111110111111100001101011011111
011100101010000101011110001110100110001110100110000110011001111010001101010010001111011010000001011010101101100100010100111011010010011010101101101101111110111111100001101011011111
011100101010000101011110001110100110001110100110000110011001111010001101010010001111011010000000100111000001011101000110000111101011001011100101101101111110111111100001101011011111
011100101010000101011110001110100110001110100110000110011001111010001101010010001110000111100000101010101101100100010100111011010010011010101101101101111110111111100001101011011111
011100101010000101011110001110100110001110100110000110011001111010001101010010001111011010000000101001110100100000100010001110110100101100101101101101111110111111100001101011011111
011100101010000101011110001110100110001110100110000110011001111010001101010010001111011010000000100111000011101010101001010110110100101100101101101101111110111111100001101011011111
011100101010000101011110001110100110001110100110000110011001111010001101010010001111011010000000100111010101011001000101100101010001110111101001101101111110111111100001101011011111
011100101010000101011110001110100110001110100110000110011001111010001101010010001111011010000000101000110011000101010101001101111110111110101101101101111110111111100001101011011111
011100101010000101011110001110100110001110100110000110011001111010001101001100100111000011000000101010101101100100010100111011010010011010101101101101111110111111100001101011011111
011100101010000101011110001110100110001110100110000110011001111010001101010010001111011010000000001001011111011101101100101101101100001111001001110101111110111111100001101011011111
011100101010000101011110001110100110001110100110000110011001111010001101010010001111011010111000101010101101100100010100111011010010011010101101101101111110111111100001101011011111
011100101010000101011110001110100110001110100110000110011001111010001101010000000001010111011100111010101101100100010100111011010010011010101101101101111110111111100001101011011111
011100101010000101011110001110100110001110100110000110011001111010001101010010001111011010000001010010101111110011010010001011110101111100111011101101111110111111100001101011011111
011100101010000101011110001110100110001110100110000110011001111010001101010010001111011010000001011100010001111111010010101011100000010001111101101101111110111111100001101011011111
011100101010000101011110001110100110001110100110000110010001000101101001100110000100101011000000101010101101100100010100111011010010011010101101101101111110111111100001101011011111
011100101010000101011110001110100110011010101110111001001111010100000111110011001011011100000100110010101101100100010100111011010010011010101101101101111110111111100001101011011111
