110001100100000011111110011101111010110100101101010010100000110001001001111110110110010110010110010111101111110010101101000100001001111001111101000011001001010011101110001010110010
110001100100000011111110011101111010110101100101111111101101011111110000111110110110010110010110010111101111110010101101000100001001111001111101000011001001010011101110001010110010
110001100100000011111110011101111010110010111111110110101111111000010100000111010100101111110011000001010010001111110101000000000100101101110011110010011100110110010110001010110010
110001100100000011111110011101111010110111110101011110010101011011000111011110110110010110010110010111101111110010101101000100001001111001111101000011001001010011101110001010110010
110001100100000011111110011101111010110010111111110110101111111000011111011011001011001011001011110111111001010110100010000100111100111110100001100100101001110111000101011001010110
110001100100000011111110011101111010110101100110010000100110001011010010001110110110010110010110010111101111110010101101000100001001111001111101000011001001010011101110001010110010
110001100100000011111110011101111010110010111111110110101111111000011111011011001011001011001011110111111001010110100010000100111100111110100001100100101001110111000110011100110010
110001100100000011111110011101111010111011111101101011011100001011010010001110110110010110010110010111101111110010101101000100001001111001111101000011001001010011101110001010110010
110001100100000011111110011101111010110100101101010010100000110001001001111110110110010110010110010111101111110010101101000100001001111001111101000011001001010011110101010100110110
110001100100000011111110011101111010110010111111110110101111111000010100000111010100101111110011000001010010001111110101000000000100101101110011110010010111111111110100100001110010
110001100100000011111110011101111010110100101101010010100000110001001001111110110110010110010110010111101111110010101101000100001001111001111101000011001001010011101110001010110110
110001100100000011110110101000010001111100101101010010100000110001001001111110110110010110010110010111101111110010101101000100001001111001111101000011001001010011101110001010110010
111111001010101000110000100111000010110100101101010010100000110001001001111110110110010110010110010111101111110010101101000100001001111001111101000011001001010011101110001010110010
110001100100000011111110011101111010110100101101010010100000110001001001111110110110010110010110010111101111110010101101000100001001111001111101000011001001010011101100111011010110
110001100100000011111110011101111010111001110011100111111010011011011010000010100100001000110000000101110110011010100000111100100010111001111001010110100101101011111011001010010110
111111001101100010101111110000010011110100101101010010100000110001001001111110110110010110010110010111101111110010101101000100001001111001111101000011001001010011101110001010110010
