000101001101101001001110000101000100100100100100000001111111011011001110001011101101011101010100110101110010010000111010110011011011101010111010100001100010011111001000000000001000
000101001101101001001110000101000100100100100100000001111111011101110101111110010001001010010111110101110010010000111010110011011011101010111010100001100010011111001000000000001000
000101001101101001001110000101000100100100100100000001111111011011001110001011101101011101000111110101110010010000111010110011011011101010111010100001100010011111001000000000001000
000101001101101001001110000101000100100100100100000001111111011011001111011101100100110000100111110101110010010000111010110011011011101010111010100001100010011111001000000000001000
000101001101111001101100110011111100100101010011110000011011110011111001110000011100101000100111110101110010010000111010110011011011101010111010100001100010011111001000000000001000
001111010110111000001101000001110110111001110101000010111011111001001111011101100100110000100111110101110010010000111010110011011011101010111010100001100010011111001000000000001000
000101001101101001001110000101000100100100100100000001111111011011001110001011101101011101000001001100000100111010011001011000100010000100101010100001100010011111001000000000001000
000101001101101001001110000101000100100100100100000001111111011101110101111110111111011100110010011001011110110011000111011000100010000100101010100001100010011111001000000000001000
000101001101101001001110000101000100100100100100000001111111011011001110001011101101011100100010011001011110110011000111011000100010000100101010100001100010011111001000000000001000
000101001101101001001110000101000100100100100100000001111111011011001110001011101101011110011100000110010000110011000111011000100010000100101010100001100010011111001000000000001000
000101001101101001001110000101000100100100100100000001111111011011001110001011101101011101100000011110111110100111100000111011000011001100101010100001100010011111001000000000001000
000101001101101001001110000101000100100100100100000001111111011011001110001011101101011100100111000101010101000010011001011000100010000100101010100001100010011111001000000000001000
001111010111100111110100101000100100100100100100000001111111011011001110001011101101011101010100110101110010010000111010110011011011101010111010100001100010011111001000000000001000
000101001101101001001110000101000100100100100100000001111111011011001110001011101101011101010100011110111110100111100000111011000011001100101010100001100010011111001000000000001000
000101001101101001001110000101000100100101010011110000011011110011111001110000011100101000100111110101110010010000111010110011011011101010111010100001100010011111001000000000001000
000101001101101001001110000101000100100100100100000001111111011011001110001011101101011110101010111010111010100011011011100011011011101010111010100001100010011111001000000000001000
000101001101101001001110000101000100100100100100000001111111011011001110001011101101011101010100000101010101000010011001011000100010000100101010100001100010011111001000000000001000
001111010111100111110100101000100100100101010011110000011011110011111001110000011100101000100111110101110010010000111010110011011011101010111010100001100010011111001000000000001000
000101001101101001001110000101000100100100100100000001111111011011001110001011101101011110110101011100010101010001000011101100111100100010011101110110111000010011011001010010100001
000101001101101001001110000101000100100100100100000001111111011011001110001011101101011100100111111001110100111001011001111010010100111010100110001000011101010111100100110000001000
000101001101101001001110000101000100100100100100000001111111011011001110001011101101011101110101111100001100010110011001111010010100111010100110001000011101010111100100110000001000
000101001101101001001110000101000100100100100100000001111111011011001110001011101101011101010100011110000111000011100010100101000111101001101001001111101011101101001000000000001000
000101001101101001001110000101000100100100100100000001111111011011001110001011101101011100100010011001110100111001011001111010010100111010100110001000011101010111100100110000001000
000101001101101001001110000101000100100100100100000001111111011011001110001011101101011110100010011001110100111001011001111010010100111010100110001000011101010111100100110000001000
000101001101101001001110000101000100100100100100000001111111011011001110001011101101011101000111011001110100111001011001111010010100111010100110001000011101010111100100110000001000
000101001101101001001110000101000100100100100100000001111111011011001110001011101101011010111011000011111100000100000101001100111100100010011101110110111000010011011001010010100001
000101001101101001001110000101000100100100100100000001111111011011001110001011101101011101010100101101100110100010100000011010110101100010011101110110111000010011011001010010100001
001111010111101110000101010111101101100101110010001100111000111101111101011111011101000101010110111010010101010001000011101100111100100010011101110110111000010011011001010010100001
000101001101101001001110000101000100100100100100000001111111011011001110001011101101011010111011111001110100111001011001111010010100111010100110001000011101010111100100110000001000
000101001101101001001110000101000100100100100100000001111111011011001110001011101101011101000001111100100110110101001001111010010100111010100110001000011101010111100100110000001000
000101001101101001001110000101000100100100100100000001111111011011001110001011101101011100100010100010110100111001011001111010010100111010100110001000011101010111100100110000001000
000101001101101001001110000101000100100100100100000001111111011011001110001011101101011101000001111111100111001100000011101100111100100010011101110110111000010011011001010010100001
