001000001111111111011001110000110010000001111100001000110010000110000000101000111001110100001100001000100001101101010110010101110000101010111101010100010111101010011111100010010001
001000001111111111011001110000110010000001111100001000110010010011100010110000111001110100001100001000100001101101010110010101110000101010111101010100010111101010011111100010010001
001000001111111111011001110000110010000001111100001000110010000110000011010000111001110100001100001000100001101101010110010101110000101010111101010100010111101010011111100010010001
001000001111111101110101100011110010000001111100001000110010000110000000101000111001110100001100001000100001101101010110010101110000101010111101010100010111101010011111100010010001
001000001111111111011001110000110010000001111100001000110010000110000000101000111001110100001100001000100001101101010110010101110000101010110110010100010111101010011111100010010001
001000001111111111011001110000110010000001111100001000110010000110000000101000010001110100001100001000100001101101010110010101110000101010111101010100010111101010011111100010010001
001000001111111111011001110000110010000001111100001000110010000110000000101000111001110100001100001000100001101101010011100001101000101010111101010100010111101010011111100010010001
001000001111111111011001110000110010000001111100001000110010000110000011010100111001110100001100001000100001101101010110010101110000101010111101010100010111101010011111100010010001
001000001111111111011001110000110010000001111100001000110010000110000000101011101011010111111100001000100001101101010110010101110000101010111101010100010111101010011111100010010001
001000001111111111011001110000110010000001111100001000110010000110000000101001011001110100001100001000100001101101010110010101110000101010111101010100010111101010011111100010010001
001000001111111111011001110000110010000001111100001000110010010011100010110000001001110100001100001000100001101101010110010101110000101010111101010100010111101010011111100010010001
001000001111111111011001110000110010000001111100001000110010000110000000101000111001110100001100001000100001101101010110010101110000101011001100100001100111101010011111100010010001
001000001111111111011001110000110010000001111100001000110010000110000011010000001001110100001100001000100001101101010110010101110000101010111101010100010111101010011111100010010001
001000001111111111011001110000110010000001111100001010111110111110101000010100111001110100001100001000100001101101010110010101110000101010111101010100010111101010011111100010010001
001000001111111111011001110000110010000001111100001000110010000110000000101100001001110100001100001000100001101101010110010101110000101010111101010100010111101010011111100010010001
101101101001111110110001110101110010000001111100001000110010000110000000101000111001110100001100001000100001101101010110010101110000101010111101010100010111101010011111100010010001
001000001111111111011001110000110010000001111100001000110010000110000000101000111001110100001100001000100001101101011100100100111100101010111101010100010111101010011111100010010001
001000001111111111011001110000110010000001111100001000110010000110000000101000110110010100001100001000100001101101010110010101110000101010111101010100010111101010011111100010010001
001000001111111111011001110000110010000001111100001000110010000110000000101000001001110100001100001000100001101101010110010101110000101010111101010100010111101010011111100010010001
001000001111111111011001110000110010101010111000111000110010000110000000101000111001110100001100001000100001101101010110010101110000101010111101010100010111101010011111100010010001
001000001111111111011001110000110010000001111100001000110010000110000000101000111001110011110100101101101001101101010110010101110000101010111101010100010111101010011111100010010001
001000001111111111011001110000110010000001111100001000110010000110101000010100111001110100001100001000100001101101010110010101110000101010111101010100010111101010011111100010010001
001000001111111111011001110000110010100001111100001000110010000110000000101000111001110100001100001000100001101101010110010101110000101010111101010100010111101010011111100010010001
001000001111111111011001110000110010000001111100001000110010000110000000101000111001110100001100001000100001101101010110010101110000101010001101010100010111101010011111100010010001
001000001111111111011001110000110010000001111100001000110010000110000000110101011001110100001100001000100001101101010110010101110000101010111101010100010111101010011111100010010001
001000001111111111011001110000110010000001111100001000110010000110000000101011111001110100001100001000100001101101010110010101110000101010111101010100010111101010011111100010010001
001000001111111111011001110000110010000100001100010001010110011110101000010100111001110100001100001000100001101101010110010101110000101010111101010100010111101010011111100010010001
001000001111111111011001110000110010000001111100001000110010000110000000101000111001110100001100001000100001101101010110000000010010110010111101010100010111101010011111100010010001
001000001111111111011001110000110010000100001100010001011100100110101010110001011001110100001100001000100001101101010110010101110000101010111101010100010111101010011111100010010001
001000001111111111011001110000110010000001111100110000000001010010101000010100111001110100001100001000100001101101010110010101110000101010111101010100010111101010011111100010010001
101101101001111100011101100110110010000001111100001000110010000110000000101000111001110100001100001000100001101101010110010101110000101010111101010100010111101010011111100010010001
001000001111111111011001110000110010101010111010010111011111111101001100000110011001110100001100001000100001101101010110010101110000101010111101010100010111101010011111100010010001
