101001000110010001011110000110111000001010101110101110001111011000100000100001111010110110011011000001101111010100101100100000110111101110100011011011011111101010011010011101110100
010011110110101011010001100011010010111011001101011110110101110111100000100001111010110110011011000001101111010100101100100000110111101110100011011011011111101010011010011101110100
101001000110010001011010001111010001010001001101011110110101110111100000100001111010110110011011000001101111010100101100100000110111101110100011011011011111101010011010011101110100
101001110011001011110111000000010100000110010110011110001111011000100000100001111010110110011011000001101111010100101100100000110111101110100011011011011111101010011010011101110100
101001110011001011110111000000010100000110010110111010000010010010111111000111010110101011110010010000011101111000010110000000110111101110100011011011011111101010011010011101110100
010100001010000000001110111100100001110001001101011110110101110111100000100001111010110110011011000001101111010100101100100000110111101110100011011011011111101010011010011101110100
101110001111110101110110100011001001110011011000101110001111011000100000100001111010110110011011000001101111010100101100100000110111101110100011011011011111101010011010011101110100
101001000110010001011111111011011110011101110000001110001111011000100000100001111010110110011011000001101111010100101100100000110111101110100011011011011111101010011010011101110100
101001000110010001011111111100011001101110101110011001011100010011010001110100011110101000110110111110110100111101000100000000110111101110100011011011011111101010011010011101110100
010111111011110000110101000001000101000011001101011110110101110111100000100001111010110110011011000001101111010100101100100000110111101110100011011011011111101010011010011101110100
101001110011001011110111000000010100000110010110111010000010010010111111000111010110101100101011101101101111010100101100100000110111101110100011011011011111101010011010011101110100
101001000110010001011110000110111000001010101110101011110011100011110101000101110110111001100101100001101111010100101100100000110111101110100011011011011111101010011010011101110100
101001000110010001011111111100011001101110101110011001011100010011010001110100011110101000110110111111101111001011010110110111010111101110100011011011011111101010011010011101110100
101001000110010001011111111100011001101110101110011001011100010011010001110100011110100010111000001010010100111000101000110000110111101110100011011011011111101010011010011101110100
111011010101101000110001101001011101100110101101011110110101110111100000100001111010110110011011000001101111010100101100100000110111101110100011011011011111101010011010011101110100
010001101010101000110000101001110000110111000011000010000010010000000010110011001100111001011010001101101111010100101100100000110111101110100011011011011111101010011010011101110100
