001001011000001110000100111001100001001111111010111100011100101011000011100011010010001011010010111001100011001111110110100100010111101101010010001111110011010101110100110110001101
001001011000001110000100111001100001001111111010111100011100101011000011100011010010001011010010111001100011001111110110100100011010100101100001100100001001101010101110000111001010
001001011000001110000100111001100001001111111010111100011100101011000011100011010010001011000001000010001000100011001101111001011101001001010110101010011111010111110110101011011001
001001011000001110000100111001100001001111111010111100011100101011000011100011010010001011010010111001100011001111110110100100011010100101100110011111011001100101000010000001001001
001001011000001110000100111001100001001111111010111100011100101011000011100011010010001011000001000010001000100011001101111001011101001001010110101011110110110000110000111010101101
001001011000001110000100111001100001001111111010111100011100101011000011100011010010001011000001000010001000100011001101111001110110001111110110001111110101010010111001110110011001
001001011000001110000100111001100001001111111010111100011100101011000011100011010010001011000001000010001000100011001101111001011101001011111101000010011111010111110110101011011001
001001011000001110000100111001100001001111111010111100011100101011000011100011010010001011010010111001100011001111110110100100011010100101100001100100001001101010101110000111000101
001001011000001110000100111001100001001111111010111100011100101011000011100011010010001011010010111001100011001111110110100100011010100101100001100100001001101010101110000111001001
001001011000001110000100111001100001001111111010111100011100101011000011100011010010001011010010111001100011001111110110100100011010100101100001100100001001101010101001111100100010
001001011000001110000100111001100001001111111010111100011100101011000011100011010010001011010010111001100011001111110110100100011010100101100001100100001111101101100011000101000000
001001011000001110000100111001100001001111111010111100011100101011000011100011010010001011010010111001100011001111110110100100011010100101100111101000110111000101011111111010100001
001001011000001110000100111001100001001111111010111100011100101011000011100011010010001011000001000010001000100011001101111001011101001001010001010001011011100101000010000001001001
001001011000001110000100111001100001001111111010111100011100101011000011100011010010001011000001000010001000100011001101111001011101001001010110100001111001110001110000111010101101
001001011000001110000100111001100001001111111010111100011100101011000011100011010010001011010010111001100011001111110110100100011010100101100111101000110111000101000010000001001001
001001011000001110000100111001100001001111111010111100011100101011000011100011010010001011000001000010001000100011001101111001011101001001010001010001011110000001101110111010011001
001001011000001110000100111001100001001111111010111100011100101011000011100011010010001011000001000010001000100011001101111001110110001111110110001111110101010010111001110100001101
001001011000001110000100111001100001001111111010111100011100101011000011100011010010001011000001000010001000100011001101111001011101001001010110101011110001101001010101010010110101
001001011000001110000100111001100001001111111010111100011100101011000011100011010010001011000001000010001000100011001101111001011100011111011111000001001110001010111100000101101100
001001011000001110000100111001100001001111111010111100011100101011000011100011010010001011000001000010001000100011001101111001011100011111011111001011111111000110111100000011001101
001001011000001110000100111001100001001111111010111100011100101011000011100011010010001011000001000010001000100011001101111001011101001001010100001001111100011001111101100010101101
001001011000001110000100111001100001001111111010111100011100101011000011100011010010001011000001000010001000100011001101111001011101001001010110101011110001101001010111111110100110
001001011000001110000100111001100001001111111010111100011100101011000011100011010010001011000001000010001000100011001101111001011101001001100110000101010101001010101001111100100010
001001011000001110000100111001100001001111111010111100011100101011000011100011010010001011000001000010001000100011001101111001011101001011000110001111110101010010111001110110011001
001001011000001110000100111001100001001111111010111100011100101011000011100011010010001011000001000010001000100011001101111001011101001011001011100000011101010111000110111101011101
001001011000001110000100111001100001001111111010111100011100101011000011100011010010001011010010111001100011001111110110100100011010100101100001100100001111101101100011000111010101
001001011000001110000100111001100001001111111010111100011100101011000011100011010010001011010101100001011001110001011001010010110110110110101110100000110010100000000001110111000101
001001011000001110000100111001100001001111111010111100011100101011000011100011010010010110010100110011111110001011110000100000001010010110100100101000101001101100110011111010101101
001001011000001110000100111001100001001111111010111100011100101011000011100011010010001011010010111010011011100010100100000000101111111101001100010101000111110000111111000010011001
001001011000001110000100111001100001001111111010111100011100101011000011100011010010010110010100110011111110001011110000100000001010010100101010111001001100000010100011000111010101
001001011000001110000100111001100001001111111010111100011100101011000011100011010010010110010100110011111110001011110000100000001010010110100100101000101001101100110011111010110101
001001011000001110000100111001100001001111111010010110010110100001100011011001100111110100001100001110110101100010100100000000101111111101001100010101000111110000111111000010011001
