110001101110000111001010100100000011110110010111110111110110111011111101100111011000011100001001011100111000100101111111001100110100001000011110001110010101111110101010100111001011
110001101110000111001010100100000011110110010111110111110110101001001101000110110111010110100000100011100001011000001010001000110100001000011110001110010101111110101010100111001011
110001101110000111001010100100000011110110010111110111110110111001101010111011000010101100110101100010101001010001010101110001110100001000011110001110010101111110101010100111001011
110001101110000111001010100100000011110110010111110111110110111011111101100111011000011100001001011100111000100101111111001101011100001010010000100001001100011111110000011110001110
110001101110000111001010100100000011110110010111110111110110111011111101100111011000011100001001011100111000101111110110001100110100001000011110001110010101111110101010100111001011
110001101110000111001010100100000011110110010111110111110110111011111101100111011000011100001001011100111000100101111111001101011100001000011110001110010101111110101010100111001011
110001101110000111001010100100000011110110010111110111110110111011111101100111011000011100001001011100111000100101111111001101010111111110101000101001110101111101101000011110001110
110001101110000111001010100100000011110110010111110111110110111001110010101101110001011001110011101010000011110010111000000000110100001000011110001110010101111110101010100111001011
110001101110000111001010100100000011110110010111110111110110111011111101100111011000011100001001011100111000100101110100101011101010001000011110001110010101111110101010100111001011
110001101110000111001010100100000011110110010111110111110110111011111101100111011000011100001001011100111000100101111111001101010100001000011110001110010101111110101010100111001011
110001101110000111001010100100000011110110010111110111110110111011111101100111011000011100001001011100111000100101111111010011111110110000111001001100001111101100011100001111010010
110001101110000111001010100100000011110110010111110111110110101110101111011110110001011110110001110111000001110101010000000110100011011100011110001110010101111110101010100111001011
110001101110000111001010100100000011110110010111110111110110111001110010001100000000101000011100100010101111110000111110001100110100001000011110001110010101111110101010100111001011
110001101110000111001010100100000011110110010111110111110110111011111101100111011000011001101111100010001011110110001010011111101001101101000101011001000001000111100011011110001110
110001101110000111001010100100000011110110010111110111110110111011111101100111011000011100001001011100111000100101110100101011001010011001101110001110010101111110101010100111001011
110001101110000111001010100100000011110110010111110111110110111011111101100111011000011100001001011100111000100101110101011110110011101011001100011110010101111110101010100111001011
