100110000001000010011101110001000110001111001110000011101001101101011111010001001000111110010111000001000101001100110010001001110010001101110011011010100010110001010011000001011001
100110000001000010011101110001011111001001001110000011101001101101011111010001001000111110010111000001000101001100110010001001110010001101110011011010100010110001010011000001011001
100110000001000010011101110001000110001111001100000001110110000010101110110001001000111110010111000001000101001100110010001001110010001101110011011010100010110001010011000001011001
100110000001000010011101110001011110001011011110000011101001101101011111010001001000111110010111000001000101001100110010001001110010001101110011011010100010110001010011000001011001
100110000001000010010100101011000111110101110110000011101001101101011111010001001000111110010111000001000101001100110010001001110010001101110011011010100010110001010011000001011001
100110000001000010011101110001110100000100111000010010001110010011000100011111001000111110010111000001000101001100110010001001110010001101110011011010100010110001010011000001011001
100110000001000010011101110001000110001111001100000001110110000010100011101010011111000101010111000001000101001100110010001001110010001101110011011010100010110001010011000001011001
100110000001000010010100101001011010101011001110000011101001101101011111010001001000111110010111000001000101001100110010001001110010001101110011011010100010110001010011000001011001
100110000001000010011101110001000110001111001110000011101001101101011110000001001000111110010111000001000101001100110010001001110010001101110011011010100010110001010011000001011001
100110000001000010011101110001000110001111010000100011101001101101011111010001001000111110010111000001000101001100110010001001110010001101110011011010100010110001010011000001011001
100110000001000010011101110001000110100001001110000011101001101101011111010001001000111110010111000001000101001100110010001001110010001101110011011010100010110001010011000001011001
100110000001000010011101110001000110001111001110010001001011110101010010010001001000111110010111000001000101001100110010001001110010001101110011011010100010110001010011000001011001
100110000001000010010100101011000111111001001110000011101001101101011111010001001000111110010111000001000101001100110010001001110010001101110011011010100010110001010011000001011001
100110000001000010011101110001000110001111001110010010001110010011000100011111001000111110010111000001000101001100110010001001110010001101110011011010100010110001010011000001011001
100110000001000010010101011101110000010100001110000011101001101101011111010001001000111110010111000001000101001100110010001001110010001101110011011010100010110001010011000001011001
100110000001000010011101110001010101100101101110000011101001101101011111010001001000111110010111000001000101001100110010001001110010001101110011011010100010110001010011000001011001
