101111001010101101101011100110011101001010010001111100101010100101001000101011010111110101000001001111000111110110111001101101011001111010101001011101111110010111000001001100011101
101111001010101101101011100110011101001010010001111100101010100101001000101011010111110101000001001111011010010011001110000011111001100000011010000101001110010111000001001100011101
101111001010101101101011100110011101001010010001111100101010100101001000101011010111110101000001001111001000010001100111000101100101110101011000000101001110010111000001001100011101
101111001010101101101011100110011101001010010001111100101010100101001000101011010111110101000001001111001010111100011111001111111001100000011010000101001110010111000001001100011101
101111001010101101101011100110011101001010010001111100101010100101001000101011010111110101000001001111001010010011001110000011111001100000011010000101001110010111000001001100011101
101111001010101101101011100110011101001010010001111100101010100101001000101011010111110101000001001111001011001011001101101111111001100000011010000101001110010111000001001100011101
101111001010101101101011100110011101001010010001111100101010100101001000101011010111110101000001001111001000010000011111001111111001100000011010000101001110010111000001001100011101
101111001010101101101011100110011101001010010001111100101010100101001000101011010111110101000001001111001011100101110001011001100010001111010100101101011110010111000001001100011101
101111001010101101101011100110011101001010010001111100101010100101001000101011010111110101000001001111001000000110000011010010100110110001001111110001011000010111000001001100011101
101111001010101101101011100110011101001010010001111100101010100101001000101011010111110101000001001111001011010000000000000000101010001001011101001101011000010111000001001100011101
101111001010101101101011100110011101001010010001111100101010100101001000101011010111110101000001001111011000010101101000101000011001101011111110111101001110010111000001001100011101
101111001010101101101011100110011101001010010001111100101010100101001000101011010111110101000001001111000101011011001101101111111001100000011010000101001110010111000001001100011101
101111001010101101101011100110011101001010010001111100101010100101001000101011010111110101000001001111001010110011001110000011111001100000011010000101001110010111000001001100011101
101111001010101101101011100110011101001010010001111100101010100101001000101011010111110101000001001111011000010101101000101000011001101011111110111101011110010111000001001100011101
101111001010101101101011100110011101001010010001111100101010100101001000101011010111110101000001001111001011100110111001101101011001111010101001011101111110010111000001001100011101
101111001010101101101011100110011101001010010001111100101010100101001000101011010111110101000001001111011000111111011101000011001111000110100100001011001110010111000001001100011101
101111001010101101101011100110011101001010010001111100101010100101001000101011010111110101000001001111000101011010110101101100100100111101100001101101011110010111000001001100011101
101111001010101101101011100110011101001010010001111100101010100101001000101011010111110101000001001111000111110110100110101011001011111101111010100011000110010111000001001100011101
101111001010101101101011100110011101001010010001111100101010100101001000101011010111110101000001001111000011001011001101101111111001100000011010000101001110010111000001001100011101
101111001010101101101011100110011101001010010001111100101010100101001000101011010111110101000001001111000101011010101010101101100000101101011001110011001110010111000001001100011101
101111001010101101101011100110011101001010010001111100101010100101001000101011010111110101000001001111001000010000010101110111110100110011011001110011001110010111000001001100011101
101111001010101101101011100110011101001010010001111100101010100101001000101011010111110101000001001111001011100101101000101000011001101011111110111101001110010111000001001100011101
101111001010101101101011100110011101001010010001111100101010100101001000101011010111110101000001001111001011100011100001001011111100100100000111111000101110010111000001001100011101
101111001010101101101011100110011101001010010001111100101010100101001000101011010111110101000001001111011010010011001110000011111001111100000110011110010100111000010100000010001101
101111001010101101101011100110011101001010010001111100101010100101001000101011010111110101000001001111001010010011001110000011111001111100000110011110010100111000010100000010001101
101111001010101101101011100110011101001010010001111100101010100101001000101011010111110101000001001111011000010101101000101000011001101011111110111101001011111110001000010100011101
101111001010101101101011100110011101001010010001111100101010100101001000101011010111110101000001001111001011010000001010110001000011111110110110110100010100111000010100000010001101
101111001010101101101011100110011101001010010001111100101010100101001000101011010111110101000001001111001000000110000011010010100110110001001111110001010100111000010100000010001101
101111001010101101101011100110011101001010010001111100101010100101001000101011010111110101000001001111001011100101101000101000011001101011111110111101001011111110001000010100011101
101111001010101101101011100110011101001010010001111100101010100101001000101011010111110101000001001111001010110011001110000011111001111100000110011110010100111000010100000010001101
101111001010101101101011100110011101001010010001111100101010100101001000101011010111110101000001001111001011000110011100010011101100010101001011011111010010100100011101011100011101
101111001010101101101011100110011101001010010001111100101010100101001000101011010111110101000001001111001011000010101111110110100011110101010010001100010100111000010100000010001101
