000110110010001101111110110101001100010111101101000110001010010010101100010101010111000010010111011011000010011000110010010010010000110010011100110111110101001110011010011111100101
000110110010001101111110110101001100010111101101000110001010010010101100010101010111000010010111011011000010011000110010010010010000101001101100110111110101001110011010011111100101
000110110010001101111110110101001100010111101101000110001010010010101100010101010111000010010111011011000010011000110010010010010000101000100000111000100010001110011010011111100101
000110110010001101111110110101001100010111101101000110001010010010101100010101010111000010010111011011000010011000110010010010010000110010011010111000100010001110011010011111100101
000110110010001101111110110101001100010111101101000110001010010010101100010101010111000010010111011011000010011000110010010010010000110101010110011111010101001110011010011111100101
000110110010001101111110110101001100010111101101000110001010010010101100010101010111000010010111011011000010011000110010010010010000110010011100111000000010001110011010011111100101
000110110010001101111110110101001100010111101101000110001010010010101100010101010111000010010111011011000010011000110010010010010000110111101101101110110010001110011010011111100101
000110110010001101111110110101001100010111101101000110001010010010101100010101010111000010010111011011000010011000110010010010010000110101010110011001100010001110011010011111100101
000110110010001101111110110101001100010111101101000110001010010010101100010101010111000010010111011011000010010001101100000011111001011111001010110111110101001110011010011111100101
000110110010001101111110110101001100010111101101000110001010010010101100010101010111000010010111011011000010011000110010010010010000110110011010111000100010001110011010011111100101
000110110010001101111110110101001100010111101101000110001010010010101100010101010111000010010111011011000010011000110010010010010000110101010110011101000010001110011010011111100101
000110110010001101111110110101001100010111101101000110001010010010101100010101010111000010010111011011000010011000110010010010010000110110011011001111110100001110011010011111100101
000110110010001101111110110101001100010111101101000110001010010010101100010101010111000010010111011011000010011000110010010010010000110110010111101000100010001110011010011111100101
000110110010001101111110110101001100010111101101000110001010010010101100010101010111000010010111011011000010000001000011001011011000100010011010111000100010001110011010011111100101
000110110010001101111110110101001100010111101101000110001010010010101100010101010111000010010111011011000010011000110010010010010000101010011001010101001011000110011001010101100101
000110110010001101111110110101001100010111101101000110001010010010101100010101010111000010010111011011000010011000110010010010010000101011001000011011101100111001100111001110110000
000110110010001101111110110101001100010111101101000110001010010010101100010101010111000010010111011011000010011000110010010010010000101001101100111011101100111001100111001110110000
000110110010001101111110110101001100010111101101000110001010010010101100010101010111000010010111011011000010011000110010010010010000110100001000011011101100111001100111001110110000
000110110010001101111110110101001100010111101101000110001010010010101100010101010111000010010111011011000010011000110010010010010000110101010110011011101100111001100111001110110000
000110110010001101111110110101001100010111101101000110001010010010101100010101010111000010010111011011000010011000110010010010010000101101101000011011101100111001100111001110110000
000110110010001101111110110101001100010111101101000110001010010010101100010101010111000010010111011011000010011000110010010010010000101001101100101011101100111001100111001110110000
000110110010001101111110110101001100010111101101000110001010010010101100010101010111000010010111011011000000100001100101101100010000001111001000011011101100111001100111001110110000
000110110010001101111110110101001100010111101101000110001010010010101100010101010111000010010111011011000010011000110010010010010000101000100001001111101100111001100111001110110000
000110110010001101111110110101001100010111101101000110001010010010101100010101010111000010010111011011000010011000110010010010010000101000100001001111101011000110011001010101100101
000110110010001101111110110101001100010111101101000110001010010010101100010101010111000010010111011011000010011000110010010010010000110101101000011011101100111001100111001110110000
000110110010001101111110110101001100010111101101000110001010010010101100010101010111000010010111011011000010011000110010010010010000110111111001010101001011000110011001010101100101
000110110010001101111110110101001100010111101101000110001010010010101100010101010111000010010111011011000000100001100101101100011111110000101000011011101100111001100111001110110000
000110110010001101111110110101001100010111101101000110001010010010101100010101010111000010010111011011000010011000110010010010010000101010011000011011101100111001100111001110110000
000110110010001101111110110101001100010111101101000110001010010010101100010101010111000010010111011011000010011000110010010010010000110110100100011111101011000110011001010101100101
000110110010001101111110110101001100010111101101000110001010010010101100010101010111000010010111011011000010011000110010010010010000101011001000011011001011000110011001010101100101
000110110010001101111110110101001100010111101101000110001010010010101100010101010111000010010111011011000010011000110010010010010000110110100100011011001011000110011001010101100101
000110110010001101111110110101001100010111101101000110001010010010101100010101010111000010010111011011000010010110101011110000000101001100101001010101001011000110011001010101100101
