111001000100110111111001011000000111001010011101101000111101010110010101010111001001001001001110111111011110110100000111010100011100000001110000110110011101000011010000110111110110
111001000100110111111001011000000111001010011101101000111101010110010101010111001001001001001110111111011110110100000111010100011100000001110000110110011101000011010010011011100101
111001000100110111111001011000000111001010011101101000111101010110010101010111001001001001001110111111011100110100000111010100011100000001110000110110011101000011010000110111110110
111001000100110111111001011000000111001010011101101000111101010110010101010111001001001001001110110000000100110100000111010100011100000001110000110110011101000011010000110111110110
111001000100110111111001011000000111001010011101101000111101010110010101010111001001001001001110111111011100110100000111010100011100000001110000110110011101000011010010011011100101
111001000100110111111001011000000111001010011101101000111101010110010101010111001001001001001110110000000100110100000111010100011100000001110000110110011101000011010010011011100101
111001000100110111111001011000000111001010011101101000111101010110010101010111001001001001001110111110011110110100000111010100011100000001110000110110011101000011010000110111110110
111001000100110111111001011000000111001010011101101000111101010110010101010111001001001001001110111110011100110100000111010100011100000001110000110110011101000011010000110111110110
111001000100110111111001011000000111001010011101101000111101010110010101010111001001001001001110111110011110110100000111010100011100000001110000110110011101000011010010011011100101
111001000100110111111001011000000111001010011101101000111101010110010101010111001001001001001110111110011100110100000111010100011100000001110000110110011101000011010010011011100101
111001000100110111111001011000000111001010011101101000111101010110010101010111001001001001001110110001110001101110110010111111001010101100101010000011110110010101111101101101000011
111001000100110111111001011000000111001010011101101000111101010110010101010111001001001001001110110001101110110100000111010100011100000001110000110110011101000011010000110111110110
111001000100110111111001011000000111001010011101101000111101010110010101010111001001001001001110111110000001011010000011110110110011010010111101010111101010110000110110011101001011
111001000100110111111001011000000111001010011101101000111101010110010101010111001001001001001110111011111010110100000111010100011100000001110000110110011101000011010000110111110110
111001000100110111111001011000000111001010011101101000111101010110010101010111001001001001001110110001101110110100000111010100011100000001110000110110011101000011010010011011100101
111001000100110111111001011000000111001010011101101000111101010110010101010111001001001001001001100111011100110100000111010100011100000001110000110110011101000011010000110111110110
111001000100110111111001011000000111001010011101101000111101010110010101010111001001001001001110110001100100110100000111010100011100000001110000110110011101000011010000110111110110
111001000100110111111001011000000111001010011101101000111101010110010101010111001001001001001110111011111010110100000111010100011100000001110000110110011101000011010010011011100101
111001000100110111111001011000000111001010011101101000111101010110010101010111001001001001001001100111011100110100000111010100011100000001110000110110011101000011010010011011100101
111001000100110111111001011000000111001010011101101000111101010110010101010111001001001001001110110001111010110100000111010100011100000001110000110110011101000011010000110111110110
111001000100110111111001011000000111001010011101101000111101010110010101010111001001001001001110110001100100110100000111010100011100000001110000110110011101000011010010011011100101
111001000100110111111001011000000111001010011101101000111101010110010101010111001001001001001110111111000100110100000111010100011100000001110000110110011101000011010000110111110110
111001000100110111111001011000000111001010011101101000111101010110010101010111001001001001001110110001011110110100000111010100011100000001110000110110011101000011010000110111110110
111001000100110111111001011000000111001010011101101000111101010110010101010111001001001001011011011100000100110100000111010100011100000001110000110110011101000011010000110111110110
111001000100110111111001011000000111001010011101101000111101010110010101010111001001001001001110110001111010110100000111010100011100000001110000110110011101000011010010011011100101
111001000100110111111001011000000111001010011101101000111101000111000011000001010101100001000010101001110100110100000111010100011100000001110000110110011101000011010000110111110110
111001000100110111111001011000000111001010011101101000111101010110101110100010111100010100010100110001011110110100000111010100011100000001110000110110011101000011010000110111110110
111001000100110111111001011000000111001010011101101000111101010110010101010111001001001001001110111111011110110100000111010100011100000001110000110110011101000011010000110111100101
111001000100110111111001011000000111001010011101101000111101010110010101010111001001001001001110111111011110110100000111010100011100000001110000110110011101000011010000110110101101
111001000100110111111001011000000111001010011101101000111101010110010101010111001001001001011011010010011100110100000111010100011100000001110000110110011101000011010000110111110110
111001000100110111111001011000000111001010011101101000111101010110010101010111001001001001001110111110010000110100000111010100011100000001110000110110011101000011010000110111110110
111001000100110111111001011000000111001010011101101000111101010110010101010111001001001001001110111111000100110100000111010100011100000001110000110110011101000011010010011011100101
