101111101101101011011111010010001111011001011100100100100011110100011010100010000010100011011010010011010100101011110000100000100000011101000101110001001100101010000100001111110110
110111101101101011011111010010001111011001011100100100100011110100011010100010000010100011011010010011010100101011110000100000100000011101000101110001001100101010000100001111110110
101011101101101011011111010010001111011001011100100100100011110100011010100010000010100011011010010011010100101011110000100000100000011101000101110001001100101010000100001111110110
010001101101101011011111010010001111011001011100100100100011110100011010100010000010100011011010010011010100101011110000100000100000011101000101110001001100101010000100001111110110
010001100010101011011111010010001111011001011100100100100011110100011010100010000010100011011010010011010100101011110000100000100000011101000101110001001100101010000100001111110110
010111101101101011011111010010001111011001011100100100100011110100011010100010000010100011011010010011010100101011110000100000100000011101000101110001001100101010000100001111110110
101000111001101011011111010010001111011001011100100100100011110100011010100010000010100011011010010011010100101011110000100000100000011101000101110001001100101010000100001111110110
111110101101101011011111010010001111011001011100100100100011110100011010100010000010100011011010010011010100101011110000100000100000011101000101110001001100101010000100001111110110
010101001101101011011111010010001111011001011100100100100011110100011010100010000010100011011010010011010100101011110000100000100000011101000101110001001100101010000100001111110110
101110011101101011011111010010001111011001011100100100100011110100011010100010000010100011011010010011010100101011110000100000100000011101000101110001001100101010000100001111110110
101100011001000011100011010010001111011001011100100100100011110100011010100010000010100011011010010011010100101011110000100000100000011101000101110001001100101010000100001111110110
111011101101101011011111010010001111011001011100100100100011110100011010100010000010100011011010010011010100101011110000100000100000011101000101110001001100101010000100001111110110
111010000011101011011111010010001111011001011100100100100011110100011010100010000010100011011010010011010100101011110000100000100000011101000101110001001100101010000100001111110110
001011101101101011011111010010001111011001011100100100100011110100011010100010000010100011011010010011010100101011110000100000100000011101000101110001001100101010000100001111110110
011100001101101011011111010010001111011001011100100100100011110100011010100010000010100011011010010011010100101011110000100000100000011101000101110001001100101010000100001111110110
010110011101101011011111010010001111011001011100100100100011110100011010100010000010100011011010010011010100101011110000100000100000011101000101110001001100101010000100001111110110
100010101101101011011111010010001111011001011100100100100011110100011010100010000010100011011010010011010100101011110000100000100000011101000101110001001100101010000100001111110110
101111110011101100111101110010001111011001011100100100100011110100011010100010000010100011011010010011010100101011110000100000100000011101000101110001001100101010000100001111110110
101111001010110111110001111110001111011001011100100100100011110100011010100010000010100011011010010011010100101011110000100000100000011101000101110001001100101010000100001111110110
010010101101101011011111010010001111011001011100100100100011110100011010100010000010100011011010010011010100101011110000100000100000011101000101110001001100101010000100001111110110
101000010010101011011111010010001111011001011100100100100011110100011010100010000010100011011010010011010100101011110000100000100000011101000101110001001100101010000100001111110110
101000011101101011011111010010001111011001011100100100100011110100011010100010000010100011011010010011010100101011110000100000100000011101000101110001001100101010000100001111110110
111101100010101011011111010010001111011001011100100100100011110100011010100010000010100011011010010011010100101011110000100000100000011101000101110001001100101010000100001111110110
111010101101101011011111010010001111011001011100100100100011110100011010100010000010100011011010010011010100101011110000100000100000011101000101110001001100101010000100001111110110
101111011000101011011111010010001111011001011100100100100011110100011010100010000010100011011010010011010100101011110000100000100000011101000101110001001100101010000100001111110110
100010011101101011011111010010001111011001011100100100100011110100011010100010000010100011011010010011010100101011110000100000100000011101000101110001001100101010000100001111110110
101111101111010011011111010010001111011001011100100100100011110100011010100010000010100011011010010011010100101011110000100000100000011101000101110001001100101010000100001111110110
010001101101001011011111010010001111011001011100100100100011110100011010100010000010100011011010010011010100101011110000100000100000011101000101110001001100101010000100001111110110
110010101101101011011111010010001111011001011100100100100011110100011010100010000010100011011010010011010100101011110000100000100000011101000101110001001100101010000100001111110110
011000101101101011011111010010001111011001011100100100100011110100011010100010000010100011011010010011010100101011110000100000100000011101000101110001001100101010000100001111110110
100110101101101011011111010010001111011001011100100100100011110100011010100010000010100011011010010011010100101011110000100000100000011101000101110001001100101010000100001111110110
011011101101101011011111010010001111011001011100100100100011110100011010100010000010100011011010010011010100101011110000100000100000011101000101110001001100101010000100001111110110
