000100010111010111001001111011101111101100101100001111111111000010001001110110001101010110111000001001011000011000000011111010100011010010000101001011001101000101101010011011000010
000100010111010111001001111011101111101100101100001111111111000010001001110110001101010110111000001001011000011000000011111010100011010010000101001011001101000111000110001010000001
000100010111010111001001111011101111101100101100001111111111000010001001110110001101010110111000001001011000011000000011111010100011010010000101001011111101000101101010011011000010
000100010111010111001001111011101111101100101100001111111111000010001001110000001101111111011001110010001110110001001101000111111100010100101011001011111101000101101010011011000010
000100010111010111001001111011101111101100101100001111111111000010001001110110001000001110011110010010001110110001001101000111111100010100101011001011111101000101101010011011000010
000100010111010111001001111011101111101100101100001111111111000010001001110110001000001110011110111001111100111100000011111010100011010010000101001011001101000101101010011011000010
000100010111010111001001111011101111101100101100001111111111000010001001110110001000001110011110001001111100111100000011111010100011010010000101001011001101000101101010011011000010
000100010111010111001001111011101111101100101100001111111111000010001001110110001101010110111000001001011000011000000011111010100011010010000101001011001101000101101000110111010001
000100010111010111001001111011101111101100101100001111111111000010001001110110001101010110111000001001011000011000000011111010100011010010000101001011001101000111010001100010000001
000100010111010111001001111011101111101100101100001111111111000010001001110110001101010110111000111001111100111100000011111010100011010010000101001011001101000101101010011011000010
000100010111010111001001111011101111101100101100001111111111000010001001110110001101010110111000001001011000011000000011111010100011010010000101001011001101000111010001100110101001
000100010111010111001001111011101111101100101100001111111111000010001001110110001110100100111000111001111100111100000011111010100011010010000101001011001101000101101010011011000010
000100010111010111001001111011101111101100101100001111111111000010001001110010100001101100011001110010001110110001001101000111111100010100101011001011111101000101101010011011000010
000100010111010111001001111011101111101100101100001111111111000010001001110110001000001110001001110010001110110001001101000111111100010100101011001011111101000101101010011011000010
000100010111010111001001111011101111101100101100001111111111000010001001110110001011111100011110111001111100111100000011111010100011010010000101001011001101000101101010011011000010
000100010111010111001001111011101111101100101100001111111111000010001001110110001101010110111000001001111100111100000011111010100011010010000101001011001101000101101010011011000010
000100010111010111001001111011101111101100101100001111111111000010001001110110001101010110111000001001101000001101110000011101111100010100101011001011111101000101101010011011000010
000100010111010111001001111011101111101100101100001111111111000010001000100000000001101110001001110010001110110001001101000111111100010100101011001011111101000101101010011011000010
000100010111010111001001111011101111101100101100001111111111000010001001110110001101010110111000001000001110010001100011101101111110110001111011111011111101000101101010011011000010
000100010111010111001001111011101111101100101100001111111111000010001001110110001000001110011001110010001110110001001101000111111100010100101011001011111101000101101010011011000010
000100010111010111001001111011101111101100101100001111111111000010001001110110001101010110111000001001011000011000000011111010100011010010000101001011001101000111010001100001100010
000100010111010111001001111011101111101100101100001111111111000010001001110110001101010110111000001001011000011000000011111010100011010010000101001011001101000101101110001010000001
000100010111010111001001111011101111101100101100001111111111000010001001110110000010110101100011101111010001100110110110010001110101111111011111111110100110010001111100111001100010
000100010111010111001001111011101111101100101100001111111111000010001001110110001101010110111000001000001110010001100011111010100011010010000101001011001101000101101010011011000010
000100010111010111001001111011101111101100101100001111111111000010001001110110001101111111011001110010001110110001001101000111111100010100101011001011111101000101101010011011000010
000100010111010111001001111011101111101100101100001111111111000010001001110110001101010110111000001001011000011000000011111010100011010010000101001011001001100001101011111011000010
000100010111010111001001111011101111101100101100001111111111000010001000100000000001101100011001110010001110110001001101000111111100010100101011001011111101000101101010011011000010
000100111100010111001001111011101111101100101100001111111111000010001001110110001101010110111000001001011000011000000011111010100011010010000101001011001101000101101010011011000010
000100010111010111001001111011101111101100101100001111111111000010001001110110001101010110111000001000001110110001001101000111111100010100101011001011111101000101101010011011000010
000100010111010111001001111011101111101100101100001111111111000010001001110110001101010110111000001001011000011000000011111010100011010010000101001011001101000101101000110010000001
000100010111010111001001111011101111101100101100001111111111000010001001110110001101010110111000001001011000011000000011111010100011010010000101001011001101000111001011000010000001
000100010111010111001001111011101111101100101100001111111111000010001001110000001101111111011001110010001110110001001101000111111100011010110110101010000110110100001010011011000010
