011010101110101001111011011111001111100000111110111100010001011001100000000000111100010000110011110111111010101000000110101000100101001000001010101001010011101100110111001010001111
011010101110101001111011011111001111100000111110111100010001011001100000000000111100010000110011110111111000101101100010101000100101001000001010101001010011101100110111001010001111
011010101110101001111011011111001111100000111110111100010001011001100000000000111100010000110011110111111010101111110001011100100101001000001010101001010011101100110111001010001111
011010101110101001111011011111001111100000111110111100010001011001100000000000111100010000110011001110011111001000000110101000100101001000001010101001010011101100110111001010001111
011010101110101001111011011111001111100000111110111100010001011001100000000000111100010000110011110111111010111100010100101000100101001000001010101001010011101100110111001010001111
011010101110101001111011011111001111100000111110111100010001011001100000000000111100010000110010011011110001101000000110101000100101001000001010101001010011101100110111001010001111
011010101110101001111011011111001111100000111110111100010001011001100000000000111100010000110011110111111010101010000110101000100101001000001010101001010011101100110111001010001111
011010101110101001111011011111001111100000111110111100010001011001100000000000111100010000110011110111111000101000000110101000100101001000001010101001010011101100110111001010001111
011010101110101001111011011111001111100000111110111100010001011001100000000000111100010000110011110111111010101110000110101000100101001000001010101001010011101100110111001010001111
011010101110101001111011011111001111100000111110111100010001011001100000000000111100010000110011110111111010110100001101101000100101001000001010101001010011101100110111001010001111
011010101110101001111011011111001111100000111110111100010001011001100000000000111100010000110011110111101000011000000110101000100101001000001010101001010011101100110111001010001111
011010101110101001111011011111001111100000111110111100010001011001100000000000111100010000110011110111111010010011111100101000100101001000001010101001010011101100110111001010001111
011010101110101001111011011111001111100000111110111100010001011001100000000000111100010000110011110111111010010100001101101000100101001000001010101001010011101100110111001010001111
011010101110101001111011011111001111100000111110111100010001011001100000000000111100010000110011110111111010101111111001011000101000111000110010000101010011101100110111001010001111
011010101110101001111011011111001111100000111110111100010001011001100000000000111100010000110011110111100100001000111001010011001000101001010110100101010011101100110111001010001111
011010101110101001111011011111001111100000111110111100010001011001100000000000111100010000110011110111111101100101010000010110000000110010000100011100101101010111111000010101110101
