111110011001010100011010010100100111100110101000000110010011011100111111001100001111001110100100011101001100001001110000001111110011100100110011101000111101110100000110100100110111
111110011001010100011010010100100111100101010000110000101001000001001001101100011010111001001010111100110000010000000001010110000011100011000110111000010110101101000101001011111011
111110011001010100011011101000000100100110001110101110101101011000011011101100011010111001001010111100110000010000000001010110000011100011000110111000010110101101000101001011111011
111110011001010100011011100001011001011001010100011111100001110101010001001000011010111001001010111100110000010000000001010110000011100011000110111000010110101101000101001011111011
111110011010101100101001110101101100011011000001101011100001110101010001001000011010111001001010111100110000010000000001010110000011100011000110111000010110101101000101001011111011
111110011010101100101001111111011101011010001010000001100001110101010001001000011010111001001010111100110000010000000001010110000011100011000110111000010110101101000101001011111011
111110011001010100011010010100100111101000000101100000100101111001100001001111010100110011000101111100110000010000000001010110000011100011000110111000010110101101000101001011111011
111110011001010100011010010100100111100110101000000110010000010010110111100010001011011110001000000000110000010000000001010110000011100011000110111000010110101101000101001011111011
111110011010101100101001111111011101011001010100011111100001110101010001001000011010111001001010111100110000010000000001010110000011100011000110111000010110101101000101001011111011
111110011001010100011010010100100111100101010000110000101001010100101011101011010100110011000101111100110000010000000001010110000011100011000110111000010110101101000101001011111011
111110011001010100011011101000000100100110001110101110101101011000011011101100011111100001101100111100110000010000000001010110000011100011000110111000010110101101000101001011111011
111110011001010100011010010100100111100101010000110000101010110001001101011100011010111001001010111100110000010000000001010110000011100011000110111000010110101101000101001011111011
111110011001010100011010011110010110100000010010111000111111100100011011101100011010111001001010111100110000010000000001010110000011100011000110111000010110101101000101001011111011
111110011001010100011011100001011001001101001010011001100001110101010001001000011010111001001010111100110000010000000001010110000011100011000110111000010110101101000101001011111011
111110011001010100011010010100100111101000000101100000100101111001100001001111010001101011100011111100110000010000000001010110000011100011000110111000010110101101000101001011111011
111110011001010100011010011110010110101010110110111100010000010010110111100010001011011110001000000000110000010000000001010110000011100011000110111000010110101101000101001011111011
111110011001010100011010010111001101001111111001000101010100011110000111100101000000001100100001000000110000010000000001010110000011100011000110111000010110101101000101001011111011
111110011001010100011010010100100111100110101000111010010000010010110111100010001011011110001000000000110000010000000001010110000011100011000110111000010110101101000101001011111011
111110011001010100011010010111001101001100000001110011101110000011010010010100101001011000000001000000110000010000000001010110000011100011000110111000010110101101000101001011111011
111110011001010100011010010100100000111100011011100110100101111001100001001111010100110011000101111100110000010000000001010110000011100011000110111000010110101101000101001011111011
111110011010101100101001110101101100010101101100001101010100011110000111100101000000001100100001000000110000010000000001010110000011100011000110111000010110101101000101001011111011
111110011010101100101001110101101101110110111111100010001010001111101110010010101111011011011010101000101110010000000001010110000011100011000110111000010110101101000101001011111011
111110011001010100011011100010110101101001001100011101011101011010110000110111011000110101110010010100101110010000000001010110000011100011000110111000010110101101000101001011111011
111110011001010100011010010111001101001111111001000101010100011110000111100101000000001100100001101010011101001010110100111101010100011000010000100111101110100001101110101111000010
111110011010101100101001110101101100010101101100001101010100011110000111100101000000001100100001101010011101001010110100111101010100011000010000100111101110100001101110101111000010
111110011001010100011010010100100111100110101000000110010000010010110111100010001110000110101110101010011101001010110100111101010100011000010000100111101110100001101110101111000010
111110011001010100011010011110010110101010110110111011010100011110000111100101000000001100100001101010011101001010110100111101010100011000010000100111101110100001101110101111000010
111110011001010100011010010100100111100101010000110000101001000001001001101100011010111001001010111100110000010000000001010110000011100011000110111000010110101101000101001011110100
111110011010101100101001110101101101110110111111100010001010001111001101000001000000001100100001101010011101001010110100111101010100011000010000100111101110100001101110101111000010
111110011001010100011011101000000100100110001110101110101101011000011011101100011010111001001010111100110000010000000001010110000011100011000110111000010110101101000101001011110100
111110011001010100011010011110010110101010110110111100010000010010110111100010001110000110101110101010011101001010110100111101010100011000010000100111101110100001101110101111000010
111110011001010100011010010100100111100110101000000110010000010010110111100010001011011110001000101010011101001010110100111101010100011000010000100111101110100001101110101111000010
