010100011011011111110000001000111100000010001010010110001111110111011110011110100001110111000101011100000100011110010110000111011101110001100110000100100000111001000011110100100111
010100011011011111110000001000111100000010001010010110001111011000101101011011000010000001001111101010111001000111011100010011111100000100000110010011000000111001000011110100100111
010100011011011111110000001000111100000010001010010110001111011010111011011111001110101001100111000011000110010011000011110001111100010100100110101101011000111001000011110100100111
010100011011011111110000001000111100000010001010010110001111011010111011011111001100101100010000110111111111011010001011101110101100011000101110101111010100111001000011110100100111
010100011011011111110000001000111100000010001010010110001111110111011110011110100001111000110011100100001110100001111110111010001011010000011100010010011111010001000011110100100111
010100011011011111110000001000111100000010001010010110001111011000101101000110101000000111100010010110011100101100110000010001001100010100001011100100111000111001000011110100100111
010100011011011111110000001000111100000010001010010110001111011000101101011111000101110000110011100100001110100001111110111010001011010000011100010010011111010001000011110100100111
010100011011011111110000001000111100000010001010010110001111011010111011011111001100101100100001110101100010000000100000111000011111100010010000001010111000111001000011110100100111
010100011011011111110000001000111100000010001010010110001111011000101101011011000100101110001100000010010110100110111100010011111100000100000110010011000000111001000011110100100111
010100011011011111110000001000111100000010001010010110001111011000101101011011000000100111110010010111011010001101011001111001001101100111110010100001011000111001000011110100100111
010100011011011111110000001000111100000010001010010110001111011000100010011011111100001100010000110111111111011010001011101110101100011000101110101111010100111001000011110100100111
010100011011011111110000001000111100000010001010010110001111011010111010100111101101110000110011100100001110100001111110111010001011010000011100010010011111010001000011110100100111
010100011011011111110000001000111100000010001010010110001111011000101101011010001010010101011001010101101101010101001100110100001001010000111011111011100110000111111101010100100111
010100011011011111110000001000111100000010001010010110001111011000101101011011000110001101101101010110100000011101001100110100001001010000111011111011100110000111111101010100100111
010100011011011111110000001000111100000010001010010110001111011010111011011111001110111110010010000010000011001101011110001111110101101101001101001001100000011011001011111100100111
010100011011011111110000001000111100000010001010010110001111011010111001010000010010110101011010000101110101001000100010011010111011101000011111001000101000001000111001110110011011
