110011100111111010110011011010111110010101111000111111111111111111111101100111110111010001011010010000110101110110000001010111110000010111011011001010101011010010000100011101110011
110011100111111010110011011010110100101100011001100101111010111001010011101000110110111101100111010000110101110110000001010111110000010111011011001010101011010010000100011101110011
110011100111111010110011011010110100101100011001100101111010111001010011101000110110111101100111010001111100111101010011111110110001011110011000001110111111000010000100011101110011
110011100111111010110011011010110100101100011001100101111010111001010011101000110110111101100111010001111101000011000001000010010010001111011011001010101011010010000100011101110011
110011000110110011110001110111100010101010011111100111101001000010100010110110000100000110000011101000110101110110000001010111110000010111011011001010101011010010000100011101110011
110011100111111010110011011010110100101100011001100101111010111001010011101000110110111101100111010001101101110011101000000101001011101111011011001010101011010010000100011101110011
110011100111111010110011011010110100000111011001100101111010111001010011101000110110111101100111010000110101110110000001010111110000010111011011001010101011010010000100011101110011
110011100111111010110011011010110100000111011001100101111010111001010011101000110110111101100111010001111100111101010011111110110001011110011000001110111111000010000100011101110011
110011100111111010110011011010111110011010011111100111101001000010100010110110000100000110000011101000110101110110000001010111110000010111011011001010101011010010000100011101110011
110011100111111010110011011010110100101100011001100101111010111001010011101000110110111101100111010001110101110110000001010111110000010111011011001010101011010010000100011101110011
110011100111111010110011011010110100000111011001100101111010111001010011101000110110111101100111010001111101000011000001000010010010001111011011001010101011010010000100011101110011
110011100111111010110011011010110100000111011001100101111010111001010011101000110110111101100111010001101101110011101000000101001011101111011011001010101011010010000100011101110011
110011100111111010110011011010110100101100011001100101111010111001010011101000110110111101000100100100110101110110000001010111110000010111011011001010101011010010000100011101110011
110011100111111010110011011010110100101100011001100101111010111001010011101000110110111101100111010000101010110100111000101000000001101111011011001010101011010010000100011101110011
001101001000010001001110110001111010100111011001100101111010111001010011101000110110111101100111010000110101110110000001010111110000010111011011001010101011010010000100011101110011
001101001000010001001110110001111010100111011001100101111010111001010011101000110110111101100111010001111100111101010011111110110001011110011000001110111111000010000100011101110011
001101001000010001001110110001111010100111011001100101111010111001010011101000110110111101100111010001111101000011000001000010010010001111011011001010101011010010000100011101110011
001101001000010001001110110001111010100111011001100101111010111001010011101000110110111101100111010001101101110011101000000101001011101111011011001010101011010010000100011101110011
001101001000010001001110110001111010101000110100111111001111010010000101000101101100001000001100000111010001100111100110010101100111111001111011001010101011010010000100011101110011
110011100111111010110011011010110100000111011001100101111010111001010011101000110110111101100111010001110101110110000001010111110000010111011011001010101011010010000100011101110011
110011000110110011110001110111100010101010011111100111101001000010100010110110000100000110000011101001100101111011011100101000101010001111011011001010101011010010000100011101110011
110011000110110011110001110111100010101010011111100111101001000010100010110110000100000110000011100010001110101101001101000010100101001111011011001010101011010010000100011101110011
110011100111111010110011011010111110011010011111100111101001000010100010110110000100000110000011101001100101111011011100101000101010001111011011001010101011010010000100011101110011
110011100111111010110011011010111110011010011111100111101001000010100010110110000100000110000011100010001110101101001101000010100101001111011011001010101011010010000100011101110011
110011100111111010110011011010110100101100011001101101001111010010000101000101101100001000001100000111010001100111100110010101100111111001111011001010101011010010000100011101110011
110011100111111010110011011010110100000111011001100101111010111001010011101000110110111101000100100100110101110110000001010111110000010111011011001010101011010010000100011101110011
110011100111111010110011011010110100101100011001100101111010111001010011101000110110111101100111010001111110010001000011010010000111111001111011001010101011010010000100011101110011
001101001000010001001110110001111010100111011001100101111010111001010011101000110110111101100111010001110101110110000001010111110000010111011011001010101011010010000100011101110011
110011111101011001101101011010010110001100110010111101011100101001110100011011011110110011101000111110011110101001111111011000101010001111011011001010101011010010000100011101110011
110011000110001010010010000100101111110011101011111111111111111111111101100111110111010001011010010000110101110110000001010111110000010111011011001010101011010010000100011101110011
110011000110110011110001110111100010101010011111100111101001000010100010110110000100000110000011100000100100101001111111011000101010001111011011001010101011010010000100011101110011
110011000110110011110001110111100010101010011111100111101001000010100010110110000100000110000011101001111010101101001101000010100101001111011011001010101011010010000100011101110011
