110110011111100001111110011011010001010110000011001011010110111110011101110110101010111010010001110011111100111110011011101000001100100110001000110001101101111110100101101010100100
110110011111100001111110011011010001010110000001111101011100101100110001111001010001001001001100011011001010110010000110111100001100100110001000110001101101111110100101101010100100
110110011111100001111110011011010001010110000011001011010101011011000100010011100000110010000000011011001010110010000110111100001100100110001000110001101101111110100101101010100100
110110011111100001111110011011010001010110000011001011010110111110011101110110101010111010010010100111011110101010000110111100001100100110001000110001101101111110100101101010100100
110110011111100001111110011011010001010110000001111101011100101100110001111001010001001001001100110010111100111110011011101000001100100110001000110001101101111110100101101010100100
110110011111100001111110011011010001010110000001111101011100101100110001111001010001001100110000011011001010110010000110111100001100100110001000110001101101111110100101101010100100
110110011111100001111110011011010001010110000001111101011100101100110001111001010001001001011011011010001010110010000110111100001100100110001000110001101101111110100101101010100100
110110011111100001111110011011010001010110000001111101011100101100110001111001010001001001011011110111111000011110000110111100001100100110001000110001101101111110100101101010100100
110110011111100001111110011011010001010110000001111100011111001100000000000000111111100111010001110011111100111110011011101000001100100110001000110001101101111110100101101010100100
110110011111100001111110011011010001010110000011001011010110111110011101110110101010111010010001110000100110110010000110111100001100100110001000110001101101111110100101101010100100
110110011111100001111110011011010001010110000011001011010110111110011101110110101010111010010101110011111100111110011011101000001100100110001000110001101101111110100101101010100100
110110011111100001111110011011010001010110000001111101011100101100110001111001010001001001001100110100100000001001101100011100001100100110001000110001101101111110100101101010100100
110110011111100001111110011011010001010110000001111101011100101100110001111001010001001001001011011010001010110010000110111100001100100110001000110001101101111110100101101010100100
110110011111100001111110011011010001010110000001111101011100101100110001111001010001001001011010001111111010101010000110111100001100100110001000110001101101111110100101101010100100
110110011111100001111110011011010001010110000001111101011100101100110001111001010001001001001100110111111000011110000110111100001100100110001000110001101101111110100101101010100100
110110011111100001111010011100100111101110001001110001001101100110101001111010011000110011011100011011001010110010000110111100001100100110001000110001101101111110100101101010100100
