110110110100000101001011100001011010101001100111101111101011110001100100000000010011001000110001001111111000111101101000010101101011111101100101111110001000101100101100111100101101
110110110100000101001011100001011010101001100111101111101011110001100100000000010011001000110001001111111000111101101000010101101011111101100101111110001000101101111010110101001101
110110110100000101001011100001011010101001100111101111101011110001100100000000010011001000110001001111111000111101101000010101101011111101100000100110110110100101110111111101110001
110110110100000101001011100001011010101001100111101111101011110001100100000000010011001000110001001111111000111101101000010101101011111101100101111111010111001000100011011101110001
110110110100000101001011100001011010101001100111101111101011110001100100000000010011001000110001001111111000111101101000010101101011111101100101111110001000101101111010110101000001
110110110100000101001011100001011010101001100111101111101011110001100100000000010011001000110001001111111000111101101000010101101011111101100000100110001000101100101100111100101101
110110110100000101001011100001011010101001100111101111101011110001100100000000010011001000110001001111111000111101101000010101101011111101100101111110001000101100101100111100100001
110110110100000101001011100001011010101001100111101111101011110001100100000000010011001000110001001111111000111101101000010101101011111101100101111110001000101101111010110101001100
110110110100000101001011100001011010101001100111101111101011110001100100000000010011001000110001001111111000111101101000010101101011111101100101111110011101001111100010000000010001
110110110100000101001011100001011000011010100001101111101011110001100100000000010011001000110001001111111000111101101000010101101011111101100101111110001000101100101100111100101101
110110110100000101001011100001011010101001100111101111101011110001100100000000010011001000110001001111111000111101101000010101101011111101100101111110101110101000100011011101110001
110110110100000101001011100001011010101001100111101111101011110001100100000000010011001000110001001111111000111101101000010101101011111101100101111111011110001000100011011101110001
110110110100000101001011100001011010101001100111101111101011110001100100000000010011001000110001001111111000111101101000010101101011111101100101111110011101001111111111010011111001
110110110100000101001011100001011010101001100111101111101011110001100100000000010011001000110001001111111000111101101000010101101011111101100000100110101110110101101010011011110001
110110110100000101001011100001011010101001100111101111101011110001100100000000010011001000110001001111111000111101101000010101101011111101100101111110001000011110001010010100010001
110110110100000101001011100001011010101001100111101111101011110001100100000000010011001000110001001111111000111101101000010101101011111101100101111110001000000100100100001000010001
110110110100000101001010010010101001100011111110010101101010111100110101100101011010010011111010110100110010101011001110111011111101111010100001111110010111001000100011011101110001
110110110100000101001011100001011010101001100111101111101011110001100100000000010011001000110001001111111000111101101000010101101011111101100101111111010111000101000001111011110001
110110110100000101001011100001011010101001100111101111101011110001100100000000010011001000110001001111111000111101101000010101101011111101100101111110001000101100101100111100101100
110110110100000101001011100001011010101001100111101111101011110001100100000000010011001000110001001111111000111101101000010101101011111101100101111110001000101100101100111100101011
110110110100000101001011100001011010101001100111101111101011110001100100000000010011001000110001001111111000111101101000010101101011111101100000100110101110110101101010011011110000
110110110100000101001011100001011010101001100111101111101011110001100100000000010011001000110001001111111000111101101000010101101011111101100101111110001000101100101100110011001101
110110110100000101001011101011111100110100111111101111101011110001100100000000010011001000110001001111111000111101101000010101101011111101100101111110001000101100101100111100101101
110110110100000101001011100001011010101001100111101111101011110001100100000000010011001000110001001111111000111101101000010101101011111101100101111110001000101100101100111111001101
110110110100000101001011100001011010101001100111101111101011110001100100000000010011001000110001001111111000111101101000010101101011111101100000100110001000101101111010110101001101
110110110100000101001011100001011010101001100111101111101011110001100100000000010011001000110001001111111000111101101000010101101011111101100101111110001000010000111000110001011000
110110110100000101001011100001011010101001100111101111101011110001100100000000010011001000110001001111111000111101101000010101101011111101100000100111110000111001111110100011101001
110110110100000101001011100001011010101001100111101111101011110001100100000000010011001000110001001111111000111101101000010101101011111101100101111110001000101100101100111100100100
110110110100000101001011100001011010101001100111101111101011110001100100000000010011001000110001001111111000111101101000010101101011111101100101111111010010011101001011111001101001
110110110100000101001011100001011010101001100111101111101011110001100100000000010011001000110001001111111000111101101000010101101011111101100101111110001000101100101110010000111110
110110110100000101001011100001011010101001100111101111101011110001100100000000010011001000110001001111111000111101101000010101101011111101100101111110001000101101111010110101001011
110110110100000101001011100001011010101001100111101111101011110001100100000000010011001000110001001111111000111101101000010101101011111101100101111110011100111101001011111001101001
