010100010001100101010010001001101011010100101010010010110001101100110100001000100001000000000110111000110010101010100000110001010001011101000101010101101111110001000001101011010001
010100010001100101010010001001101011010100101010010010110001111011011000110111011011000000000110111000110010101010100000110001010001011101000101010101101111110001000001101011010001
010100010001100101010010001001101011010100101010010010110001111011011001101000100001000000000110111000110010101010100000110001010001011101000101010101101111110001000001101011010001
010100010001100101010010001001101011010100101010010010110010001111000010101000011111000000000110111000110010101010100000110001010001011101000101010101101111110001000001101011010001
010100010001100101010010001001101011010100101010010010110001111011011000110011010111000000000110111000110010101010100000110001010001011101000101010101101111110001000001101011010001
010100010001100101010010001001101011010100101010010010110001111011011000110011101010001000000110111000110010101010100000110001010001011101000101010101101111110001000001101011010001
010100010001100101010010001001101011010100101010010010110001111011011000110111011111000000000110111000110010101010100000110001010001011101000101010101101111110001000001101011010001
010100010001100101010010001001101011010100101010010010110001111011011000110010101001000000000110111000110010101010100000110001010001011101000101010101101111110001000001101011010001
010100010001100101010010001001101011010100101010010010110001111100001111100000001001000000000110111000110010101010100000110001010001011101000101010101101111110001000001101011010001
010100010001100101010010001001101011010100101010010010110010010000110111110011111111000000000110111000110010101010100000110001010001011101000101010101101111110001000001101011010001
010100010001100101010010001001101011010100101010010010110001101100111011101011001001000000000110111000110010101010100000110001010001011101000101010101101111110001000001101011010001
010100010001100101010010001001101011010100101010010010110001101100011011101011001001000000000110111000110010101010100000110001010001011101000101010101101111110001000001101011010001
010100010001100101010010001001101011010100101010010010110001111100011101001111001001000000000110111000110010101010100000110001010001011101000101010101101111110001000001101011010001
010100010001100101010010001001101011010100101010010010110010001111000010101000100001000000000110111000110010101010100000110001010001011101000101010101101111110001000001101011010001
010100010001100101010010001001101011010100101010010010110001111011011000110111011110010110001011000110001000001010100000110001010001011101000101010101101111110001000001101011010001
010100010001100101010010010100100101000101111010100110011100100111110001001100100001000000000110111000110010101010100000110001010001011101000101010101101111110001000001101011010001
