000000000110000101110000011100011001111011001001001101000101111101101001111010101000010010110101111000000011110010011100101000000100100111110110001001000100100001001000101000001010
000000000110000101110000011100011001111011001001001101000101111001101001111010101000010010110101111000000011110010011100101000000100100111110110001001000100100001001000101000001010
000000000110000101110000011100011001111011001001001101000101111101101001111010101000010010110101111000000011110010011100101000000100100111110110001001000100000011100110101000001010
000000000110000101110000011100011001111011001001001101000101111101100110101010101000010010110101111000000011110010011100101000000100100111110110001001000100100001001000101000001010
000000000110000101110000011100011001111011001001001101000101111101101001111111111110110000111001000010000011110010011100101000000100100111110110001001000100100001001000101000001010
000000000110000101110000011100011001111011001001001111010101111101101001111010101000010010110101111000000011110010011100101000000100100111110110001001000100100001001000101000001010
000000000110000101110000011100011001111011001001001101000101111101000101101110101000010010110101111000000011110010011100101000000100100111110110001001000100100001001000101000001010
000000000110000101110000011100011001111011001001001101000101111101100100100011010001111110101101010000000011110010011100101000000100100111110110001001000100100001001000101000001010
000000000110000101110000011100011001111011001001001101000101000110101011111010101000010010110101111000000011110010011100101000000100100111110110001001000100100001001000101000001010
000000000110000101110000011100011001111011001001001101000101111101101001001010101000010010110101111000000011110010011100101000000100100111110110001001000100100001001000101000001010
000000000110000101110000011100011001111011001001001101000101100010111001111010101000010010110101111000000011110010011100101000000100100111110110001001000100100001001000101000001010
000000000110000101110000011100011001111011001001001101001000101011100011110010101000010010110101111000000011110010011100101000000100100111110110001001000100100001001000101000001010
000000000110000101110000011100011001111011001001001101000101111101100111010001010011101000110101111000000011110010011100101000000100100111110110001001000100100001001000101000001010
000000000110000101110000011100011001111011001001001101001110011101101001111010101000010010110101111000000011110010011100101000000100100111110110001001000100100001001000101000001010
000000000110000101110000011100011001111011001001001101000101111101101100111001100111010010110101111000000011110010011100101000000100100111110110001001000100100001001000101000001010
000110110000011101100001000011110110000100101101110101011010001101101001111010101000010010110101111000000011110010011100101000000100100111110110001001000100100001001000101000001010
