100100000101101100001000100111001001010110111100010001011011110011100110000001111100001001010110010011100001000001000000001010101111111101111010101111010001110101001010000111101010
111001101110001100000111000100000001001110011010000000111100100100010011001000111010100001010110010011100001000001000000001010101111111101111010101111010001110101001010000111101010
100100000101010000110000001011101110010011010000101011101010010011111011101000000001001100011000110100110010101110010111100101110100111101101010101111010001110101001010000111101010
100100000101101100001000100111001001010110111100010001011011110011100110000001111100001001010110010011100001000001000000001010101111111101110010101111010001110101001010000111101010
111001101110001100000111000100000111010010010011011011111111010011111011101000000001001100011000110100110010101110010111100101110100111101101010101111010001110101001010000111101010
111001101111011010001110100100011000111111101000011001101101100100000101010011011110011110100010100110001101111010110000111100101000010110110010101111010001110101001010000111101010
111001101110001100000111000100000001001110011010000000111100100100010011001000111010100001010110010011100001000001000000001010101111111101110010101111010001110101001010000111101010
111001101111011101111110111001011000111111001011111100010001000011010110101100100110111100111101000101001100011011110101100001111001010000101101101111000100010111010010000111101010
111001101110001100000111000100000001001110011010000101100100111101100010011001000001101111010010011000001110101011100001111101110010000100001100000000100111011001011001001100100001
100100000101101100001000100111001001010110111100010111101000101111011000111011101110011011101010110000110010101110010111100101110100111101101010101111010001110101001010000111101010
111001111110111101001010010010100010000000010001001011101110011000110000101100100110111100111101000101001100011011110101100001111001010000101101101111000100010111010010000111101010
111001101110011011001011000001000111011001011110100111110001011001011000000101001111010001010011000110111101011000011110010100001011011011110001000000111001101100001001100010011111
111001101110001100000111000100000001001110011010000101100100111101101111010101111001000000011000110100110010101110010111100101110100111101101010101111010001110101001010000111101010
111001101110001100000111000100000111010010010011011100111100100100010011001000111010100001010110010011100001000001000000001010101111111101111010101111010001110101001010000111101010
111001101110001100000111000100000001001110011010000101100100111101100010011001000001101100111101000101001100011011110101100001111001010000101101101111000100010111010010000111101010
111001101111011010001110100100011000111111101000011001000110101001000001110101100101001100011000110100110010101110010111100101110100111101101010101111010001110101001010000111101010
100100000101010000110000001011101110010011010000101011101010010011111011101000000001001100011000110100110010101110010111100101110100111101000001000100101001000010101001101101111101
100100000101101100001000100111001001010110111100010111101110011000110000101100100110111100111101000101001100011011110101100001111001010000101101101111000100010111010010000111101010
111001101111011101111110111001011000111111001011111100010001000011010000101100110001101100111101000101001100011011110101100001111001010000101101101111000100010111010010000111101010
111001101111011010001110100100011000111111101000011001100011110010010110110000100110111100111101000101001100011011110101100001111001010000101101101111000100010111010010000111101010
111001100000101001001001010001000000001000100101110111001100011000010110010011011110011110100010100110001101111010110000111100101000010110110010101111010001110101001010000111101010
100100000101101100001000100111001001010110111100010111101001111101110100000000100110001100011010011001010111001011110010111010011111010010010010101111010001110101001010000111101010
111001101110001100000111000100000111010010010011011010001001001111000101100101100000010100111101000101001100011011110101100001111001010000101101101111000100010111010010000111101010
100100000101010000110000001011101110010011010000101011101010010011111011101000000001001100011000110100110010101110010111100101110100111101100001000100101001000010101001101101111101
111001101111011010001110100100011000111111001011111100010001000011010110101100100110111100111101000101001100011011110101100001111001010000101101101111000100010111010010000111101010
111001101110001100000111000100000001001110011010000000111100100100010011001000111111111001110011100010011111110100100010001110100010010011100001000100101001000010101001101101111101
111001101110001100000111000100000001001110011010000000111100110001110001010000000100000010101100000101000111001011001100001101111111001011000100100101011110100111111011100110110110
111001101110001100000111000100000111010010010011011011111111010011111011101000000001001100011000110100110010101110010111100101110100111101000001000100101001000010101001101101111101
111001101111011101111110111001011000111111001011111100011111101010010111010000000100000010101100000101000111001011001100001101111111001011000100100101011110100111111011100110110110
111001101110001010000001000000011000111111001011111100010001000011010110101100100110111100111101000101001100011011110101100001111001010000101101101111000100010111010010000111101010
111001101111011010001110100100011000111111101000011101001001111101110100000000100110001100011010011001010111001011110010111010011111010010010010101111010001110101001010000111101010
111001101111011101111110111001011000111111001011111100010001000011011011100000101001101111000101100011101001011110101010100001010010101010100001000100101001000010101001101101111101
