010101101110110000100001000101110001101110010101111110010010010101110001100011101111010001010001101010010110110000010100100111000110010110010110101111100100110101000000110000000001
001010110001100000100001000101110001101110010101111110010010010101110001100011101111010001010001101010010110110000010100100111000110010110010110101111100100110101000000110000000001
011101110000110000111000111101110001101110010101111110010010010101110001100011101111010001010001101010010110110000010100100111000110010110010110101111100100110101000000110000000001
011001101110110000100001000101110001101110010101111110010010010101110001100011101111010001010001101010010110110000010100100111000110010110010110101111100100110101000000110000000001
010100001110110000100001000101110001101110010101111110010010010101110001100011101111010001010001101010010110110000010100100111000110010110010110101111100100110101000000110000000001
001101011101110000100001000101110001101110010101111110010010010101110001100011101111010001010001101010010110110000010100100111000110010110010110101111100100110101000000110000000001
001101010110110000100001000101110001101110010101111110010010010101110001100011101111010001010001101010010110110000010100100111000110010110010110101111100100110101000000110000000001
010010001110110000100001000101110001101110010101111110010010010101110001100011101111010001010001101010010110110000010100100111000110010110010110101111100100110101000000110000000001
001101101110110000100001000101110001101110010101111110010010010101110001100011101111010001010001101010010110110000010100100111000110010110010110101111100100110101000000110000000001
001101011110010001000001000101110001101110010101111110010010010101110001100011101111010001010001101010010110110000010100100111000110010110010110101111100100110101000000110000000001
011111101110110000100001000101110001101110010101111110010010010101110001100011101111010001010001101010010110110000010100100111000110010110010110101111100100110101000000110000000001
011010110101110000100001000101110001101110010101111110010010010101110001100011101111010001010001101010010110110000010100100111000110010110010110101111100100110101000000110000000001
011001001110110000100001000101110001101110010101111110010010010101110001100011101111010001010001101010010110110000010100100111000110010110010110101111100100110101000000110000000001
011101101110110000100001000101110001101110010101111110010010010101110001100011101111010001010001101010010110110000010100100111000110010110010110101111100100110101000000110000000001
010101101110110000100001000101110001101110010101111110010010010101110001100011101111010001010001101010010110110000010100100111000110010110010110101110000001001100110010010010010001
010101101110110000100001000101110001101110010101111110010010010101110001100011101111010001010001101010010110110000010100100111000110010110010110101101110010011100100010010110001001
