011001110101101100001000000001011011010010100101010000000010100000000000011000001010111001010001101110001101001011000110011000001111110000111001010100001101100000111110001001101100
100010110101111111101010101111000011010010100101010000000010100000000000011000001010111001010001101110001101001011000110011000001111110000111001010100001101100000111110001001101100
111110111010101111111100010100011111101110100101010000000010100000000000011000001010111001010001101110001101001011000110011000001111110000111001010100001101100000111110001001101100
100001111111000111001101101101011001001110100101010000000010100000000000011000001010111001010001101110001101001011000110011000001111110000111001010100001101100000111110001001101100
100001111111000111001101101101011001000000000001110000000010100000000000011000001010111001010001101110001101001011000110011000001111110000111001010100001101100000111110001001101100
000101100100110110000111001001011011111110100101010000000010100000000000011000001010111001010001101110001101001011000110011000001111110000111001010100001101100000111110001001101100
011111000110011011000111100110001100001110100101010000000010100000000000011000001010111001010001101110001101001011000110011000001111110000111001010100001101100000111110001001101100
100001111111000111001101101101011001000000001101010000000010100000000000011000001010111001010001101110001101001011000110011000001111110000111001010100001101100000111110001001101100
100010011100101000010110110100110100111010100101010000000010100000000000011000001010111001010001101110001101001011000110011000001111110000111001010100001101100000111110001001101100
100001111111000111001101101101011001000000001001000100000010100000000000011000001010111001010001101110001101001011000110011000001111110000111001010100001101100000111110001001101100
100110001000110111010110111110100001000110100101010000000010100000000000011000001010111001010001101110001101001011000110011000001111110000111001010100001101100000111110001001101100
100110001000110100011011110010000101011010100101010000000010100000000000011000001010111001010001101110001101001011000110011000001111110000111001010100001101100000111110001001101100
100001111111000111001101101101011001000000000101010000000010100000000000011000001010111001010001101110001101001011000110011000001111110000111001010100001101100000111110001001101100
100001111111000111001101101101011001000001010011011010001001000000111100011000001010111001010001101110001101001011000110011000001111110000111001010100001101100000111110001001101100
011011000101111010101000010100010101011110100101010000000010100000000000011000001010111001010001101110001101001011000110011000001111110000111001010100001101100000111110001001101100
100001111111000111001101101101011001000000000000011001001010100000000000011000001010111001010001101110001101001011000110011000001111110000111001010100001101100000111110001001101100
