011101000100110010111100100111111110010110110001100100000111100101111011011010011010101101100000110111000110001010100000010110010000011111100110100011011011111001110111100010000001
011101000100110010111100100111111110010110110001100100011000110101111011011010011010101101100000110111000110001010100000010110010000011111100110100011011011111001110111100010000001
011101000100110010111100100111111110010110110001100001000000101101111011011010011010101101100000110111000110001010100000010110010000011111100110100011011011111001110111100010000001
011101000100110010111100100111111110010110110001100000000111100101111011011010011010101101100000110111000110001010100000010110010000011111100110100011011011111001110111100010000001
011101000100110010111100100111111110010110110001100001000000010011111011011010011010101101100000110111000110001010100000010110010000011111100110100011011011111001110111100010000001
011101000100110010111100100111111110010110110001101010000111100101111011011010011010101101100000110111000110001010100000010110010000011111100110100011011011111001110111100010000001
011101000100110010111100100111111110111101110101010000000001100101111011011010011010101101100000110111000110001010100000010110010000011111100110100011011011111001110111100010000001
011101000100110010111100100111111110010110110001101011100100010101111011011010011010101101100000110111000110001010100000010110010000011111100110100011011011111001110111100010000001
011101000100110010111100100111111110010110110001100100000111110000011001000010011010101101100000110111000110001010100000010110010000011111100110100011011011111001110111100010000001
011101000100110010111100100111111110010110110001100001001100110101111011011010011010101101100000110111000110001010100000010110010000011111100110100011011011111001110111100010000001
011101000100110010111100100111111110010110110001100000111100011000011001000010011010101101100000110111000110001010100000010110010000011111100110100011011011111001110111100010000001
011101000100110010111100100111111110010110110001101011100100000000011001000010011010101101100000110111000110001010100000010110010000011111100110100011011011111001110111100010000001
011101000100110010111100100111111110010110110001100100000110001111111011011010011010101101100000110111000110001010100000010110010000011111100110100011011011111001110111100010000001
011101000100110010111100100111111110010110110001100100011000110101111000100010011010101101100000110111000110001010100000010110010000011111100110100011011011111001110111100010000001
011101000100110010111100100111111110010110110001100100000001100101111011011010011010101101100000110111000110001010100000010110010000011111100110100011011011111001110111100010000001
011101000100110010111100100111111110010110110001100100000101100111111011011010011010101101100000110111000110001010100000010110010000011111100110100011011011111001110111100010000001
011101000100110010111100100111111110010100011110010011011011000101111011011010011010101101100000110111000110001010100000010110010000011111100110100011011011111001110111100010000001
011101000100110010111100100111111110010110110001100100001011010101111011011010011010101101100000110111000110001010100000010110010000011111100110100011011011111001110111100010000001
011101000100110010111100100111111110010110110001100001001101001000000001100100111010101101100000110111000110001010100000010110010000011111100110100011011011111001110111100010000001
011101000100110010111100100111111110010110110011001000000111100101111011011010011010101101100000110111000110001010100000010110010000011111100110100011011011111001110111100010000001
011101000100110010111100100111111110010110110001100101111101100111111011011010011010101101100000110111000110001010100000010110010000011111100110100011011011111001110111100010000001
011101000100110010111100100111111110010110110001100000111100001101111011011010011010101101100000110111000110001010100000010110010000011111100110100011011011111001110111100010000001
011101000100110010111100100111111110110110011011110100000111100101111011011010011010101101100000110111000110001010100000010110010000011111100110100011011011111001110111100010000001
011101000100110010111100100111111110010110110001101011011000110101111011011010011010101101100000110111000110001010100000010110010000011111100110100011011011111001110111100010000001
011101000100110010111100100111111110010110110011001101010011000101111011011010011010101101100000110111000110001010100000010110010000011111100110100011011011111001110111100010000001
011101000100110010111100100111111110010110110001100001000000101101111000100010011010101101100000110111000110001010100000010110010000011111100110100011011011111001110111100010000001
011101000100110010111100100111111110010110110001100000100101100101111011011010011010101101100000110111000110001010100000010110010000011111100110100011011011111001110111100010000001
011101000100110010111100100111111110010110110001100000111011000101111011011010011010101101100000110111000110001010100000010110010000011111100110100011011011111001110111100010000001
011101000100110010111100100110010011111100111111110000100111100101111011011010011010101101100000110111000110001010100000010110010000011111100110100011011011111001110111100010000001
011101000100110010111100100111111110010110110001101011100100011111101111000100011010101101100000110111000110001010100000010110010000011111100110100011011011111001110111100010000001
011101000100110010111100100111111110010110110001101110101110010011100111010001000011110000000000101111000110001010100000010110010000011111100110100011011011111001110111100010000001
011101000100110010111100100111111110010110110001100100000111010011100111010001000011110000000000101111000110001010100000010110010000011111100110100011011011111001110111100010000001
