011001101011011111111000000110101011001101101110001010000110011011110110100111101111001111000100101011011000000010101111010110111100100101000001000000101010001011100110001001101011
011001101011011111111000000110101011001101101110001010000110011011110110100111101111001111000100101011011000000010101111010110111101111101010110011011101100111001110010101010010110
011001101011011111111000000110101011001101101110001010000110011011110110100111101111001111000100101011011000000010101111010110111100100101000001000011011101100011111000001110010110
011001101011011111111000000110101011001101101110001010000110011011110110100111101111001111000100101011011000000010101111010110111100100101000001000110101101011000000010001110010110
011001101011011111111000000110101011001101101110001010000110011011110110100111101111001111000100101011011000000010101111010110111100100101000001000011011111001111010100110111010110
011001101011011111111000000110101011001101101110001010000110011011110110100111101111001111000100101011011000000010101111010110111100100101000100110000101101011000000010001110010110
011001101011011111111000000110101011001101101110001010000110011011110110100111101111001111000100101011011000000010101111010110111100100101000001000011011100111001110010101010010110
011001101011011111111000000110101011001101101110001010000110011011110110100111101111001111000100101011011000000010101111010110111100100101000110001011101000001001100111110011101011
011001101011011111111000000110101011001101101110001010000110011011110110100111101111001111000100101011011000000010101111010110111100100101000001000011011111000111101010100110010110
011001101011011111111000000110101011001101101110001010000110011011110110100111101111001111000100101011011000000010101111010110111100100101000001000011011111000111101010011110010110
011001101011011111111000000110101011001101101110001010000110011011110110100111101111001111000100101011011000000010101111010110111101111101010110011000010010000010000011111000010110
011001101011011111111000000110101011001101101110001010000110011011110110100111101111001111000100101011011000000010101111010110111100100101000110000011101100111001110010101010010110
011001101011011111111000000110101011001101101110001010000110011011110110100111101111001111000100101011011000000010101111010110111100100101000000011101011111011111011010011110010110
011001010000010001101011100110101011001101101110001010000110011011110110100111101111001111000100101011011000000010101111010110111100100101000001000000101010001011100110001001101011
011001101011011111111000000110101011001101101110001010000110011011110110100111101111001111000100101011011000000010101111010110111100100101000001000011011101110100100101100101010110
011001101011011111111000000110101011001101101110001010000110011011110110100111101111001111000100101011011000000010101111010110111100100101000110001000010110110010100111100011010110
