110010011000000100011011001000001111010111110101001110010011010011011010110011101001000010111001100100111010111010100001101001011111101101110101110010111100010000111101000111010010
110010011000000100011011001000001111010111110101001110010011010011011010110011101001000010111001100100111010111111000011110001011111101101110101110010111100010000111101000111010010
110010011000000100011011001000001111010111110101001110010011010011011010110011101001000010111001100100111010111010100001101001101010110011100111001110111100010000111101000111010010
110010011000000100000101101000011010001111100011000110001110100001111101001110011111110011000100110001001100100100100101110001011111101101110101110010111100010000111101000111010010
110010011000000100011110010011100000001011100011000110001110100001111101001110011111110011000100110001001100100100100101110001011111101101110101110010111100010000111101000111010010
110010011000000100011011001000001111010111110101001110010011010011011010110011101001000010111001100100111010111111000111010001011111101101110101110010111100010000111101000111010010
110010011000000100011011001000001111010111110101001110010011010011011010110011101001000010111001100100111010111010111000101111110110111010111001011101111000100010001001101101000010
110010011000000100011011001000001111010111110101001110010011010011011010110011101001000010111001100100111010111111000111101101101100101111010111100000010101010001011011100001100010
110010011000000100011011001000001111010111110101001110010011010011011010110011101001000010111001100100111010111010100001101101101100101111010111100000010101010001011011100001100010
110010011000000100011011001000001111010111110101001110010011010011011010110011101001000010111001100100111010111010111011000000110000010100000000100000010101010001011011100001100010
110010011000000100011011001000001111010111110101001110010011010011011010110011101001000010111001100100111010111010111000101111110110111010111001011110001000100010001001101101000010
110010011001010010010100100010000000111011111010110110101011011000010000100000000110111101111111001000001010111000101000101111110110111010111001011101111000100010001001101101000010
110010011000000100011101000010100101000101001100110000101000001101000101000010011110110000111011101000001010111000101000101111110110111010111001011101111000100010001001101101000010
110010011000000100011011001000001111010111110101001110010011010011011010110011101001000010111001100100111010111111001101100001011001010001000100110101001100110010111000100001100010
110010011000000100010111010100101011111010100111001001101001101101011001110100100001011100110010011101011101010000110100101111110110111010111001011101111000100010001001101101000010
110010011000000100011011001000001111010111110101001110010011010011011010110011101001000010111001100100111010111111000111001011100110111001011010010101001100110010111000100001100010
110010011000000100011101001000010100001011001101100111101100100111010111100100110110001010001101011111001111000111110100110010111100101100010010011100010101010001011011100001100010
110010011000000100011100110100001001100010101010000110110110010010010001111110010111011010111101011111101100001000001000101111110110111010111001011101111000100010001001101101000010
110010011000000100011101001000010100001011001101100111101100100111010111100100110110001010001101011111001111000111110100110100110110111010011111101001010101010001011011100001100010
110010011000000100011100110100001001001000110000101001011001010100001100000010011110110000111011101000001010111000101000101111110110111010111001011101111000100010001001101101000010
110010011000000100011101001000010100001001001110011100111011001010101011100011000101000110101111100111100011111010011010011011011101001111110101011101111000100010001001101101000010
110010011000000100011101001000010100001110111110111001001100010100010000100000000110111101111111001000001010111000101000101111110110111010111001011101111000100010001001101101000010
110010011000000100011101001000010100001110111110111001001100010100010001110110001111010111111001111111101100001000001000101111110110111010111001011101111000100010001001101101000010
110010011000000100011011001000001111010111110101001110010011010011011010110011101001000010111001100100111010111111000111011101101100101111010111100000010101010001011011100001100010
110010011000000100011101001000010100000001011000010100100110111000001100011110110011110111010010110010010111100101111000101111110110111010111001011101111000100010001001101101000010
110010011000000100011011001000001111010111110101001110010011010011011010110011101001000010111001100100111010111111000111001000000011110110100011010000111000100010001001101101000010
110010011000000100011100110100001001011110001000111010111011111010110000101000011101011010010100110101100011010010000011011101101100101111010111100000010101010001011011100001100010
110010011000000100011100011001000011010000011110101100100110000000100100100000000110111101111111001000001010111000101000101111110110111010111001011101111000100010001001101101000010
110010011000000100011101001110001011011101001110011100111011001010101011100011000101000110101111100111100011111010011010011011011101001111110101011101111000100010001001101101000010
110010011000000100011011001000001111010111110101001110010011010011011010110011101001000010111001100100111010111111010010011111110000000110001000011001111000100010001001101101000010
110010011000000100011101001000010100001001001110011100111011001010101011100011000101000110101111100111100001000101000011010110001110101111011111001000101101010001011011100001100010
110010011000000100011101001000010100001001001110011100111011001010101011100011000101000110101111100111100001000001000011010110001110101111011111001000101101010001011011100001100010
