011001101011011111111000000110101011001101101110001010000110011011110110100111101111001111000100101011011000000010101111010110111100100101000001000000101010001011100110001001101011
011001101011011111111000000110101011001101101110001010000110011111110000000111101111001111000100101011011000000010101111010110111100100101000001000000101010001011100110001001101011
011001101011011111111000000110101011001101101110001010000110011011110110100111101111001111000100101011011000000010101111010110111100100101000001000000101010011000100110001001101011
011001101011011111111000000110101011001101101110001010000110011011110110100111101111001111000100101011011000000010101111010110111100100101000001000000101010001010100110001001101011
011001101011011111111000000110101011001101101110001010000110011011110111110001101111001111000100101011011000000010101111010110111100100101000001000000101010001011100110001001101011
011001110011011111111000000110101011001101101110001010000110011011110110100111101111001111000100101011011000000010101111010110111100100101000001000000101010001011100110001001101011
011001101011011111111000000110101011001101101110001010000110011011110110100111101111001111000100101011011000000010101111010110111100100101000001000000101010001011100110001011001011
011001100001110111111000000110101011001101101110001010000110011011110110100111101111001111000100101011011000000010101111010110111100100101000001000000101010001011100110001001101011
011001101011011111111000000110101011001101101110001010000110011011110110100111101111001111000100101011011000000010101111010110111100100101000001000000101010001010011000011001101011
011001101011011111111000000110101011001101101110001010000110011011110110100111101111001111000100101011011000000010101111010110111100100101000001000000101010001011100110001011010111
011001101011011111111000000110101011001101101110001010000110011011110110100111101111001111000100101011011000000010101111010110111100100101000001000000100011101011100110001001101011
001100111010110111111000000110101011001101101110001010000110011011110110100111101111001111000100101011011000000010101111010110111100100101000001000000101010001011100110001001101011
010101101011011111111000000110101011001101101110001010000110011011110110100111101111001111000100101011011000000010101111010110111100100101000001000000101010001011100110001001101011
011001101011011111111000000110101011001101101110001010001101111011110110100111101111001111000100101011011000000010101111010110111100100101000001000000101010001011100110001001101011
011001101011011111111000000110101011001101101110001010000110011011110110100111101111001111000100101011011000000010101111010110111100100101000001000000101010001011100100011111101011
011001101011011111111000000110101011001101101110001010001101111011110111110001101111001111000100101011011000000010101111010110111100100101000001000000101010001011100110001001101011
