111001100011010001011000010110000100111011011110011011110110101110110000001011010110010110011101101100011001111011000001001110110000011101110111111000011110110000011010110000010010
111001100011010001011000010111100010111011100111101001001000111001000111111011010110010110011101101100011001111011000001001110110000011101110111111000011110110000011010110000010010
111001100011010001011000011000001101111011011110011011110110101110110000001011010110010110011101101100011001111011000001001110110000011101110111111000011110110000011010110000010010
111001100011010001011000011000011101111011011110011011110110101110110000001011010110010110011101101100011001111011000001001110110000011101110111111000011110110000011010110000010010
111001100011010001011000011000001111000110000011101010110010100010010010110000100110111110000000111100011001111011000001001110110000011101110111111000011110110000011010110000010010
111001100011010001011000011000011010011001100100101110011111011000101001011011010110010110011101101100011001111011000001001110110000011101110111111000011110110000011010110000010010
111001100011010011000011111010111100000100111110101111001111111111001111011011010110010110011101101100011001111011000001001110110000011101110111111000011110110000011010110000010010
111001100011010001011000011010011101111011011110011011110110101110110000001011010110010110011101101100011001111011000001001110110000011101110111111000011110110000011010110000010010
111001100011010001011000010110000010010010010101101001000000101100000111111011010110010110011101101100011001111011000001001110110000011101110111111000011110110000011010110000010010
111001100011010001011000011000001111000110000011101010110010100010010010110001100000111101101001011001001011011011000001001110110000011101110111111000011110110000011010110000010010
111001100011010001011000011000001111000110000011101010110010100010010011110001100000111101101001011001001011011011000001001110110000011101110111111000011110110000011010110000010010
111001100011010001011000011000001111000110000011101010110010100010010010101111001000100100101001010101111101100101101111100111101100101001110111111000011110110000011010110000010010
111001100011010001011000011000001111000110000011101010110010100010010010110000011101010011101011110110110001101101001000101101001101100000111111111000011110110000011010110000010010
111001100011010001011000011000001111000110000011101010110010100010010010110000100110111110000000111101000000110101000100001101011100010101110111111000011110110000011010110000010010
111001100011010001011000011000001111000110000011101010110010100010010010101111001101001001110110010111101011011011101011101100110100110000111111111000011110110000011010110000010010
111001100011010001011000011000001111000110000011101010110010100010010010101111001000100100101001010101111111100000110011001111111111011001000110100101001111101100000101101100010010
