001111010110111000001101000001110110111001101100001101111001111100111000001110010100010010110001010100100011110011000101100101011000111010111010100001100010011111001000000000001000
101111010001011000001101000001110110111001101100001101111001111100111000001110010100010010110001010100100011110011000101100101011000111010111010100001100010011111001000000000001000
001111010110111000001101000001110110111001101100001101111001111100111000001110010100010010110001010101100001011101000101110111101000111010111010100001100010011111001000000000001000
101000010110100101101011011011101011011000011000001101111001111100111000001110010100010010110001010100100011110011000101100101011000111010111010100001100010011111001000000000001000
001111010110111000001100111011010111011101101100001101111001111100111000001110010100010010110001010100100011110011000101100101011000111010111010100001100010011111001000000000001000
001111010110111000001100111011010111011101101100111110110100011010001101001001001000010010110001010100100011110011000101100101011000111010111010100001100010011111001000000000001000
101000010110100101101100000101100111110010001111011101010011001001011000001110010100010010110001010100100011110011000101100101011000111010111010100001100010011111001000000000001000
101111111100100011111100000110101010111001101100001101111001111100111000001110010100010010110001010100100011110011000101100101011000111010111010100001100010011111001000000000001000
001111010110111000001101000001110110111001101100001101111001111100111000001110010100010010110001010100100011110011000101110111101000111010111010100001100010011111001000000000001000
001111010111100111110110000001110110111001101100001101111001111100111000001110010100010010110001010100100011110011000101100101011000111010111010100001100010011111001000000000001000
101110111111010001111010011100110111011000011000001101111001111100111000001110010100010010110001010100100011110011000101100101011000111010111010100001100010011111001000000000001000
101110111111010001111010011100110111011000011100001101111001111100111000001110010100010010110001010100100011110011000101100101011000111010111010100001100010011111001000000000001000
101000010110100101101100000101100111010110011001111001110001111100111000001110010100010010110001010100100011110011000101100101011000111010111010100001100010011111001000000000001000
101000010110100101110000000001110110111001101100001101111001111100111000001110010100010010110001010100100011110011000101100101011000111010111010100001100010011111001000000000001000
101000010110100101101100000101100111110010001111011101011001111100111000001110010100010010110001010100100011110011000101100101011000111010111010100001100010011111001000000000001000
001111010110111000001101000001110110111001101100001101111001111100111000001110010100010010110001010100100011110011011010110101011000111010111010100001100010011111001000000000001000
