100101010111100011110100101110011001100111010101100110100011001000100110010100010011010101000010110000111100001011001101101101000000110100001001101000111110110110010110010110010111
100101010111100011110100101100100110001001110001010110111011001000100110010100010011010101000010110000111100001011001101101101000000110100001001101000111110110110010110010110010111
100110111111000101001101011101110110101110011000000110001011001000100110010100010011010101000010110000111100001011001101101101000000110100001001101000111110110110010110010110010111
100101010111111100000100101000111100110011110111010001000000001000100110010100010011010101000010110000111100001011001101101101000000110100001001101000111110110110010110010110010111
100110110100010010111000100110111100110001011110100000100000001000100110010100010011010101000010110000111100001011001101101101000000110100001001101000111110110110010110010110010111
100101011000011001111111110101100110001001110001010110111011001000100110010100010011010101000010110000111100001011001101101101000000110100001001101000111110110110010110010110010111
100110110100010010111000100100101111010001000110100110000101010101000110010100010011010101000010110000111100001011001101101101000000110100001001101000111110110110010110010110010111
100110110000010001000001111100010100001001110001010110111011001000100110010100010011010101000010110000111100001011001101101101000000110100001001101000111110110110010110010110010111
100110110001010011011011101000110001110111010101100110100011001000100110010100010011010101000010110000111100001011001101101101000000110100001001101000111110110110010110010110010111
100110111110010000011000010100000100100010110111010001000000001000100110010100010011010101000010110000111100001011001101101101000000110100001001101000111110110110010110010110010111
110001111100011101111001010101010101000100101111110100001011001000100110010100010011010101000010110000111100001011001101101101000000110100001001101000111110110110010110010110010111
100110110100010010111000111001111110010110010011001001111101101011011000101111010001001010001000101010011101111100001000000101000001110110101001101000111110110110010110010110010111
100110110100010010111000110011110100000001100010001100000001101011101110000100011101100110111111010111001111000101101111000010101100010000001001101000111110110110010110010110010111
111110001101011101100111110111011010010110001111111111100011001000100110010100010011010101000010110000111100001011001101101101000000110100001001101000111110110110010110010110010111
101000111011110110001011010000110000111011011110010101111011001000100110010100010011010101000010110000111100001011001101101101000000110100001001101000111110110110010110010110010111
100111000001111001000000001000111101001001010010111100101011001000100110010100010011010101000010110000111100001011001101101101000000110100001001101000111110110110010110010110010111
