100100010101111001011110001100100111100110110111001101101000010010001110101000111100011011110000101010111001010001011010100101000111011001111011100010101101100010111000010111101000
100100010101111001011110001100100111100110110111001101101000010010001110101000111100011011110000101010101101000110010010011001010110000101111001110000110011011010110100101000010101
100100010101111001011110001100100111100110110111001101101000010010001110101000111100011011110000101001100101100010000010010011011011110000110101101110101011011011110011110110010101
100100010101111001011110001100100111100110110111001101101000010010001110101000111100011011110000101010111001010001011010100000110110110110100110001110110110001010010001110110010101
100100010101111001011110001100100111100110110111001101101000010010001110101000111100011011110000101010111001010001011010100101000111011001110011010110010000101101000101101000111000
100100010101111001011110001100100111100110110111001101101000010010001110101000111100011011110000101010101101000010010011000010111101110010101100011000101010001010111110110110010101
100100010101111001011110001100100111100110110111001101101000010010001110101000111100011011110000101010111001010001011010100100011010100001011101111110110011000111110010011011011011
100100010101111001011110001100100111100110110111001101101000010010001110101000111100011011110000101010110110001010101110001100001111000001111011100010101101100010111000010111101000
100100010101111001011110001100100111100110110111001101101000010010001110101000111100011011110000101010000001001001100010011100000111111001001101101110101011011011110011110110010101
100100010101111001011110001100100111100110110111001101101000010010001110101000111100011011110000101010111001010001011010100101000110000011101100011000101010001010111110110110010101
100100010101111001011110001100100111100110110111001101101000010010001110101000111100011011110000101010111001010001011010100100011011111000000100110000110000001001010001000100010101
100100010101111001011110001100100111100110110111001101101000010010001110101000111100011011110000101010101101000110010010011001110111011010111110110111010000011101101010000100010101
100100010101111001011110001100100111100110110111001101101000010010001110101000111100011011110000101010110110001010101110011011000000000111011001000100010110001010010001110110010101
100100010101111001011110001100100111100110110111001101101000010010001110101000111100011011110000101011111101001000101000100001010010110010111100110011111010011100100110011001111000
100100010101111001011110001100100111100110110111001101101000010010001110101000111100011011110000011110001010001010000000000010111000000110101011111010110001100010111000010111101000
100100010101111001011110001100100111100110110111001101101000010010001110101000111100011011110000101010101101000011101000111011011001101000100101111110100011000011011110010011000010
