110100111000111111100111111100100111001011101000010100100000001000000111110000101000010000011110111000111010110101111100111010010010111011000101000100111100011100011100001011110111
110100111000111111100111111100100111001011101000010100100000001000000111110000101000010000011110111000111010110101111100111010010010111011000101000100111100011100011100111011110111
110100111000111111100111111100100111001011101000010100100000001000000111110000101000010000011110111000111010110101111100111010010010111011000101000100111100011100011110101100110111
110100111000111111100111111100100111001011101000010100100000001000000111110000101000010000011110111000111010110101111100111010010010111011000101000100111100011100011100001010100010
110100111000111111100111111100100111001011101000010100100000001000000111110000101000010000011110111000111010110101111100111010010010111011000101000100111100011100011000101011110111
110100111000111111100111111100100111001011101000010100100000001000000111110000101000010000011110111000111010110101111100111010010010111011000101000100111100011100011100110001111111
110100111000111111100111111100100111001011101000010100100000001000000111110000101000010000011110111000111010110101111100111010010010111011000101000100111100011100011001100100100010
110100111000111111100111111100100111001011101000010100100000001000000111110000101000010000011110111000111010110101111100111010010010111011000101000100111100011101000000001011110111
110100111000111111100111111100100111001011101000010100100000001000000111110000101000010000011110111000111010110101111100111010010010111011000101000100111100011100010110110110000111
110100111000111111100111111100100111001011101000010100100000001000000111110000101000010000011110111000111010110101111100111010010010111011000101000100111100011100011010001010100010
110100111000111111100111111100100111001011101000010100100000001000000111110000101000010000011110111000111010110101111100111010010010111011000101011010111000001101011100001011110111
110100111000111111100111111100100111001011101000010100100000001000000111110000101000010000011110111000111010110101111100111010010010111011000101000100111100011100011010001101001101
110100111000111111100111111100100111001011101000010100100000001000000111110000101000010000011110111000111010110101111100111010010010111011000101000100111100011100011011000000100010
110100111000111111100111111100100111001011101000010100100000001000000111110000101000010000011110111000111010110101111100111010010010111011000101000100111100011100011000001011110111
110100111000111111100111111100100111001011101000010100100000001000000111110000101000010000011110111000111010110101111100111010010010111011000101000100111100011100011100110111000001
110100111000111111100111111100100111001011101000010100100000001000000111110000101000010000011110111000111010110101111100111010010010111011000101000100111100011100011000111011110111
