101011111000001100001100001000000000101111101110001110000010101001100010001100011101111010101111001101000011000100100010101001111010001111010001011011001000001010111101010110011001
101011111000001100001100001000000000101111101110001110000010101001100010001100011101111010101111001101000011000100100010011001111010001111010001011011001000001010111101010110011001
101011111000001100001100001000000000101111101110001110000010101001100010001100011101111010101111001101000011000100100010010111101110010001010001011011001000001010111101010110011001
101011111000001100001100001000000000101111101110001110000010101001100010001100011101111010101111001101000011000100100010000101111010001111010001011011001000001010111101010110011001
101011111000001100001100001000000000101111101110001110000010101001100010001100011101111010101111001101000011000100100010000001110100101001010001011011001000001010111101010110011001
101011111000001100001100001000000000101111101110001110000010101001100010001100011101111010101111001101000011000100100010001001111010001111010001011011001000001010111101010110011001
101011111000001100001100001000000000101111101110001110000010101001100010001100011101111010101111001101000011000100100001110011101110010001010001011011001000001010111101010110011001
101011111000001100001100001000000000101111101110001110000010101001100010001100011101111010101111001101000011000100101011101001111010001111010001011011001000001010111101010110011001
101011111000001100001100001000000000101111101110001110000010101001100010001100011101111010101111001101000011000100100010001000010100101001010001011011001000001010111101010110011001
101011111000001100001100001000000000101111101110001110000010101001100010001100011101111010101111001101000011000100100010000010011100101001010001011011001000001010111101010110011001
101011111000001100001100001000000000101111101110001110000010101001100010001100011101111010101111001101000011000100100000001001111010001111010001011011001000001010111101010110011001
101011111000001100001100001000000000101111101110001110000010101001100010001100011101111010101111001101000011000100100010000011010111001111010001011011001000001010111101010110011001
101011111000001100001100001000000000101111101110001110000010101001100010001100011101111010101111001101000011000100100010010000011100101001010001011011001000001010111101010110011001
101011111000001100001100001000000000101111101110001110000010101001100010001100011101111010101111001101000011000100100010011101011100101001010001011011001000001010111101010110011001
101011111000001100001100001000000000101111101110001110000010101001100010001100011101111010101111001101000011000100100010101110111010001111010001011011001000001010111101010110011001
101011111000001100001100001000000000101111101110001110000010101001100010001100011101111010101111001101000011000100100010000110111010001111010001011011001000001010111101010110011001
101011111000001100001100001000000000101111101110001110000010101001100010001100011101111010101111001101000011000100100010100111101110010001010001011011001000001010111101010110011001
101011111000001100001100001000000000101111101110001110000010101001100010001100011101111010101111001101000011000100100011011101111010001111010001011011001000001010111101010110011001
101011111000001100001100001000000000101111101110001110000010101001100010001100011101111010101111001101000011000100100001010111101110010001010001011011001000001010111101010110011001
101011111000001100001100001000000000101111101110001110000010101001100010001100011101111010101111001101000011000100100010001101111010001111010001011011001000001010111101010110011001
101011111000001100001100001000000000101111101110001110000010101001100010001100011101111010101111001101000011000100100001011001111010001111010001011011001000001010111101010110011001
101011111000001100001100001000000000101111101110001110000010101001100010001100011101111010101111001101000011000100100010000011110000101001010001011011001000001010111101010110011001
101011111000001100001100001000000000101111101110001110000010101001100010001100011101111010101111001101000011000100100010011010011100101001010001011011001000001010111101010110011001
101011111000001100001100001000000000101111101110001110000010101001100010001100011101111010101111001101000011100100010110101001111010001111010001011011001000001010111101010110011001
101011111000001100001100001000000000101111101110001110000010101001100010001100011101111010101111001101000011000100100010001100000011001010011101011011001000001010111101010110011001
101011111000001100001100001000000000101111101110001110000010101001100010001100011101111010101111001101000011000100100010111100101011100100110000011111111001110000000100111011100110
101011111000001100001100001000000000101111101110001110000010101001100010001100011101111010101111001101000011000100100010011001101001110011010100000101100100001010111101010110011001
101011111000001100001100001000000000101111101110001110000010101001100010001100011101111010101111001101000011000100100010000010001101001110010100000101100100001010111101010110011001
101011111000001100001100001000000000101111101110001110000010101001100010001100011101111010101111001101000011000100100010000010001101000001010100000101100100001010111101010110011001
101011111000001100001100001000000000101111101110001110000010101001100010001100011101111010101111001101000011000100100010001011010101100100101101101011001000001010111101010110011001
101011111000001100001100001000000000101111101110001110000010101001100010001100011101111010101111001101000011000100100010010000111101001001101010101010010010100110101001100001010000
101011111000001100001100001000000000101111101110001110000010101001100010001100011101111010101111001101000011000100100010001011101001110011010100000101100100001010111101010110011001
