100101110111100100010101001011001100111011011110001010100100010101100111010110000111111000001100001010001110100100010000000001101111101011101000111110111101001101111111011110100101
100101110111100100010101001011001100111011011110001111001010000101000110010110000110001000011010101011100101101101000010110011111000001011101000111110111101001101111111011110100101
100101110111100100010101001011001100111011011110001010100100010101100111010010111100110111111011111001111000100111101011011101101111101011101000111110111101001101111111011110100101
100101110111100100010101001011001100111011011110001111010111011000011000100101001011000110111000110100100111100000010111100101111111101011101000111110111101001101111111011110100101
100101110111100100010101001011001100111011011110001010100100010101100111010001110001010010011011111111011101011101000011011101101111101011101000111110111101001101111111011110100101
100101110111100100010101001011001100111011011110001111010111011000010111110001000111100110111110101111111000000011001000010100010000001011101000111110111101001101111111011110100101
100101110111100100010101001011001100111011011110001111010110011100010101111001001001100011010011000010000000011111101011011101101111101011101000111110111101001101111111011110100101
100101111111001010001101001001111001111000000111011110100111101100001100110111001000111101100100110001111000010100001011011101101111101011101000111110111101001101111111011110100101
100101110111100100010101001011000101001101110001111001110111111010101110011100100011000001001010011101100111111000000100110001011111101011101000111110111101001101111111011110100101
100101110111100100010101001011001100110111111001100000000100010001010100010110000110001000011010101011100101101101000010110011111000001011101000111110111101001101111111011110100101
111001100011101101100010000000111010110001010101110000100111110111011000011101000100011110000000000001000110100111101011011101101111101011101000111110111101001101111111011110100101
100101111111001010001101001001111001111000000111011110100111101100000011100010101100001111110000011000010100011101001000100000000011010101101000111110111101001101111111011110100101
100101110111100100000010010011000101001101110001111001110111111010101110011100100011000001001010011101100111111000000100110001011111101011101000111110111101001101111111011110100101
100101110111100100010101001011010010111100000000000001010011000111100010111010101100011010010000000011100111101111001010100001111111101011101000111110111101001101111111011110100101
100101111111001010001101001001111001111000000111011110100111101100001100110111110110100011101000100101011000111011000010010100010000001011101000111110111101001101111111011110100101
111001100011101101100010000000111010110001010101110000100111110111011010000111101010000000000000010110100110100111101011011101101111101011101000111110111101001101111111011110100101
