010000111010001101101101001110111010000100110110011101110101010101000000001100100000011110011101001101010110011010100110110111110111101111011111010111101001110101001111001000101110
010000111010001101101101001110111101110100110001101101000010111001010110011110101011000001001100100111110101000001100111001100100001110111111010111111110001011000001100111010010111
010000111010001101101101001110111010000100110110011101110101010101000001001101100111011010000011100010111101100111001101110000000010100100010101101000000011101001110101100011000011
010000111010001101101101001110111101110100110001101101000010111001010110011110101011000001001100100111110101000001100111010010001110101001111000001001010011100001010001000001111111
010000111010001101101101001110111101011001011110100110110110000101011110001001001111011011010001011101001000000000011111110111110111101111011111010111101001110101001111001000101110
010000111010001101101101001110111101110100110001101100011000110010101000100101000101001100001010000001101001111111010111001100100001110111111010111111110001011000001100111010010111
010000111010001101101101001110111101110100110001101100011000110010101000100101000000100111001110101110110100110100001001011101001000000000010001000110110111000100000111001000011111
010000111010001101101101000100001011001000100101001000110010011111001001000101000101001100001010000001101001111111010111001100100001110111111010111111110001011000001100111010010111
010000111010001101101101001110111010000100110110011101110101010101000000001100100101001000101101100000111111111101001000000101111011010111001101101011001010010000000000100101011111
010000111010001101101101001110111010000100110110011101110101010101000000001100100101001000101101100000111111111101010111001100100001110111111010111111110001011000001100111010010111
010000111010001101101101001110111101110100110001101100011000000111011100010001001000101011011101110100010111001010111001101110101101111010010111011110100001000110101101100011000111
010110000011110011110000110011100010011001101001001010001110010111010001100011100110001100001010000001101001111111010111001100100001110111111010111111110001011000001100111010010111
010000111010001101101101001110111101110100110001101101000010111001010110011110101011000001001100100111110101000001100111000100010010010101011001001111101100001001110101100011000011
010000111010001101101101001110111101110100110001101101000010111001010110011110101011000001001100100111110101000100111111110111110111101111011111010111101001110101001111001000101110
010000111010001101101101001110111101011001011110100110110110000101011110001001001111011011010001011101001000000000011111010110100111110100000001110001001000011010101111001111010100
010000111010001101101101001110111010000100110110011101110101000001110011100110000000100111001110101110110100110100001001011101001000000000010001000110110111000100000111001000011111
010000111010001101101101001110111010000100110110011101110101010101000001001101100111011010000011100010111101100111001101110000000010100100010101101000000011010100110101100011000011
010000111010001101101011010101100010011001101001001010001110010111010001100011100110001100001010000001101001111111010111001100100001110111111010111111110001011000001100111010010111
010000111010001101101101001110111101011001011110100110110110000101011110001001001111011011010001011101001000000000011111010110100111110100000001110001001000011010101101100011000111
010000111010001101101101001110111101110100110001101101000010111001010110011110101011000001001100100111110101000001100101011100100100001010100001011111101100001001110101100011000011
010000111010001101101101001110111101011001011110100111100000010010001110110011000110000101000000110100111111101011100110010000111011111101011111111011111001010110101111001111010100
010000111010001110110010111011111101100110010110000000110111101100100110110100110011011010000011100010111101100111001101110000000010100100010101101000000011101001110101100011000011
010000111010001101101101001110111010000100110110011101110101010101000000001100100000011110011010010011101100011111001110111001011000000100100010111100101101001101110111001111010000
010000111010001101101101001110111010000011101000101000100010000010011011000101000000001100101101100101000000110101100001011101001000000000010001000110110111000100000111001000011111
010000111010001101101101001110111101011001011110100111100000010010001110110011000110000101000000110100111111101011100110001010111101111110100100100100101001110101001111001000101110
010000111010001101101101001110111010000100110110011101110101010101000000001100100101001100001010000001101001111111010111001100100001110111111010111111110001011000001100111010010111
010000111010001101101101001110111101011001011110100110101100011000100100110111100110001100001010000001101001111111010111001100100001110111111010111111110001011000001100111010010111
010000111010001101101101001110111101011001011110100110101100010000110111011100010011100111010111011010011010000100101101110000000010100100010101101000000011101001110101100011000011
010000111010001101101101000100011001110100011010101010110110000101011110001001001111011011010001011101001000000000011111110111110111101111011111010111101001110101001111001000101110
010110000011110011110000110011100010011001101001001010001110010111010001100011100110001100001010000001101001111111010111001100100001110111111010111111010101011101010001000001111111
010110000011110011110000110011100010011001101001001010001110010111010001100011100110001100001010000001101001111111010111001100100001110111111010111111110001011000001110010110000100
101110101011001101110011010010101001101010000011110001101010001111010100010010100001010110000010011001001111101100100011110111110111101111011111010111101001110101001111001000101110
