011011010010001110001100000100011010000111010111000010001110000110100110101010110110111101000100010011100100010100100011101011111100111011001010110000111111010111001000111000000111
011011010010001110001100000100011010000111001010100101000110000110100110101010110110111101000100010011100100010100100011101011111100111011001010110000111111010111001000111000000111
011011010010001110001100000100011010000111010101100110101110000110100110101010110110111101000100010011100100010100100011101011111100111011001010110000111111010111001000111000000111
011011010010001110001100000100011010000111010101010100101110000110100110101010110110111101000100010011100100010100100011101011111100111011001010110000111111010111001000111000000111
011011010010001110001100000100011010000111010111000101110110100110100110101010110110111101000100010011100100010100100011101011111100111011001010110000111111010111001000111000000111
011011010010001110001100000100011010000111010101010110100110000110100110101010110110111101000100010011100100010100100011101011111100111011001010110000111111010111001000111000000111
011011010010001110001100000100011010101100001100000111011110000110100110101010110110111101000100010011100100010100100011101011111100111011001010110000111111010111001000111000000111
011011010010001110001100000100011010000111010111000011110110100110100110101010110110111101000100010011100100010100100011101011111100111011001010110000111111010111001000111000000111
011011010010001110001100000100011010000111010111111010110101010110100110101010110110111101000100010011100100010100100011101011111100111011001010110000111111010111001000111000000111
011011010010001110001100000100011010000111010111000111010110000110100110101010110110111101000100010011100100010100100011101011111100111011001010110000111111010111001000111000000111
011011010010001110001100000100011010000111010111000010001110100110100110101010110110111101000100010011100100010100100011101011111100111011001010110000111111010111001000111000000111
011011010010001110001100000100011010000111010101010111001110000110100110101010110110111101000100010011100100010100100011101011111100111011001010110000111111010111001000111000000111
011011010010001110001100000100011010000111010101010010101011111000100110101010110110111101000100010011100100010100100011101011111100111011001010110000111111010111001000111000000111
011011010010001110001100000100011010000111010111000101111011100001001000001010110110111101000100010011100100010100100011101011111100111011001010110000111111010111001000111000000111
011011010010001110001100000100011010000111010111000111010110100110100110101010110110111101000100010011100100010100100011101011111100111011001010110000111111010111001000111000000111
011011010010001110001100000100011010000111010101010011111110111111001000001010110110111101000100010011100100010100100011101011111100111011001010110000111111010111001000111000000111
011011010010001110001100000100011010000111010111000011110101100001001000001010110110111101000100010011100100010100100011101011111100111011001010110000111111010111001000111000000111
011011010010001110001100000100011010000111010101010111000010011111001000001010110110111101000100010011100100010100100011101011111100111011001010110000111111010111001000111000000111
011011010010001110001100000100011010000111001010100101001010011111001000001010110110111101000100010011100100010100100011101011111100111011001010110000111111010111001000111000000111
011011010010001110001100000100011010000111010101010010110110110011001110001010110110111101000100010011100100010100100011101011111100111011001010110000111111010111001000111000000111
011011010010001110001100000100011010000111001010100100110000011111001000001010110110111101000100010011100100010100100011101011111100111011001010110000111111010111001000111000000111
011011010010001110001100000100011010000111010111000101110110110011001110001010110110111101000100010011100100010100100011101011111100111011001010110000111111010111001000111000000111
011011010010001110001100000100011010000111010111000101111011111111001000001010110110111101000100010011100100010100100011101011111100111011001010110000111111010111001000111000000111
011011010010001110001100000100011010000111010111000101110110111000000011110110000100010111100010100100100111001011000000010101001011001000000010111000111111010111001000111000000111
011011010010001110001100000100011010000111010111000010001110111111001000001010110110111101000100010011100100010100100011101011111100111011001010110000111111010111001000111000000111
011011010010001110001100000100011010101101011000011000111011111111001000001010110110111101000100010011100100010100100011101011111100111011001010110000111111010111001000111000000111
011011010010001110001100000100011010000111010111111111101111100001001000001010110110111101000100010011100100010100100011101011111100111011001010110000111111010111001000111000000111
011011010010001110001100000100011010000111010111000010001110000110100110101010110110111101000100010011100100010100100011101011111100111011001010111000111111010111001000111000000111
011011010010001110001100000100011010000111001010100101000110000110100110101010110110111101000100010011100100010100100011101011111100111011001010111000111111010111001000111000000111
011011010010001110001100000100011010000111010101100110101110000110100110101010110110111101000100010011100100010100100011101011111100111011001010111000111111010111001000111000000111
011011010010001110001100000100011010000111010111111010110110110011001110001010110110111101000100010011100100010100100011101011111100111011001010110000111111010111001000111000000111
011011010010001110001100000100011010000111010111000101110110111000000011110110000100010111100010100100100111001011000000010101001011001000000010101000100101010111001000111000000111
