000010110101000110001000001111100011010001010010000100111110000001111110101110111101000011011110010011101001100000111010001000111101111010101011100001001000001001000100110110010000
000010110101000110001000001111100011010001010010000100111110000001111110101110111101000011011110010011101001100000111010001000111101111010101011100001001000001001000110001101011001
000010110101000110001000001111100011010001010010000100111110000001111110101110111101000011011110010011101001100000111010001000111101111010101011100001001000001001000011111000111101
000010110101000110001000001111100011010001010010000100111110000001111110101110111101000011011110010011101001100000111010001000111101111010101011100001001000001001000111111011111001
000010110101000110001000001111100011010001010010000100111110000001111110101110111101000011011110010011101001100000111010001000111101111010101011100001001000001110100000111100011001
000010110101000110001000001111100011010001010010000100111110000001111110101110111101000011011110010011101001100000111010001000111101111010101011100001001000001001000110110001011001
000010110101000110001000001111100011010001010010000100111110000001111110101110111101000011011110010011101001100000111010001000111101111010101011100001001001011001101111111011111001
000010110101000110001000001111100011010001010010000100111110000001111110101110111101000011011110010011101001100000111010001000111101111010101011100001001000001001000100110100111101
000010110101000110001000001111100011010001010010000100111110000001111110101110111101000011011110010011101001100000111010001000111101111010101011100001001000010110010011111100100001
000010110101000110001000001111100011010001010010000100111110000001111110101110111101000011011110010011101001100000111010001000111101111010101011100001001000001001000110111111111001
000010110101000110001000001111100011010001010010000100111110000001111110101110111101000011011110010011101001100000111010001000111101111010101011100001001000001001000100010100000000
000010110101000110001000001111100011010001010010000100111110000001111110101110111101000011011110010011101001100000111010001000111101111010101011100001001000001001000110011000111101
000010110101000110001000001111100011010001010010000100111110000001111110101110111101000011011110010011101001100000111010001000111101111010101011100001001000001001000011111101111001
000010110101000110001000001111100011010001010010000100111110000001111110101110111101000011011110010011101001100000111010001000111101111010101011100001001000001001000100110101000101
000010110101000110001000001111100011010001010010000100111110000001111110101110111101000011011110010011101001100000111010001000111101111010101011100001001000001001000100111101011100
000010110101000110001000001111100011010001010010000100111110000001111110101110111101000011011110010011101001100000111010001000111101111010101011100001001000001001000101001100100100
