010010111110011101111001111100000110011001111010000111011000110101100100011100101001100101101101010111101110111011001110111010100110111101111101100101110010001100101111101011110010
010010111110011101111001111100000110011001111010000111011000110101100100011110010100100101010101100100010010100111110001100110111110100110001111101000011100101110101111101011110010
010010111110011101111001111100000110011001111010000111011000110101100100110101100000000010010010001101110011010001100000110110100101101010001100110110100001101011001111101011110010
010010111110011101111001111100000110011001111010000111011000110101100100101111110010100010000010001101110011010001100000110110100101101010001100110110100001101011001111101011110010
010010111110011101111001111100000110011001111010000111011000110101100100101101001110110101001111111111101100111011111101010100010111011101000011101011101101101110101111101011110010
010010111110011101111001111100000110011001111010000111011000110101100100101111001011100110010011101011010101000100111010001000100011011110000010100001100100101110101111101011110010
010010111110011101111001111100000110011001100100100110111010010001110101101100101111100001100101010011011111111011010010110000011111001100100000110001100100101110101111101011110010
010010111110011101111001111100000110011001111010000111011000110101100100101111001111100001100101010011011111111011010010110000011111001100100000110001100100101110101111101011110010
010010111110011101111001111100000110011001100100100110111010010001110101101110101110101111010010000001000111011101000000110000111110110101101111101000011100101110101111101011110010
010010111110011101111001111100000110011001111010000111011000110101100100011110010100100101010101100100010010100111110001100110111110101001100000100001010010001100101111101011110010
010010111110011101111001111100000110011001111010000111011000110101010000101110111010010011010101001010001100000100010011101000111100101100001101101010001000111100101111101011110010
010010111110011101111001111100000110011001111010000111011000110101100100111111000110110110010010001101110011010001100000110110100101101010001100110110100001101011001111101011110010
010010111110011101111001111100000110011001111010111101111000101101100000101000110111000110100110010110110101011110111011101100111011101010011011110100101110101110101111101011110010
010010111110011101111001111100000110011001111010000111011000110101100100011110010100100101010101100100010010100111110001100110111110100110000001111011101101101110101111101011110010
010010111110011101111001111100000110011001111010000111011000110101100100011110010100100101010101100100010010100111110001100110111110100110001111100110101100101110101111101011110010
010010111110011101111001111100000110011001100100100110111010010001110101100101001011000110100000100111011010100110010111010001000111001101000000000011000110011110101111101011110010
