010011101101110001100100110000111110001011111111000000010111100110000101100100011001100111001111100110001000001110101100101110011001011011000110110000011001010000000101101000100111
010011101101110001100100110000111110001011111111000000010111100110000101100100011001100111001111100110001000001110110100001101110101101101010111011001101101000111110101010000011101
010011101101110001100100110000111110001011111111000000010111100110000101100100011000001011101010010111100000011011101110010010100000001010001110110000011001010000000101101000100111
010011101101110001100100110000111110001011111111000000010111100110000101100100011001100111001000000000110000010010100110111011100110011101111010110000011001010000000101101000100111
010011101101110001100100110000111110001011111111000000010111100110000101100100011001100111001000000000110000010010101100101110011001011011000110110000011001010000000101101000100111
010011101101110001100100110000111110001011111111000000010111100110000101100100011001100111001111100110001000001110110100001101110101101101010111010001011001011100000111101111110100
010011101101110001100100110000111110001011111111000000010111100110000101100100011000001011101010010111100000011011101110101101001110111100010000101000000011110111110101010000011101
010011101101110001100100110000111110001011111111000000010111100110000101100100011001100111001000000000110000010001100111101011101010001011010110101000110101010111110101010000011101
010011101101110001100100110000111110001011111111000000010111100110000101100100011000001011101010010111100000011011101110101010001010110010000111011001101101000111110101010000011101
010011101101110001100100110000111110001011111111000000010111100110000101100100011001100111011001011000011111001100110100111011010111100001011111011001101101000111110101010000011101
010011101101110001100100110000111110001011111111000000010111100110000101100100011001100111011001011000011111011010110111001010110110111100111011000111111100111010011010010101011010
010011101101110001100100110000111110001011111111000000010111100110000101100100011001100111001111100110001000001110110100011000000001000010101110001000001010011010001000101101011101
010011101101110001100100110000111110001011111111000000010111100110000101100100011001100111001000000000110000010000011001110110101000100001011111111100111100000000010101010000011101
010011101101110001100100110000111110001011111111000000010111100110000101100100011001100101001110001100100100101100110100111011010111100001011111011001101101000111110101010000011101
010011101101110001100100110000111110001011111111000000010111100110000101100100011000001011101010000000011000100100011001110110101000100001011111111100111100000000010101010000011101
010011101101110001100100110000111110001011111111000000010111100110000101100100011001100101001110001100100100101100110111011001101010010010111011010110101111100100001101010000011101
