001110001000101000011010010110001110010000100110111101010010000100110011010110111010010100111111011010110110111001111010100101110111100000001110100000001101011011000001100100101110
001110001000101000011010010110001110111011100010001101010010000100110011010110111010010100111111011010110110111001111010100101110111100000001110100000001101011011000001100100101110
001110001000101000011010010110001110010000100110111100000010000100110011010110111010010100111111011010110110111001111010100101110111100000001110100000001101011011000001100100101110
001110001000101000011010010110001110010000100110111100010010000100110011010110111010010100111111011010110110111001111010100101110111100000001110100000001101011011000001100100101110
001110001000101000011010010110001110010000100110000110010010000100110011010110111010010100111111011010110110111001111010100101110111100000001110100000001101011011000001100100101110
001110001000101000011010010110001110010000100110111010010010000100110011010110111010010100111111011010110110111001111010100101110111100000001110100000001101011011000001100100101110
001110001000101000011010010110001110010000100110111101010010000100110011010110111010010100111111011010110110111001111010100101110111100000001110100000001101011011000001100100100111
001110001000101000011010010110001110010000100110111100100111101111100101111011100000100001010100001100011011100011001111001110100001001101010100010101100110001101101110100110011111
001110001000101000011010010110001110010000100110111101010010000100110011010110111010010100111111011010110110111001111010100101110111100000001110100000001101010110101101011111111111
001110001000101000011010010110001110010000100110111000000010000100110011010110111010010100111111011010110110111001111010100101110111100000001110100000001101011011000001100100101110
001110001000101000011010010110001110010010101111000000010010000100110011010110111010010100111111011010110110111001111010100101110111100000001110100000001101011011000001100100101110
001110001000101000011010010110001110010000100110111101010010000100110011010110111010010100111111011010110110111001111010100101110111100000001110100000001101011011000011111001110010
001110001000101000011010010110001110110000101010100111010010000100110011010110111010010100111111011010110110111001111010100101110111100000001110100000001101011011000001100100101110
001110001000101000011000001011001101101101010100111010010010000100110011010110111010010100111111011010110110111001111010100101110111100000001110100000001101011011000001100100101110
001110001000101000011011100000110111010010001110001101010010000100110011010110111010010100111111011010110110111001111010100101110111100000001110100000001101011011000001100100101110
001110001000101000011010010110001110010000100100010101010010000100110011010110111010010100111111011010110110111001111010100101110111100000001110100000001101011011000001100100101110
001110001000101000011010010110001110010000100110111101010010000100110011010110111010010100111111011010110110111001111010100101110111100000001110101010111100010111100110110110101111
001110001000101000011010010110001110111011100010001101010010000100110011010110111010010100111111011010110110111001111010100101110111100000001110100000001101011011000001100100100111
001110001000101000011010010110001110111011100010001100010010000100110011010110111010010100111111011010110110111001111010100101110111100000001110100000001101011011000001100100101110
001110001000101000011010010110001110010000100110111001010010000100110011010110111010010100111111011010110110111001111010100101110111100000001110100000001101011011000001100100101110
001110001000101000011010010110001110010000100110111101010010000100110011010110111010010100111111011010110110111001111010100101110111100000001110100000001101011011000001100100101111
001110001000101000011010010110001110111011100010110110010010000100110011010110111010010100111111011010110110111001111010100101110111100000001110100000001101011011000001100100101110
001110001000101000011000001011001101101101010100111101010010000100110011010110111010010100111111011010110110111001111010100101110111100000001110100000001101011011000001100100101110
001110001000101000011010010110001110111011100010001100000010000100110011010110111010010100111111011010110110111001111010100101110111100000001110100000001101011011000001100100101110
001110001000101000011010010110001110010000100110111110010010000100110011010110111010010100111111011010110110111001111010100101110111100000001110100000001101011011000001100100101110
001110001000101000011010010110001110111011100010001101010010000100110011010110111010010100111111011010110110111001111010100101110111100000001110100000001101010110101101011111111111
001110001000101000011010010110010010000000001100011100000010000100110011010110111010010100111111011010110110111001111010100101110111100000001110100000001101011011000001100100101110
001110001000101000011010010110001110111011100010001100100111101111100101111011100000100001010100001100011011100011001111001110100001001101010100010101100110001101101110100110011111
001110001000101000011111111000011111011001011101001101010010000100110011010110111010010100111111011010110110111001111010100101110111100000001110100000001101011011000001100100101110
001110001000101000011010010110001110010000100110111101010010000100110011010110111010010100111111011010110110111001111010100101110111100000001110100000001101011011000011001000111101
001110001000101000011010010110001110111011100010001101010010000100110011010110111010010100111111011010110110111001111010100101110111100000001110100000001101011011000011111001110010
001110001000101000011010010110001110010000100110111101010010000100110011010110111010010100111111011010110110111001111010100101110111100000001110100000010100010111100110110110101111
