011111001010111100010010111100110001111000111101100111110101001100000111110110111011100011111001011010101011100011111101100111110111101010111101000010001101110010111100000111001011
110001101111101111010010111100110001111000111101100111110101001100000111110110111011100011111001011010101011100011111101100111110111101010111101000010001101110010111100000111001011
110001101011001000010010111100110001111000111101100111110101001100000111110110111011100011111001011010101011100011111101100111110111101010111101000010001101110010111100000111001011
100111110011101110010010111100110001111000111101100111110101001100000111110110111011100011111001011010101011100011111101100111110111101010111101000010001101110010111100000111001011
110001101111101111010010100111000001111000111101100111110101001100000111110110111011100011111001011010101011100011111101100111110111101010111101000010001101110010111100000111001011
110001101111101111010010100011100111000001011101100111110101001100000111110110111011100011111001011010101011100011111101100111110111101010111101000010001101110010111100000111001011
110010000000011000010010111100110001111000111101100111110101001100000111110110111011100011111001011010101011100011111101100111110111101010111101000010001101110010111100000111001011
001010101000100100010010111100110001111000111101100111110101001100000111110110111011100011111001011010101011100011111101100111110111101010111101000010001101110010111100000111001011
011111001010111100010010111100110001001000111101100111110101001100000111110110111011100011111001011010101011100011111101100111110111101010111101000010001101110010111100000111001011
110001101111101111010010100011101010100000111101100111110101001100000111110110111011100011111001011010101011100011111101100111110111101010111101000010001101110010111100000111001011
100001101111100111001100011001110001111000111101100111110101001100000111110110111011100011111001011010101011100011111101100111110111101010111101000010001101110010111100000111001011
110001101111101111010010100011100011100000111101100111110101001100000111110110111011100011111001011010101011100011111101100111110111101010111101000010001101110010111100000111001011
110001101111101111010010100011011000001000111101100111110101001100000111110110111011100011111001011010101011100011111101100111110111101010111101000010001101110010111100000111001011
011111001010111100010011001010110010100000111101100111110101001100000111110110111011100011111001011010101011100011111101100111110111101010111101000010001101110010111100000111001011
110001101111101111010010100000110001001000111101100111110101001100000111110110111011100011111001011010101011100011111101100111110111101010111101000010001101110010111100000111001011
011111001010111100010010111100110001111000111101100111110101001100000111110110111011100011111001011010101011100011111100011101100011110100111101000010001101110010111100000111001011
100001000111010010001000010110000001111000111101100111110101001100000111110110111011100011111001011010101011100011111101100111110111101010111101000010001101110010111100000111001011
011101001000011001010100100000110001001000111101100111110101001100000111110110111011100011111001011010101011100011111101100111110111101010111101000010001101110010111100000111001011
011111001010111100010011001010110010101100111101100111110101001100000111110110111011100011111001011010101011100011111101100111110111101010111101000010001101110010111100000111001011
011111001010111100010010111100110001111000111101100111110101001100000111110110111011100011111001011010101011100011111101100111110111101010111101000010001101110011011001010001110110
110001101111101110011011011100110001111000111101100111110101001100000111110110111011100011111001011010101011100011111101100111110111101010111101000010001101110010111100000111001011
110000000010111100010010111100110001111000111101100111110101001100000111110110111011100011111001011010101011100011111101100111110111101010111101000010001101110010111100000111001011
100100001101110111010010111100110001111000111101100111110101001100000111110110111011100011111001011010101011100011111101100111110111101010111101000010001101110010111100000111001011
100100001101110111010000001110000001111000111101100111110101001100000111110110111011100011111001011010101011100011111101100111110111101010111101000010001101110010111100000111001011
100100011100010001001000001001011010101110010000111101000000100111010001011011100001010110010010001100000110111001001000001100100001000111100111110111100110100100010001011101111110
110010000000011000010111100100010111111000111101100111110101001100000111110110111011100011111001011010101011100011111101100111110111101010111101000010001101110010111100000111001011
100001101011001000010010111100110001111000111101100111110101001100000111110110111011100011111001011010101011100011111101100111110111101010111101000010001101110010111100000111001011
100110011110010100101110111100110001111000111101100111110101001100000111110110111011100011111001011010101011100011111101100111110111101010111101000010001101110010111100000111001011
110001101111101111010111111011000110011000111101100111110101001100000111110110111011100011111001011010101011100011111101100111110111101010111101000010001101110010111100000111001011
011111001010111100010010111100110001111000111101100111110101001100000111110110111011100011111001011010101011100011111101100111110111101000010001010101100000111000100100000000111110
101011110001001001010100100000110001001000111101100111110101001100000111110110111011100011111001011010101011100011111101100111110111101010111101000010001101110010111100000111001011
100100001101110111101011111010100100111000111101100111110101001100000111110110111011100011111001011010101011100011111101100111110111101010111101000010001101110010111100000111001011
