010001001000011101001000000100011000110001011111010101010010000001011101010001010101111001000111000110010100100100111010100110001110101111101000101110010010101100101100111111011011
011000100101001011001000000100011000110001011111010101010010000001011101010001010101111001000111000110010100100100111010100110001110101111101000101110010010101100101100111111011011
100001001000011101001000000100011000110001011111010101010010000001011101010001010101111001000111000110010100100100111010100110001110101111101000101110010010101100101100111111011011
001001001000011101001000000100011000110001011111010101010010000001011101010001010101111001000111000110010100100100111010100110001110101111101000101110010010101100101100111111011011
101111001000011101001000000100011000110001011111010101010010000001011101010001010101111001000111000110010100100100111010100110001110101111101000101110010010101100101100111111011011
010110011100011101001000000100011000110001011111010101010010000001011101010001010101111001000111000110010100100100111010100110001110101111101000101110010010101100101100111111011011
010110111001011101001000000100011000110001011111010101010010000001011101010001010101111001000111000110010100100100111010100110001110101111101000101110010010101100101100111111011011
010110100001100100000101100010000000110001011111010101010010000001011101010001010101111001000111000110010100100100111010100110001110101111101000101110010010101100101100111111011011
001010011011010010001000000100011000110001011111010101010010000001011101010001010101111001000111000110010100100100111010100110001110101111101000101110010010101100101100111111011011
010110101000011101001000000100011000110001011111010101010010000001011101010001010101111001000111000110010100100100111010100110001110101111101000101110010010101100101100111111011011
101000101000011101001000000100011000110001011111010101010010000001011101010001010101111001000111000110010100100100111010100110001110101111101000101110010010101100101100111111011011
001010011110110000010010111000011000110001011111010101010010000001011101010001010101111001000111000110010100100100111010100110001110101111101000101110010010101100101100111111011011
010111001000011101001000000100011000110001011111010101010010000001011101010001010101111001000111000110010100100100111010100110001110101111101000101110010010101100101100111111011011
010001101010011000101110111000011000110001011111010101010010000001011101010001010101111001000111000110010100100100111010100110001110101111101000101110010010101100101100111111011011
110101101111101111001000000100011000110001011111010101010010000001011101010001010101111001000111000110010100100100111010100110001110101111101000101110010010101100101100111111011011
010110100001100100000100000100011000110001011111010101010010000001011101010001010101111001000111000110010100100100111010100110001110101111101000101110010010101100101100111111011011
010110001000011101001000000100011000110001011111010101010010000001011101010001010101111001000111000110010100100100111010100110001110101111101000101110010010101100101100111111011011
010001101000011101001000000100011000110001011111010101010010000001011101010001010101111001000111000110010100100100111010100110001110101111101000101110010010101100101100111111011011
010001101010110101001000000100011000110001011111010101010010000001011101010001010101111001000111000110010100100100111010100110001110101111101000101110010010101100101100111111011011
100110101000011101001000000100011000110001011111010101010010000001011101010001010101111001000111000110010100100100111010100110001110101111101000101110010010101100101100111111011011
011000101000011101001000000100011000110001011111010101010010000001011101010001010101111001000111000110010100100100111010100110001110101111101000101110010010101100101100111111011011
010001111101100101001000000100011000110001011111010101010010000001011101010001010101111001000111000110010100100100111010100110001110101111101000101110010010101100101100111111011011
001010001010110101001000000100011000110001011111010101010010000001011101010001010101111001000111000110010100100100111010100110001110101111101000101110010010101100101100111111011011
101001001000011101001000000100011000110001011111010101010010000001011101010001010101111001000111000110010100100100111010100110001110101111101000101110010010101100101100111111011011
001010110000010110111000000100011000110001011111010101010010000001011101010001010101111001000111000110010100100100111010100110001110101111101000101110010010101100101100111111011011
010001100011011001111000000100011000110001011111010101010010000001011101010001010101111001000111000110010100100100111010100110001110101111101000101110010010101100101100111111011011
010111001010110101001000000100011000110001011111010101010010000001011101010001010101111001000111000110010100100100111010100110001110101111101000101110010010101100101100111111011011
010101001000011101001000000100011000110001011111010101010010000001011101010001010101111001000111000110010100100100111010100110001110101111101000101110010010101100101100111111011011
010110011111100110011000000100011000110001011111010101010010000001011101010001010101111001000111000110010100100100111010100110001110101111101000101110010010101100101100111111011011
010110001010110101001000000100011000110001011111010101010010000001011101010001010101111001000111000110010100100100111010100110001110101111101000101110010010101100101100111111011011
001010011110110000010010110001110011100111110010001111100111101010001011111100001111001100101100010000111001111110001111001101011000000010110010011011111001111010000001100000110110
001101000101101000001000000100011000110001011111010101010010000001011101010001010101111001000111000110010100100100111010100110001110101111101000101110010010101100101100111111011011
