001101111110101011000111011100101101111011101100001111000111111100001111001000001000001111111100001000110001111110111110001101011110010010011110101011101000100111011100111111111110
001101111110101011000111011100101101111011101100001111000111111100001111001000001000001111111100001000110001111110111110001101011110010000110110011001011010001000100110000011110110
001101111110101011000111011100101101111011101100001111000111111100001111001000001000001111111100001000110001111110111110001101011110001111111110101011101000100111011100111111111110
001101111110101011000111011100101101111011101100001111000111111100001111001000001000001111111100001000110001111110111110001101011110010000110110011001011010001000111011111000011110
001101111110101011000111011100101101111011101100001111000111111100001111001000001000001111111100001000110001111110111110001101011110010000110111101011110011111110001101010111111110
001101111110101011000111011100101101111011101100001111000111111100001111001000001000001111111100001000110001111110111110001101011110010000100111000110011011111110001101010111111110
001101111110101011000111011100101101111011101100001111000111111100001111001000001000001111111100001000110001111110111110001101011110010000110110010010111011011001001101010111111110
001101111110101011000111011100101101111011101100001111000111111100001111001000001000001111111100001000110001111110111110001101011110010010100100011110000011011010110101101110000110
001101111110101011000111011100101101111011101100001111000111111100001111001000001000001111111100001000110001111110111110001101011110010011011000111101001101110101011100111111111110
001101111110101011000111011100101101111011101100001111000111111100001111001000001000001111111100001000110001111110111110001101011110010010001110001100110001101010010011010111111110
001101111110101011000111011100101101111011101100001111000111111100001111001000001000001111111100001000110001111110111110001101011110010000011000111101001101110101011100111111111110
001101111110101011000111011100101101111011101100001111000111111100001111001000001000001111111100001000110001111110111110001101011110010000100010010010111011011001001101010111111110
001101111110101011000111011100101101111011101100001111000111111100001111001000001000001111111100001000110001111110111110001101011111000110010000111101001101110101011100111111111110
001101111110101011000111011100101101111011101100001111000111111100001111001000001000001111111100001000110001111110111110001101011110010110111000111101001101110101011100111111111110
001101111110101011000111011100101101111011101100001111000111111100001111001000001000001111111100001000110001111110111110001101011110010010001010101011101000100111011100111111111110
001101111110101011000111011100101101111011101100001111000111111100001111001000001000001111111100001000110001111110111110001101011110010000100110110011101011111110001101010111111110
001101111110101011000111011100101101111011101100001111000111111100001111001000001000001111111100001000110001111110111110001101011111000110111110000001001011111110001101010111111110
001101111110101011000111011100101101111011101100001111000111111100001111001000001000001111111100001000110001111110111110001101011110010000100010000011000111110010000101110001111110
001101111110101011000111011100101101111011101100001111000111111100001111001000001000001111111100001000110001111110111110001101011111101001000010010010111011011001001101010111111110
001101111110101011000111011100101101111011101100001111000111111100001111001000001000001111111100001000110001111110111110001101011110010000110010111101001101110101011100111111111110
001101111110101011000111011100101101111011101100001111000111111100001111001000001000001111111100001000110001111110111110001101011111000110111010101011101000100111011100111111111110
001101111110101011000111011100101101111011101100001111000111111100001111001000001000001111111100001000110001111110111110001101011110010010011110100100000011011010110101101110000110
001101111110101011000111011100101101111011101100001111000111111100001111001000001000001111111100001000110001111110111110001101011110010000110110000001001011111110001101010111111110
001101111110101011000111011100101101111011101100001111000111111100001111001000001000001111111100001000110001111110111110001101011110001101010111101011110011111110001101010111111110
001101111110101011000111011100101101111011101100001111000111111100001111001000001000001111111100001000110001111110111110001101011111101000101011000110011011111110001101010111111110
001101111110101011000111011100101101111011101100001111000111111100001111001000001000001111111100001000110001111110111110001101011111101001000111000110011011111110001101010111111110
001101111110101011000111011100101101111011101100001111000111111100001111001000001000001111111100001000110001111110111110001101011110010010011111010010111101100110011011110111111110
001101111110101011000111011100101101111011101100001111000111111100001111001000001000001111111100001000110001111110111110001101011110010000100010011101001101110101011100111111111110
001101111110101011000111011100101101111011101100110101110010010111011001100101010010111010010111011110011100100100001011100110001000111111111110101011101000100111011100111111111110
001101111110101011000111011001100001101110010001010101110010010111011001100101010010111010010111011110011100100100001011100110001000111111111110101011101000100111011100111111111110
001101111110101011000111011100101101111011101100110101110010010111011001100101010010111010010111011110011100100100001011100110001000111111000100011110000011011010110101101110000110
001101111110101011000111011001100001101110010001010101110010010111011001100101010010111010010111011110011100100100001011100110001000111111000100011110000011011010110101101110000110
