000011100100111010001111000001010100100000010010100001010111111111110001001100100110101001111101001000010110101010011101101000001010100010010010011101011110001001000001000001100000
000011100100111010001111000001010100100000010010100001010111111111110001001100100110101001111101001000010110101010011101101000001010100010011111000010110110110010010001110010110110
000011100100111010001111000001010100100000010010100001010111111111110001001100100110101001111101001000010110101010011101101000001010100010010010011010001101000100100111101001111000
000011100100111010001111000001010100100000010010100001010111111111110001001100100110101001111101001000010110101010011101101000001010100010010010011010001101000100111110000011101000
000011100100111010001111000001010100100000010010100001010111111111110001001100100110101001111101001000010110101010011101101000001010100010010011111011101001110000000010000100101000
000011100100111010001111000001010100100000010010100001010111111111110001001100100110101001111101001000010110101010011101101000001010100010010000110101000001000110010010100110011010
000011100100111010001111000001010100100000010010100001010111111111110001001100100110101001111101001000010110101010011101101000001010100010010010011101011110001001000001000111001000
000011100100111010001111000001010100100000010010100001010111111111110001001100100110101001111101001000010110101010011101101000001010100010010010011010001110110101111110010100110010
000011100100111010001111000001010100100000010010100001010111111111110001001100100110101001111101001000010110101010011101101000001010100010010010011010001100110101010110101100000011
000011100100111010001111000001010100100000010010100001010111111111110001001100100110101001111101001000010110101010011101101000001010100010010010011101011110001001000001000111010011
000011100100111010001111000001010100100000010010100001010111111111110001001100100110101001111101001000010110101010011101101000001010100010100011110100110011001011101011101011110100
000011100100111010001111000001010100100000010010100001010111111111110001001100100110101001111101001000010110101010011101101000001010100010010010011010001110110111101011101011110100
000011100100111010001111000001010100100000010010100001010111111111110001001100100110101001111101001000010110101010011101101000001010100010010010011010001011011111101100001111110110
000011100100111010001111000001010100100000010010100001010111111111110001001100100110101001111101001000010110101010011101101000001010100010010011111011101001110001110110110010110110
000011100100111010001111000001010100100000010010100001010111111111110001001100100110101001111101001000010110101010011101101000001010100010010010011010001011011100110010110010110110
000011100100111010001111000001010100100000010010100001010111111111110001001100100110101001111101001000010110101010011101101000001010100010010010011010001100111011001001010010110110
