011111001010111100010010111111010001110100100101001100101110000011101001010001110000010101100001010111110010001100010001000000100100010011011100110101011100100011011010110000011000
011111001010111100010010111111011111111011000000011011000001101011101001010001110000010101100001010111110010001100010001000000100100010011011100110101011100100011011010110000011000
011111001010111100010010111000010001101111110011110110011011001100010110001110100101100010100011110100111110111000101011001011011100001011100001110110100001000011011010110000011000
011111001010111100010010110011101100110110111000001111010110010010001111011010010111100001000011110010000110110010010101101010111010010110011010110101000001011111011101010100010100
011111001010111100010010111111000000100110110000001011000001101011101001010001110000010101100001010111110010001100010001000000100100010011011100110101011100100011011010110000011000
011111001010111100010010111000000001001001010110011011000001101011101001010001110000010101100001010111110010001100010001000000100100010011011100110101011100100011011010110000011000
011111001010111100010010111111000001010010000001111101110000001000100100100010110100010001000010010101111111101111011101100001101101110111000100001011100000000100100010101010100010
011111001010111100010010111000010001101111110011001011110010001001000111010010110001010001111010011111011100010101100101101110000101110000111011010000101100001001010011001110001110
011111001010111100010010111111000000100110110010100100010010000100100001010001110000010101100001010111110010001100010001000000100100010011011100110101011100100011011010110000011000
011111001010111100010010111000010001111110001011001101100110001011000111010010110001010001111010011111011100010101100101101110000101110000111011010000101100001001010011001110001110
011111001010111100010010111111000000100110110000001110111011111011101001010001110000010101100001010111110010001100010001000000100100010011011100110101011100100011011010110000011000
011111001010111100010010111111000000100110110000001110110110101001000111010010110001010001111010011111011100010101100101101110000101110000111011010000101100001001010011001110001110
011111001010111100010010111111010001110100100101001101100110001011000111010010110001010001111010011111011100010101100101101110000101110000111011010000101100001001010011001110001110
011111001010111100010010111111010110011100010111101101100110001011000111010010110001010001111010011111011100010101100101101110000101110000111011010000101100001001010011001110001110
011111001010111100010010111100100110110000001011100110001111110001001101101100101010011110100011110010000110110010010101101010111010010110011010110101000001011111011101010100010100
011111001010111100010010110010000011111010110011011011000001101011101001010001110000010101100001010111110010001100010001000000100100010011011100110101011100100011011010110000011000
