000101111010100101001110110110111111010001100011000110010001000001110000000000000110101111001110010111010001011010101100101110110101101000101000110110110100111101100000000110010011
000101111010100101001110110110111111010001100011000110010001000001110001001011110111100111001011101000101101010110010111011010110100010100011011011010011110110000000011001001110010
000101111010100101001110110110111111010001100011000110010001000001110000000000000110101111001110010111010001011010101100101110110101101000101000110110110100111101100000000011100000
000101111010100101001110110110111111010001100011000110010001000001110000000000000110101111001110010111010001011010101100101110110101101000101000110110110100011011010011101010100000
000101111010100101001110110110111111010001100011000110010001000001110000000000000110101111001110010111010001011010101100101110110101101000101000101111100100001001011011011001100010
000101111010100101001110110110111111010001100011000110010001000001110000000000000110101111001110010111010001011010101100101110110101101000101000110100110010110010011101111011000101
000101111010100101001110110110111111010001100011000110010001000001110000000000000110101111001110010111010001011010101100101110110101101000101000110110110100111101100000000110111100
000101111010100101001110110110111111010001100011000110010001000001110000000000000110100010111111110100110010010010001111001100000100001010110011000011011111010101100010000001110010
000101111010100101001110110110111111010001100011000110010001000001110000000000000110101111001110010111010001011010101100101110110101101000101000110100110010111101001101011001010000
000101111010100101001110110110111111010001100011000110010001000001110000000000000110101111001110010111010001011010101100101110110101101000101000110111000001010111110001111100101010
000101111010100101001110110110111111010001100011000110010001000001110000000000000110101111001110010111010001011010101100101110110101101000101000110100110010111101001101000100101100
000101111010100101001110110110111111010001100011000110010001000001110000000000000110101111001110010111010001011010101100101110110101101000101000110111000001010110110011100110111100
000101111010100101001110110110111111010001100011000110010001000001110000000000000110101111001110010111010001011010101100101110110101101000101000110110110100111101100010010101110000
000101111010100101001110110110111111010001100011000110010001000001110001001011110111100111001011101000101101010110010111011010110100010100011011011010011110110000000001100111010000
000101111010100101001110110110111111010001100011000110010001000001110000000000000110101111001110010111010001011010101100101110110101101000101000110100110010111101001101000111001010
000101111010100101001110110110111111010001100011000110010001000001110000000000000110101111001110010111010001011010101100101110110101101001000111110001000110111000000100110100110011
