010010010110010011011000010101110110010111010011011011111111110000001110000110100000110101000010001101010001101011111111011100111001100010011011011101011001100001101010100011011010
010101111000111001011000010101110110010111010011011011111111110000001110000110100000110101000010001101010001101011111111011100111001100010011011011101011001100001101010100011011010
010010010110010011011000010101110110010111010011011011111111110000001110000110100000110101000010001101010001101011111111011100111001100010011011011111110000111011110010101000011010
010010010110010011011000010101110110010111010011011011111111110000001110000110100000110101000010001101010001101011111111011100111001100010011011011111110000111011110010101000011000
010101111000111001011000010101110110010111010011011011111111110000001110000110100000110101000010001101010001101011111111011100111001100010011011011111110000111011110010101000011010
010101111000111001011000010101110110010111010011011011111111110000001110000110100000110101000010001101010001101011111111011100111001100010011011011111110000111011110010101000011000
010101111000111001011000010101110110010111010011011011111111110000001110000110100000110101000010001101010001101011111111011100111001100010011011011111110000111011110010101000000010
010101111000111001011000010101110110010111010011011011111111110000001110000110100000110101000010001101010001101011111111011100111001100010011011011111110000111011110010101101101000
010101111000111001011000010101110110010111010011011011111111110000001110000110100000110101000010001101010001101011111111011100111001100010011011011101011001100011110101011111111000
010101111000111001011000010101110110010111010011011011111111110000001110000110100000110101000010001101010001101011111111011100111001100010011011011111110010110100100110100100111000
010101111000111001011000010101110110010111010011011011111111110000001110000110100000110101000010001101010001101011111111011100111001100010011011011111110000111011110010110111011010
010101111000111001011000010101110110010111010011011011111111110000001110000110100000110101000010001101010001101011111111011100111001100010011011011101011001100011110101011010001010
010101111000111001011000010101110110010111010011011011111111110000001110000110100000110101000010001101010001101011111111011100111001100010011011011101011001110001000011010111001010
010101111000111001011000010101110110010111010011011011111111110000001110000110100000110101000010001101010001101011111111011100111001100010011011011111110000111011110010000011011010
010101111000111001011000010101110110010111010011011011111111110000001110000110100000110101000010001101010001101011111111011100111001100010011011011101011001100001101000000010101000
010101111000111001011000010101110110010111010011011011111111110000001110000110100000110101000010001101010001101011111111011100111001100010011011011101011001100011110101011010110000
