101001010101011000101100010100101101100011011110101111111000001100011001101010111101011001110011101101011010101101100010100101011110011011000100011111000100001011000100001111110001
101001010101011000101100010100101101100011011110101111111000001100011001101010111101011001110011101101011010101101100010100101011110011011000100011111000011101011000100001111110001
101001010101011000101100010100101010001001011000111111111000001100011001101010111101011001110011101101011010101101100010100101011110011011000100011111000100001011000100001111110001
101001010101011000101100010100101101110100110110111111111000001100011001101010111101011001110011101101011010101101100010100101011110011011000100011111000100001011000100001111110001
101001010101011000101100010100101101011010011010011111111000001100011001101010111101011001110011101101011010101101100010100101011110011011000100011111000100001011000100001111110001
101001010101011000101100010100101101011101110011011111111000001100011001101010111101011001110011101101011010101101100010100101011110011011000100011111000100001011000100001111110001
101001010101011000101100010100101010001001011000111111111000001100011001101010111101011001110011101101011010101101100010100101011110011011000100011111000011101011000100001111110001
101001010101011000101100010000100111111110011010011111111000001100011001101010111101011001110011101101011010101101100010100101011110011011000100011111000100001011000100001111110001
101001010101011000101100010100101101100011011110101111111000001100011001101010111101011001110011101101011010101101100010100101011110011011000100011111000011101011011010100111101000
101001010101011000101100010100101101100011011110101111111000001100011001101010111101011001110011101101011010101101100010100101011110011011000100011111000011010101111111011001011101
101001010101011000101100010110110001001011011110111111111000001100011001101010111101011001110011101101011010101101100010100101011110011011000100011111000100001011000100001111110001
101001010101011000101100010100101101100011011110101111111000001100011001101010111101011001110011101101011010101101100010100101011110011011000100011111000011101000111010100111101000
101001010101011000101100010100101101100010000110111111111000001100011001101010111101011001110011101101011010101101100010100101011110011011000100011111000100001011000100001111110001
101001010101011000101100010100110111101001011000111111111000001100011001101010111101011001110011101101011010101101100010100101011110011011000100011111000100001011000100001111110001
101001010101011000101100010100101011011001110110111111111000001100011001101010111101011001110011101101011010101101100010100101011110011011000100011111000100001011000100001111110001
101001010101011000101100010110100111011001000110111111111000001100011001101010111101011001110011101101011010101101100010100101011110011011000100011111000100001011000100001111110001
