000100000011111111101111011000101100001011011100101100101111001011111000101110100110011100010010000100010011100110111001110011100010000101100111010101101110111111100110111011111101
000100000011111111101111011000101100001011011100101100101111001011111000101110100110011100010010000100010011100110111001100000111010111110000001000110110101100100000110011010011101
000100000011111111101111011000101100001011011100101100101111001011111000101110100110011100010010000100000101001101011110001011101001000101100111010101101110111111100110111011111101
000100000011111111101111011000101100001011011100101100101111001011111000101110100110011100010010000100010011100110111001100000110001110101100111010101101110111111100110111011111101
000100000011111111101111011000101100001011011100101100101111001011111000101110100110011100010010000100010011100110111001101111110010000101100111010101101110111111100110111011111101
000100000011111111101111011000101100001011011100101100101111001011111000101110100110011100010010000100010011100110111001110111110010000101100111010101101110111111100110111011111101
000100000011111111101111011000101100001011011100101100101111001011111000101110100110011100010010000100010011100000111000111010100010111110000001000110110101100100000110011010011101
000100000011111111101111011000101100001011011100101100101111001011111000101110100110011100010010000100010011100110111001110011001001000101100111010101101110111111100110111011111101
000100000011111111101111011000101100001011011100101100101111001011111000101110100110011100010010000100010011100110111001100001000110011111100001110101101110111111100110111011111101
000100000011111111101111011000101100001011011100101100101111001011111000101110100110011100010010000100010011100110111001110110000110000101100111010101101110111111100110111011111101
000100000011111111101111011000101100001011011100101100101111001011111000101110100110011100010010000100010011100110111001100100100011101101110101010110101110101110011101001100011101
000100000011111111101111011000101100001011011100101100101111001011111000101110100110011100010010000100010011100110111001100011101010111110000001000110110101100100000110011010011101
000100000011111111101111011000101100001011011100101100101111001011111000101110100110011100010010000100010011100110111001100001001010111110000001000110110101100100000110011010011101
000100000011111111101111011000101100001011011100101100101111001011111000101110100110011100010010000100010011101101000000100101001010111110000001000110110101100100000110011010011101
000100000011111111101111011000101100001011011100101100101111001011111000101110100110011100010010000100010011100110111001100011101110111110000001000110110101100100000110011010011101
000100000011111111101111011000101100001011011100101100101111001011111000101110100110011100010010000100000101001101011110001011101010000101100111010101101110111111100110111011111101
