001111011011101010100100101010010111010100010101001000101011010101110101011111000101111110111101011110101001011011101011001100011011100111110100011011111100001011011000101111110110
011010111001110010100100101010010111010100010101001000101011010101110101011111000101111110111101011110101001011011101011001100011011100111110100011011111100001011011000101111110110
001111111010010111110100101010010111010100010101001000101011010101110101011111000101111110111101011110101001011011101011001100011011100111110100011011111100001011011000101111110110
001111011011101010100100101010010111010100010101001000101011010101110101011111000101110100001100010010101001011011101011001100011011100111110100011011111100001011011000101111110110
001111011011101010100100101010010111010100010101001000100011010101110101011111000101111110111101011110101001011011101011001100011011100111110100011011111100001011011000101111110110
001111011011101010100100101010010111010100010101001000101011010101110101011111000101111110111101011110101001011011101011001100011011100111110100011011111100001011011000101010101010
001111111010011101101001010010010110110100010101001000101011010101110101011111000101111110111101011110101001011011101011001100011011100111110100011011111100001011011000101111110110
001111111010011101101001010010010111010100010101001000101011010101110101011111000101111110111101011110101001011011101011001100011011100111110100011011111100001011011000101111110110
001111011011101010100100101010010111010100010101001000101011010101110101011111000101111110111101011110101001011011101011001100011011100111110100011011111100001011011000101111101010
001111011011101010100100101010010111010100010101001000101011010101110101011111000101111110111101011110101001011011101011001100011011100111110100011011101001101001000000110010101010
001111011011101010100100101010010111010100010101001000101011010101110101011111000101111110111101011110101001011011101011001100011011100111110100011011101001101001000000101111110110
001111011011101010100100011010000000010100010101001000101011010101110101011111000101111110111101011110101001011011101011001100011011100111110100011011111100001011011000101111110110
001111011011101010100100101010010110110100010101001000101011010101110101011111000101111110111101011110101001011011101011001100011011100111110100011011111100001011011000101111110110
001111011011101010100100101010010111010100010101001000101011010101110101011111000101111110111101011110101001011011101011001100011011100111110100011011111100001011001110100110101010
001111011011101010100100101010010111010100010101001000101011010101110101011111000101111110111101011110101001011011101011001100011011100111110100011011111100001011011010000011100101
001111011011101010100100101010010111010100010101001000101011010101110101011111000001111110111101011110101001011011101011001100011011100111110100011011111100001011011000101111110110
001111011011101010100100101010010111010100010101001000101011010101110101011111000101111110111101011110101001011011101011001100011011100111110100011011111100001011011001101001101010
001111011011101010100100101010010111010100010101001000101011010101110101011111000101111110111101011110101001011011101011001100011011100111110100010011111100001011011000101111110110
001111011011101010100100101010010111010100010101001000101011010101110101011111000101111110111101011110101001011011101011001100011011100111110100011011000010000110110110110100101010
001111011011101010100100101010010111010100010101001000101011010101110101011111000101111110111101011110101001011011101011001100011011100111110100011011111100001011011010000011111010
001111011011101010100100101010010111010100010101001000101011010101110101011111000101111110111101011110101001011011101011001100011011100111110100011011101001101001000000101101111110
001111011011101010100100101010010111010100010101001000101011010101110101011111000101111110111101011110101001011011101011001100011011100111110100011011111100001011011000101101111110
001111011011101010100100101010010111010100010101001000101011010101110101011110101000011110111101011110101001011011101011001100011011100111110100011011111100001011011000101111110110
010000110001110100111000101010010111010100010101001000101011010101110101011111000101111110111101011110101001011011101011001100011011100111110100011011111100001011011000101111110110
001111011011101010100100101010010111010100010101001000101011010101110101011111000101111110111101011110101001011011101011001100011011100111110100011011111100001011011000101111001010
001111011011101010100100101010010111010100010101001000101011010101110101011111000101111110111101011110101001011011101011001100011011100111110100011011111100001011011000101110101010
001111011011101010100100101010010111010100010101001000101011010101110101011111000101111110101000111100110001011011101011001100011011100111110100011011111100001011011000101111110110
101110100011101010100100101010010111010100010101001000101011010101110101011111000101111110111101011110101001011011101011001100011011100111110100011011111100001011011000101111110110
001111011011101010100100101010010111010100010101001000101011010101110101011111000101111110111101011110101001011011101011001100011011100111110100011011111100001011011000101111111010
001111011011101010100100100000100110011000010101001000101011010101110101011111000101111110111101011110101001011011101011001100011011100111110100011011111100001011011000101111110110
001111011011101010100100101010010111010100010101001000101011010101110101011111000101111110111101011110101001011011101011001100011011100111110100011011111100001010011000101111110110
001111011011101010100100101010010111010100010101001000101011010101110101011111000101111110111101011110101001011011101011001100011011100111110100011011111100001011011000101110000010
