111110110000110000011111111010010010010000111110111100010001011001100000000000111100010000110011110111111010101000000110101000100101001000001010101001010011101100110111001010001111
111110110000110000011111111010010010010000001010011000010001011001100000000000111100010000110011110111111010101000000110101000100101001000001010101001010011101100110111001010001111
111110110000101101011001000101011100101000001010011000010001011001100000000000111100010000110011110111111010101000000110101000100101001000001010101001010011101100110111001010001111
101000010001010101011000000010111010010000001010011000010001011001100000000000111100010000110011110111111010101000000110101000100101001000001010101001010011101100110111001010001111
010110100110110011010000111100100111101111011010011000010001011001100000000000111100010000110011110111111010101000000110101000100101001000001010101001010011101100110111001010001111
111110111000010110010010101001011111000000001010011000010001011001100000000000111100010000110011110111111010101000000110101000100101001000001010101001010011101100110111001010001111
111110110000101101011010001000100011010000001010011000010001011001100000000000111100010000110011110111111010101000000110101000100101001000001010101001010011101100110111001010001111
101000010001010101011000000010111010010000111110111100010001011001100000000000111100010000110011110111111010101000000110101000100101001000001010101001010011101100110111001010001111
101101101010100010101101010010100101000000111110111100010001011001100000000000111100010000110011110111111010101000000110101000100101001000001010101001010011101100110111001010001111
111000110111110010000011010110001011100000111110111100010001011001100000000000111100010000110011110111111010101000000110101000100101001000001010101001010011101100110111001010001111
111110110000101101011000000000110100010000111110111100010001011001100000000000111100010000110011110111111010101000000110101000100101001000001010101001010011101100110111001010001111
101001000001000001100111111001000000010000001010011000010001011001100000000000111100010000110011110111111010101000000110101000100101001000001010101001010011101100110111001010001111
111110010001100000010011011010111000010000111110111100010001011001100000000000111100010000110011110111111010101000000110101000100101001000001010101001010011101100110111001010001111
111000110111110000110111110000010000101100001010010010000011110110100010100100011111100011111101001010000010010011000100010011011011100100011011110001101101010111111000010101110101
111000110111110000110001110001101110110100001111000110110000100101001010001011111110000000110011110111111010101000000110101000100101001000001010101001010011101100110111001010001111
111000110111110000110111110000010000001100001111000110110000100101001010001011111110000000110011110111111010101000000110101000100101001000001010101001010011101100110111001010001111
