001100100110011001011010111010010011001001110011011011010111000000011101111011111110111101000001000101000111000101110010100101000110110000011110111101000010111101111100001111100001
100001101001111000111000110001100100111001101101101011100000001110111101111111011110100000100010100011100010111001010010100011011000011010011110111101000010111101111100001111100001
100001101001111000111000110001100100111001101101101011100000001110111101111111011110100000100010100011100010111001010010100011011000001111011110111101000010111101111100001111100001
100001101000101101100001100001110111101110000111001101010111000000011101111011111110111101000001000101000111000101110010100101000110110000011110111101000010111101111100001111100001
100001101001111000111000110001100100111001101101101011100000001110111101111111011110100000100010100011100010111001010010100011011000001111011010101111100001000100111111101111100001
100001101001111000111010001101100100011001100110010011010111000000011101111011111110111101000001000101000111000101110010100101000110110000011110111101000010111101111100001111100001
100001101001100110100011100111010110001001010000110001001111000000011101111011111110111101000001000101000111000101110010100101000110110000011110111101000010111101111100001111100001
100001101001111000001000001100010000011011101101101011100000001110111101111111011110100000100010100011100010111001010010100011011000011010011110111101000010111101111100001111100001
100001101001111000111010001101010010000100001101101011100000001110111101111111011110100000100010100011100010111001010010100011011000011010011110111101000010111101111100001111100001
100001100100011011011110100111001000100000011110100000101001010000100010101011111110111101000001000101000111000101110010100101000110110000011110111101000010111101111100001111100001
001100100110011001011010111010010011001001110011011011010111000000011101111011111110111101000001000101000111000101110010100101000110110010001110111101000010111101111100001111100001
100001101001100110100011100111001110010110000110010011010111000000011101111011111110111101000001000101000111000101110010100101000110110000011110111101000010111101111100001111100001
100001101000110100010001110001100011001001110011011011010111000000011101111011111110111101000001000101000111000101110010100101000110110000011110111101000010111101111100001111100001
100001101001111000111000110001100100111001101101101011100000001110111101111111011110100000100010100011100010111001010010100011011001000110101110111101000010111101111100001111100001
100001101001111000001000001100010000011011101101101011100000001110111101111111011110100000100010100011100010111001010010100011011000001111011110111101000010111101111100001111100001
100001101001010101110011101011000100101000011000100111100000001110111101111111011110100000100010100011100010111001010010100011011000011010011110111101000010111101111100001111100001
