011011111100110111101100101111111101001000100110010101001111100111100101101111101010111110101000010111001010010010000111010011100110110011010011100010100100011011000001111100000010
010010101111010101100110111101111001101100101001001001111111011011111011110100010111101001011110000101001011101011001101100010000111101000000110101000100100011011000001111100000010
011001110010010111101100101111111101001000100110010101001111100111100101101111101010111110101000010111001010010010000111010011100110110011010011100010100100011011000001111100000010
011011111100110111101110111100110110010100100100111111101101111101111010001011110100101111000010100101110101110100000001100101101101101110010110101000100100011011000001111100000010
011001011101010111101100101111111101001000100110010101001111100111100101101111101010111110101000010111001010010010000111010011100110110011010011100010100100011011000001111100000010
011011111100110111101100101111111101001000100110010101001111100111100101101111101010111110101000010111001010010010000111010011100110110011010011110111101010011011000001111100000010
010011100011010111101100101111111101001000100110010101001111100111100101101111101010111110101000010111001010010010000111010011100110110011010011100010100100011011000001111100000010
010011100111011110100110111101111001101100101001001001111111011011111011110100010111101001011110000101001011101011001101100010000111101000000110101000100100011011000001111100000010
010010101111010100001010001111011010001110100000001010000100000111111110101000011000111100011001100001111011001101101001001111101101101110010110101000100100011011000001111100000010
010010101111011100011111011101111001101100101001001001111111011011111011110100010111101001011110000101001011101011001101100010000111101000000110101000100100011011000001111100000010
010010000001000001110010110001111011010000101010001101100110010101100101101111101010111110101000010111001010010010000111010011100110110011010011100010100100011011000001111100000010
010010000001000011000001110001111101001000100110010101001111100111100101101111101010111110101000010111001010010010000111010011100110110011010011100010100100011011000001111100000010
010010101111010101000110111101111001101100101001001001111111011011111011110100010111101001011110000101001011101011001101100010000111101000000110101000100100011011000001111100000010
010010101111010101100110111101111001101100101001001001001111111111100101101111101010111110101000010111001010010010000111010011100110110011010011100010100100011011000001111100000010
010010101111010101100110111101111001101100101001001001111111011011111011110100010111101001011110000101001011101011111011000001111010100101001000101110100111001011000001111100000010
011001110010010111101100101111111101001000100110010101001111100111100101101111101010111110101000010111001010010010000111010011100110110011010011110111101010011011000001111100000010
