111000100000011001101110111101100011101000101111011011011011101001111101101101100010011011001000011010001010001111110100010011000001001111110010010110011110011101011101010000100001
111000100000011001101110111101100011101000101111011011011011101001111101101101100010011011001000011010001010001111110100010011000001001111110010010101010111011000100110100101010111
111000100000011001101110111101100011101000101111011011011011101001111101101101100010011011001000011010001010001111110100010011000001001111110010011001111010010010000010100001110001
111000100000011001101110111101100011101000101111011011011011101001111101101101100010011011001000011010001010001111110100010011000001001111110010010110111010010010000010100001110001
111000100000011001101110111101100011101000101111011011011011101001111101101101100010011011001000011010001010001111110100010011000001001111110010010110011110011101011101010000100111
111000100000011001101110111101100011101000101111011011011011101001111101101101100010011011001000011010001010001111110100010011000001001111110010010101010111011000100110111101110001
111000100000011001101110111101100011101000101111011011011011101001111101101101100010011011001000011010001010001111110100010011000001001111110010010101000101111011101010011101110001
111000100000011001101110111101100011101000110001011110110110110111010011111011011011000100110110010000110100010100011111101000100110000010011111100100101100111100111010111111111001
111000100000011001101110111101100011101000101111011011011011101001111101101101100010011011001000011010001010001111110100010011000001001111110010011010010111011000100110100101010111
111000100000011001101110111101100011101000101111011011011011101001111101101101100010011011001000011010001010001111110100010011000001001111110010010101010111000010010100011101110001
111000100000011001101110111101100011101000101111011011011011101001111101101101100010011011001000011010001010001111110100010011000001001111110010011100101111011011011110011001110111
111000100000011001101110111101100011101000101111011011011011101001111101101101100010011011001000011010001010001111110100010011000001001111110010010110011110010100001101001101110001
111000100000011001101110111101100011101000101111011011011011101001111101101101100010011011001000011010001010001111110100010011000001001111110010010110011110111111001010011011111001
111000100000011001101110111101100011101000101111011011011011101001111101101101100010011011001000011010001010001111110100010011000001001111110010010000101001111010101100010100111001
111000100000011001101110111101100011101000101111011011011011101001111101101101100010011011001000011010001010001111110100010011000001001111110010010101010111011001111111111011101101
111000100000011001101110111101100011101000101111011011011011101001111101101101100010011011001000011010001010001111110100010011000001001111110010011001111010010010000010100001111001
111000100000011001101110111101100011101000101111011011011011101001111101101101100010011011001000011010001010001111110100010011000001001111110010010110011110111111001000111111111001
111000100000011001101110111101100011101000101111011011011011101001111101101101100010011011001000011010001010001111110100010011000001001111110010010110011110011101011101010010000100
111000100000011001101110111101100011101000101111011011011011101001111101101101100010011011001000011010001010001111110100010011000001001111110010011001111101010011010110011001110111
111000100000011001101110111101100011101000101111011011011011101001111101101101100010011011001000011010001010001111110100010011000001001111110010010101010111011000100110100101011100
111000100000011001101110111101100011101000110001011110110110110111010011111011011011000100110110010000110100010100011111101000100110000010011111100100101010101110110001001101110001
111000100000011001101110111101100011101000101111011011011011101001111101101101100010011011001000011010001010001111110100010011000001001111110010010110011110010110100010111111111001
111000100000011001101110111101100011101000101111011011011011101001111101101101100010011011001000011010001010001111110100010011000001001111110010010110011110010100001100110101000100
111000100000011001101110111101100011101000101111011011011011101001111101101101100010011011001000011010001010001111110100010011000001001111110010010101000101011001111111111011101101
111000100000011001101110111101100011101000101111011011011011101001111101101101100010011011001000011010001010001111110100010011000001001111110010010011100011011011001111111000101000
111000100000011001101110111101100011101000101111011011011011101001111101101101100010011011001000011010001010001111110100010011000001001111110010011001010001100110101010011101110001
111000100000011001101110111101100011101000101111011011011011101001111101101101100010011011001000011010001010001111110100010011000001001111110010010110011110110000000010101000011101
111000100000011001101110111101100011101000110010000001101110000010101011000000111000101110100011001100100111010101000001111000010111100010101000100011110101000010100001101111111001
111000100000011001101110111101100011101000101111011011011011101001111101101101100010011011001000011010001010001111110100010011000001001111110010010110111010010010000010100001111001
111000100000011001101110111101100011101000101111011011011011101001111101101101100010011011001000011010001010001111110100010011000001001111110010010110011110011101011101010111111110
111000100000011001101110111101100011101000101111011011011011101001111101101101100010011011001000011010001010001111110100010011000001001111110010001100000011101110110010010101110001
111000100000011001101110111101100011101000101111011011011011101001111101101101100010011011001000011010001010001111110100010011000001001111110010011111100110000011100000001011101101
