110011101010011000110110010001010110100000010010100011001001100100100110100001111100111110010010111011001011011111110111100111000110110001010110111110000001010100110110010101010101
110011101010011000110110010001010110100000010010100100110010110011111101000111010111101111110001011110111011100000011010001111111101000111101000001110111010001110110110010101010101
110011101010011000110110010001010110100000010010100100110010110011111101000111010111101111110001011110111011100000011010001111111101000111101000001010000001010100110110010101010101
110011101010011000110110010001010110100000010010100100110010110011111101000111010111101111110001011110111011100000011010001111111101000111101000001100000010111111000011010101010101
110011101010011000110110010001010110100000010010100010110001100100100110100001111100111110010010111011001011011111110111100111000110110001010110111110000001010100110110010101010101
110011101010011000110110010001010110100000010010100100110010110011111101000111010111101111110001011110111011100000011010001111111101000111101000001110111010111100110110010101010101
110011101010011000110110010001010110100000010010100011001001100100100110100001111100111110010010111011001011011111110111100111000110110001010110111110010100110110101110101101010101
110011101010011000110110010001010110100000010010100111101001100100100110100001111100111110010010111011001011011111110111100111000110110001010110111110000001010100110110010101010101
110011101010011000110110010001010110100000010010100100110010110011111101000111010111101111110001011110111011100000011010001111111101000111101000000101101011100111000011010101010101
110011101010011000110110010001010110100000010010100101001010010100100010010001111100111110010010111011001011011111110111100111000110110001010110111110000001010100110110010101010101
110011101010011000110110010001010110100000010010100011000111010100100010010001111100111110010010111011001011011111110111100111000110110001010110111110000001010100110110010101010101
110011101010011000110110010001010110100000010010100011001001100101100111111010001110101111011111100010111101110111000000110100011111111010001111010000010000111101000011010101010101
110011100111010100110001101100100010101101000000100101001001100101100111111010001110101111011111100010111101110111000000110100011111111010001111010000010000111101000011010101010101
110011101010011000110110010001010110100000010010100100101101001110110001010111010100011010110100110100010000101101110101011111001001010111010101100101110011010010110110010101010101
110011101010011000110110010001010110100000010010100100101101001110110001010111010100011010110100110100010000101101110101011111001001010111010101100101110001010100110110010101010101
110011100111010100110001101100100010101101000000100101001001100101100111111010001110101111011111100010111101110111000000110100011111111010001111010000011000001110100011011101010101
001010111100110101101100100100111101110110111111111110000111011000101011101010001101011010011010001000010110111010101111100100101011101010110010110010000001010100110110010101010101
110011100111010100110001101100100010101101000000100101001001100101100111111010001110101111011111100010111101110111000000110100011111111010001111010000011111011100110110010101010101
110011101010011000110110010001010110100000010010100100101101001110110001010111010100011010110100110100010000101101110101011111001001010111010101100101101001110110110011010011100101
110011100111010100110001101100100010101101000000100101001001100101100111111010001110101111011111100010111101110111000000110100011111111010001111010000011000100100000011010011100101
110011101010011000110110010001010110100000010010100011001001100101100111111010001110101111011111100010111101110111000000110100011111111010001111010000011000001110100011011101010101
110011101010011000110110010001010110100000010010100101011010111000011101100010101110101000110101101001101000100001011011101010111110010010101110101011001011100111010100010011100101
110011101010011000110110010001010110100000010010100011001001100101100111111010001110101111011111100010111101110111000000110100011111111010001111010000011111011100110110010101010101
110011100111010100110001101100100010101101000000100101001001100101100111111010001110101111011111100010111101110111000000110100011111111010001111010000010011011011110110010101010101
110011100111010100110001101100100010101101000000100101001001100101100111111010001110101111011111100010111101110111000000110100011111111010001111010000010000111101000011010011100101
110011011001111101001101100100111000100000110101101001100111010100100010010001111100111110010010111011001011011111110111100111000110110001010110111110000001010100110110010101010101
110011100111010100110001101100100010101101000000100101001001100101100111111010001110101111011111100010111101110111000000110100011111111010001111010000011000111101000011010101010101
110011100111010100110001101100100010101101000000100101001001100101100111111010001110101111011111100010111101110111000000110100011111111010001111010000011001011011110110010101010101
001010111100110101101100100100111101110110111111111110000111011000101011101010001101011010011010001000010110111010101111100100101011101010110010111001101100000111000011010101010101
001010111100110101101100100100111101110110111111111110000111011000101011101010001101011010011010001000010110111010101111100100101011101010110010110100111111111001000011010101010101
110011100111010100110001101100100010101101000000100101001001100101100111111010001110101111011111100010111101110111000000110100011111111010001111010000001110011110000000010011010101
110011011001111101001101100100111000100000110101100000000001100100100110100001111100111110010010111011001011011111110111100111000110110001010110111110000001010100110110010101010101
