101101000011010101000111001101010001010110011000111001001101010110100111100001011100100011001111101001111011001100001101110101001010010111101000110101101111110111010011010001100101
101101000011010101000111001101010001010110011000111001001101010110100111100001011100100111101001101111001001110010100110011011001111010001110001011100011011100000100011100000001001
101101000011010101000111001101010001010110011000111001001101010110100111100001011100100011111110111111110101000001010011100101111011101011110100000111010010000001101001010001100101
101101000011010101000111001101010001010110011000111001001101010110100111100001011100101000001101101011111010110111010010010101001010010111101000110101101111110111010011010001100101
101101000011010101000111001101010001010110011000111001001101010110100111100001011100101000011101001110111001001000011100100011111101011011001001100011111000111100000010100001011001
101101000011010101000111001101010001010110011000111001001101010110100111100001011100100111101001101111001001110010100110011011001111010001110001010111010110111010011011010001100101
101101000011010101000111001101010001010110011000111001001101010110100111100011011000011100111110010010010110100101101111110000010101110100101000000011010100111011000101110011100101
101101000011010101000111001101010001010110011000111001001101010110100111100001011100101110110011101001111011001100001101110101001010010111101000110101101111110111010011010001100101
101101000011010101000111001101010001010110011000111001001101010110100111100001011100101001000111000111110100011111010011110101001010010111101000110101101111110111010011010001100101
101101000011010101000111001101010001010110011000111001001101010110100111100001011100111011001111101001111011001100001101110101001010010111101000110101101111110111010011010001100101
101101000011010101000111001101010001010110011000111001001101010110100111100001011101000001001001010000001111111110111011111001000110110001011001100001010010010110000001000011100101
101101000011010101000111001101010001010110011000111001001101010110100111100001100011100011001111101001111011001100001101110101001010010111101000110101101111110111010011010001100101
101101000011010101000111001101010001010110011000111001001101010101000110100001001011100011001111101001111011001100001101110101001010010111101000110101101111110111010011010001100101
101101000011010101000111001101010001010110011000111001001101010110100111100001011100100111111110101001100100110001010101110101001010010111101000110101101111110111010011010001100101
101101000011010101000111001101010001010110011000111001001101010110100111100001100000100011001111101001111011001100001101110101001010010111101000110101101111110111010011010001100101
101101000011010101000111000101010001011110101011111101000001100011011001111000100010100011001111101001111011001100001101110101001010010111101000110101101111110111010011010001100101
