100011100110111110111011000010001110100111011011011010110111101110101111101011001111101001000011001101110001000000011001101100011010111010000000001110101001110010101101011000010100
100011100110111110111011000010001110100111011011011010110111101110101111101011001111101010110011001101110001000000011001101100011010111010000000001110101001110010101101011000010100
100011100110111110111011000010001110100111011011011010110111101110101111101011001111100001000011001101110001000000011001101100011010111010000000001110101001110010101101011000010100
100011100110111110111011000010001110100111011011011010110111101110101111101011001111101000101011001101110001000000011001101100011010111010000000001110101001110010101101011000010100
100011100110111110111011000010001110100111011011011010110111101110101111101011001111100010101011001101110001000000011001101100011010111010000000001110101001110010101101011000010100
100011100110111110111011000010001110100111011011011010110111101110101111101011001111100000000011001101110001000000011001101100011010111010000000001110101001110010101101011000010100
100011100110111110111011000010001110100111011011011010110111101110101111101011001111100011000011001101110001000000011001101100011010111010000000001110101001110010101101011000010100
100011100110111110111011000010001110100111011011011010110111101110101111101011001111000110000011001101110001000000011001101100011010111010000000001110101001110010101101011000010100
100011100110111110111011000010001110100111011011011010110111101110101111101001100011110011000011001101110001000000011001101100011010111010000000001110101001110010101101011000010100
100011100110111110111011000010001110100111011011011010110111101110101111101011001111100010110011001101110001000000011001101100011010111010000000001110101001110010101101011000010100
100011100110111110111011000010001110100111011011011010110111101110101111101011001111101001100011001101110001000000011001101100011010111010000000001110101001110010101101011000010100
100011100110111110111011000010001110100111011011011010110111101110101111101011001111100011111001011001101111000000011001101100011010111010000000001110101001110010101101011000010100
100011100110111110111011000010001110100111011011011010110111101110101111101011001111100000100011001101110001000000011001101100011010111010000000001110101001110010101101011000010100
100011100110111110111011000010001110100111011011011010110111101110101111101011001111101001100000000110000001000000011001101100011010111010000000001110101001110010101101011000010100
100011100110111110111011000010001110100111011011011010110111101110101111101011001111101011110000000110000001000000011001101100011010111010000000001110101001110010101101011000010100
100011100110111110111011000010001110100111011011011010110111101110101111101011001111101001110101011100110001000000011001101100011010111010000000001110101001110010101101011000010100
100011100110111110111011000010001110100111011011011010110111101110101111101011001111101000000000000110000001000000011001101100011010111010000000001110101001110010101101011000010100
100011100110111110111011000010001110100111011011011010110111101110101111101011001111101001000011001101110011001100111001101100011010111010000000001110101001110010101101011000010100
100011100110111110111011000010001110100111011011011010110111101110101111101011001111101001010101011101000010000000011001101100011010111010000000001110101001110010101101011000010100
100011100110111110111011000010001110100111011011011010110111101110101111101011001111101001110101011100110001100000011001101100011010111010000000001110101001110010101101011000010100
100011100110111110111011000010001110100111011011011010110111101110101111101011001111101001011100010110000110000000011001101100011010111010000000001110101001110010101101011000010100
100011100110111110111011000010001110100111011011011010110111101110101111101011001111101001000011001101110001000000011001101100011010111010000100001110101001110010101101011000010100
100011100110111110111011000010001110100111011011011010110111101110101111101011001111100011100011001101110001000000011001101100011010111010000000001110101001110010101101011000010100
100011100110111110111011000010001110100111011011011010110111101110101111101011001111100000110011001101110001000000011001101100011010111010000000001110101001110010101101011000010100
100011100110111110111011000010001110100111011011011010110111101110101111101011001111101010111001011001101111000000011001101100011010111010000000001110101001110010101101011000010100
100011100110111110111011000010001110100111011011011010110111101110101111101011001111000011000011001101110001000000011001101100011010111010000000001110101001110010101101011000010100
100011100110111110111011000010001110100111011011011010110111101110101111101011001111101011000011001101110001000000011001101100011010111010000000001110101001110010101101011000010100
100011100110111110111011000010001110100111011011011010110111101110101111101011001111001001000011001101110001000000011001101100011010111010000000001110101001110010101101011000010100
100011100110111110111011000010001110100111011011011010110111101110101111101011001111100000000000000110000001000000011001101100011010111010000000001110101001110010101101011000010100
100011100110111110111011000010001110100111011011011010110111101110101111101011001111100110000011001101110001000000011001101100011010111010000000001110101001110010101101011000010100
100011100110111110111011000010001110100111011011011010110111101110101111101011001111101010101011001101110001000000011001101100011010111010000000001110101001110010101101011000010100
100011100110111110111011000010001110100111011011011010110111101110101111101011001111101010000011001101110001000000011001101100011010111010000000001110101001110010101101011000010100
