001010000110000110111100011011111001101001011110111110010110000001111001100110010010000101000010110011111001111111000000111101111110000000110001010101001001100010001100000111110111
001010000110000110111100011011111001101001011110111110010110000001111001100110010010000101000010110011111001111111000000111101111110000000110001010101001001100010001101110110100010
001010000110000110111100011011111001101001011110111110010110000001111001100110010010000101000010001100001110110110000000111101111110000000110001010101001001100010001100000111110111
001010000110000110111100011011111001101001011110111110010110000001111001100110010010000101000100001101000111011111000000111101111110000000110001010101001001100010001100000111110111
001010000110000110111100011011111001101001011110111110010110000001111001100110010010000101000010110011111001111111000000111101111110000000110001010101001001100010001101110111110111
001010000110000110111100011011111001101001011110111110010110000001111001100110010010000101000111110101111100010100010000111101111110000000110001010101001001100010001100000111110111
001010000110000110111100011011111001101001011110111110010110000001111001100110010010001111000010110011111001111111000000111101111110000000110001010101001001100010001100000111110111
001010000110000110111100011011111001101001011110111110010110000001111001100110010010000101110010110011111001111111000000111101111110000000110001010101001001100010001100000111110111
001010000110000110111100011011111001101001011110111110010110000001111001100110010010000101101010110011111001111111000000111101111110000000110001010101001001100010001100000111110111
001010000110000110111100011011111001101001011110111110010110000001111001100110010010001001110010110011111001111111000000111101111110000000110001010101001001100010001100000111110111
001010000110000110111100011011111001101001011110111110010110000001111001100110010010000101000001111011111001111111000000111101111110000000110001010101001001100010001100000111110111
001010000110000110111100011011111001101001011110111110010110000001111001100110010010000101000010011101100110110001100110000001011111001101101110110011000011011101001001000111110111
001010000110000110111100011011111001101001011110111110010110000001111001100110010010000101000001010110000001010001100011111001011111001101101110110011000011011101001001000111110111
001010000110000110111100011011111001101001011110111110010110000001111001100110010010000101000010110001000010010000001010010110010100100100000110011000011010001010100011100111100010
001010000110000110111100011011111001101001011110111110010110000001111001100110010010000101000101011011111001111111000000111101111110000000110001010101001001100010001100000111110111
001010000110000110111100011011111001101001011110111110010110000001111001100110010010000101000010011101111000001010100011100010100001010000110001010101001001100010001100000111110111
