111111010010110100101111101101110101110000011010101000000001101100011101010011110111010100111101001110011100010001101000001110011001101011100001101100110110010000111001111001100100
111111010010110100101111101101110101110000011010101000000001101100011101010011110111010100111101001110011100010001101000001110100011100111011000001011100011110110001011100011100111
111111010010110100101111101101110101110000011010101000000001101100011101010011110111010100111101001110011100010001101000001110100011100111011000001011100011110110001011100011100010
111111010010110100101111101101110101110000011010101000000001101100011101010011110111010100111101001110011100010001101000001110011001101010011100000010110100111111000011110111101011
111111010010110100101111101101110101110000011010101000000001101100011101010011110111010100111101001110011100010001101000001110100011100111011000001011100011110110001011100011110011
111111010010110100101111101101110101110000011010101000000001101100011101010011110111010100111101001110011100010001101000001110011001101011100001101100110110010000111001111001100011
111111010010110100101111101101110101110000011010101000000001101100011101010011110111010100111101001110011100010101100111001101101110011111100000111111001100111001111100001111100111
111111010010110100101111101101110101110000011010101000000001101100011101010011110111010100111101001110011100010001101000001110100011100111011000001011100011110110001011100011101010
111111010010110100101111101101110101110000011010101000000001101100011101010011110111010100111101001110011100010001101000001001110101011101011110110001000011111101011011100110010111
111111010010110100101111101101110101110000011010101000000001101100011101010011110111010100111101001110011100010001101110100011010001010101000100000110001010101110010101010011100111
111111010010110100101111101101110101110000011010101000000001101100011101010011110111010100111101001110011100010001101000001110011001101011100001101100110110010000111001111001100111
111111010010110100101111101101110101110000011010101000000001101100011101010011110111010100111101001110011100010001101000001110100011100111011000001011100011110110001011100011110010
111111010010110100101111101101110101110000011010101000000001101100011101010011110111010100111101001110011100010001101000001110011001101100000001011100100111001110011000110001110111
111111010010110100101111101101110101110000011010101000000001101100011101010011110111010100111101001110011100010001101000101000001000000000111000111011110010101000101010101011110010
111111010010110100101111101101110101110000011010101000000001101100110011001111011111110011011011110100010101001000000100100101010010100111000111111101010110101011001010100111111011
111111010010110100101111101111001110111101000010000011100111001110000101011010101110111101011111000000110000100101010100110000110101001100011110000100110000111111101001001001011011
