101011010110110010000111000111001001000001111011101111110110001010011110000011100010101011111111110000011111001011111000101101000000010111101010101100010111011111110000100100111011
101011010110110010000111000111001001000001111011101111110110001010011110000011100010101011111111110000011111001011111000101101000000010111101010101100010000000000100000100100111011
101011010110110010000111000111001001000001111011101111110110001010011110000011100010101011111111110000011111001011111000101101000000010111101010101100010111010111110000100100111011
101011010110110010000111000111001001000001111011101111110110001010011110000011100010101011111111110000011111001011111000101101000000010111101010101100010110000011110000100100111011
101011010110110010000111000111001001000001111011101111110110001010011110000011100010101011111111110000011111001011111000101101000000010111101010101100010111011110110000100100111011
101011010110110010000111000111001001000001111011101111110110001010011110000011100010101011111111110000011111001001001011000011000010010000111000111101001110111111110000100100111011
101011010110110010000111000111001001000001111011101111110110001010011110000011100010101011111111110000011111001011111000101101000000010111010100001011110111011111110000100100111011
101011010110110010000111000111001001000001111011101111110110001010011110000011100010101011111111110000011111001011111000101101000000010111101010101100010111011011100000100100111011
101011010110110010000111000111001001000001111011101111110110001010011110000011100010101011111111110000011111001011111000101101000000010111101010101100111101110111000000100100111011
101011010110110010000111000111001001000001111011101111110110001010011110000011100010101011111111110000011111001011111000101101000000010111101010101100010111011111101110001100100010
101011010110110010000111000111001001000001111011101111110110001010011110000011100010101011111111110000011111001011111000101101000000010111101010101100010011101110000101100111101010
101011010110110010000111000111001001000001111011101111110110001010011110000011100010101011111111110000011111001011111000101101000000010111101010101100010111011110101011110101111111
101011010110110010000111000111001001000001111011101111110110001010011110000011100010101011111111110000011111001011111000101101000000010111101010101100010111010111101110001100100010
101011010110110010000111000111001001000001111011101111110110001010011110000011100010101011111111110000011111001011111000101101000000010111101010101100111101110111000000100011001010
101011010110110010000111000111001001000001111011101111110110001010011110000011100010101011111111110000011111001011111000101101000000010111101010101100010111011110100000100100111011
101011010110110010000111000111001001000001111011101111110110001010011110000011100010101011111111110000011111001011111000101101000000010111101010101100010000000000111110101100111011
