101011010001101011000011101011111011010110000110111111101111010100011101111111111111010110000000100101101100100111001111001010010101100100110111110101110000100001001000011001010010
101011010001101011000011101011111011010011010110111111101111010100011101111111111111010110000000100101101100100111001111001010010101100100110111110101110000100001001000011001010010
101011010001101011000011101011111100001100111010111111101111010100011101111111111111010110000000100101101100100111001111001010010101100100110111110101110000100001001000011001010010
101011010001101011000011101011111011011100100010111111101111010100011101111111111111010110000000100101101100100111001111001010010101100100110111110101110000100001001000011001010010
101011010001101011000011101011111011111110111010111111101111010100011101111111111111010110000000100101101100100111001111001010010101100100110111110101110000100001001000011001010010
101011010001101011000110110011011101010100011110111111101111010100011101111111111111010110000000100101101100100111001111001010010101100100110111110101110000100001001000011001010010
101011010001101011000011101011111100001101101100110100100111010100011101111111111111010110000000100101101100100111001111001010010101100100110111110101110000100001001000011001010010
101011010001101011000011101011000100100100000110111111101111010100011101111111111111010110000000100101101100100111001111001010010101100100110111110101110000100001001000011001010010
101011010001101011000011101011111011010101111110111111101111010100011101111111111111010110000000100101101100100111001111001010010101100100110111110101110000100001001000011001010010
101011010001101011000110110011011101010100000110111111101111010100011101111111111111010110000000100101101100100111001111001010010101100100110111110101110000100001001000011001010010
101011010001101011000011101011111011010101100110111111101111010100011101111111111111010110000000100101101100100111001111001010010101100100110111110101110000100001001000011001010010
101011010001101011000110110011011101010101001000111111101111010100011101111111111111010110000000100101101100100111001111001010010101100100110111110101110000100001001000011001010010
101011010001101011000011101011111011010100100110111111101111010100011101111111111111010110000000100101101100100111001111001010010101100100110111110101110000100001001000011001010010
101011010001101011000011101011111011011011100110111111101111010100011101111111111111010110000000100101101100100111001111001010010101100100110111110101110000100001001000011001010010
101011010001101011000011101011111011010100000110111111101111010100011101111111111111010110000000100101101100100111001111001010010101100100110111110101110000100001001000011001010010
101011010001101011000011101011111011011011001110111111101111010100011101111111111111010110000000100101101100100111001111001010010101100100110111110101110000100001001000011001010010
101011010001101011000011101011000100001111010010111111101111010100011101111111111111010110000000100101101100100111001111001010010101100100110111110101110000100001001000011001010010
101011010001101011000110110011011100000010000110111111101111010100011101111111111111010110000000100101101100100111001111001010010101100100110111110101110000100001001000011001010010
101011010001101011000011101101001101101011110010111111101111010100011101111111111111010110000000100101101100100111001111001010010101100100110111110101110000100001001000011001010010
101011010001101011000011101011111010110101001110111111101111010100011101111111111111010110000000100101101100100111001111001010010101100100110111110101110000100001001000011001010010
101011010001101011000110110011011101011011100110111111101111010100011101111111111111010110000000100101101100100111001111001010010101100100110111110101110000100001001000011001010010
101011010001101011000110110011011101010101001010111111101111010100011101111111111111010110000000100101101100100111001111001010010101100100110111110101110000100001001000011001010010
101011010001101011000011101011111010000010111100111111101111010100011101111111111111010110000000100101101100100111001111001010010101100100110111110101110000100001001000011001010010
101011010001101011000110110011011100000010011000111111101111010100011101111111111111010110000000100101101100100111001111001010010101100100110111110101110000100001001000011001010010
101011010001101011000011101011111000101100110110111111101111010100011101111111111111010110000000100101101100100111001111001010010101100100110111110101110000100001001000011001010010
101011010001101011000011101011111010110101001111111111101111010100011101111111111111010110000000100101101100100111001111001010010101100100110111110101110000100001001000011001010010
101011010001101011000011101011111010000010100110111111101111010100011101111111111111010110000000100101101100100111001111001010010101100100110111110101110000100001001000011001010010
101011010001101011000110110011011101010101011010111111101111010100011101111111111111010110000000100101101100100111001111001010010101100100110111110101110000100001001000011001010010
101011010001101011000110110011011101010100000001001111001111010100011101111111111111010110000000100101101100100111001111001010010101100100110111110101110000100001001000011001010010
101011010011001110001011010010101100001010100110111111101111010100011101111111111111010110000000100101101100100111001111001010010101100100110111110101110000100001001000011001010010
101011010011001110001011010010101100001010111010111111101111010100011101111111111111010110000000100101101100100111001111001010010101100100110111110101110000100001001000011001010010
101011010001101001101111111000111011000111001000111111101111010100011101111111111111010110000000100101101100100111001111001010010101100100110111110101110000100001001000011001010010
