110100011000001001001111110000110111010010001010110010001000011000011110001101000101101111000000011110100110101100101010011111110101110111110100111011001110100000000011001111101001
110100110011001101111010011111100001101110100100010100000111001011010110001000100110101111000000011110100110101100101010011111110101110111110100111011001110100000000011001111101001
110100011000001001001111110000110111010010001010110010001000011000011110001101000101101111000000011110100110101100101010011111000100010000111011000111001110100000000011001111101001
110100011001011111000010011111010100011100000001001010111011111010101100001111010010010110101100000110101010011010010101111100111011111100111100011101001110100000000011001111101001
110100011000001001001011111100001110011100100010000001100111000101100110001000100110101111000000011110100110101100101010011111110101110111110100111011001110100000000011001111101001
110100110011001101111010011111100001101110100100010100000111001011010110001000100110101111000000011110100110101100101010011111000100010000111011000111001110100000000011001111101001
110100110011001101111011100100110110011000010110001000000111001011010110001000100110101111000000011110100110101100101010011111110101110111110100111011001110100000000011001111101001
110100011001011111000000011111100001101110100100010100000111001011010110001000100110101111000000011110100110101100101010011111110101110111110100111011001110100000000011001111101001
110100110011001101111011100100110110011000010110001000000111001011010110001000100110101111000000011110100110101100101010011111000100010000111011000111001110100000000011001111101001
110100110011001101111010011111010100011100000001001010111011111010101100001111010010010110101100000110101010011010010101111100111011111100111100011101001110100000000011001111101001
110100110011001101110100011111100001101110100100010100000111001011010110001000100110101111000000011110100110101100101010011111110101110111110100111011001110100000000011001111101001
110100011001011111000000011111100001101110100100010100000111001011010110001000100110101111000000011110100110101100101010011111000100010000111011000111001110100000000011001111101001
110100011000001001001011111100001110011100100010000001100111000101100110001000100110101111000000011110100110101100101010011111000100010000111011000111001110100000000011001111101001
110100110011001101110100011111100001101110100100010100000111001011010110001000100110101111000000011110100110101100101010011111000100010000111011000111001110100000000011001111101001
110100011000001001001011101010101011001110100000100010000101110001010000001101010110111011000000011110100110101100101010011111110101110111110100111011001110100000000011001111101001
110100011000001011101101101010101011001110100000100010000101110001010000001101010110111011000000011110100110101100101010011111110101110111110100111011001110100000000011001111101001
110100110011001101111110100011010101011101010110001000000111001011010110001000100110101111000000011110100110101100101010011111110101110111110100111011001110100000000011001111101001
110100011000001011101101101010101011001110100000100010000101110001010000001101010110111011000000011110100110101100101010011111000100010000111011000111001110100000000011001111101001
100110011001100100010100011111100001101110100100010100000111001011010110001000100110101111000000011110100110101100101010011111110101110111110100111011001110100000000011001111101001
100110011001100100010100011111100001101110100100010100000111001011010110001000100110101111000000011110100110101100101010011111000100010000111011000111001110100000000011001111101001
100110011001100100011010111001011101000101110000011011110001100000110100001101000000011000000000011110100110101100101010011111110101110111110100111011001110100000000011001111101001
100110011001100100011011100100110110011000010110001000000111001011010110001000100110101111000000011110100110101100101010011111110101110111110100111011001110100000000011001111101001
100110011001100100011011100100110110011000010110001000000111001011010110001000100110101111000000011110100110101100101010011111000100010000111011000111001110100000000011001111101001
100110001101011110000100011111100001101110100100010100000111001011010110001000100110101111000000011110100110101100101010011111110101110111110100111011001110100000000011001111101001
100110001101011110000100011111100001101110100100010100000111001011010110001000100110101111000000011110100110101100101010011111000100010000111011000111001110100000000011001111101001
100110100110011010110100011111100001101110100100010100000111001011010110001000100110101111000000011110100110101100101010011111110101110111110100111011001110100000000011001111101001
100110100110011010110100011111100001101110100100010100000111001011010110001000100110101111000000011110100110101100101010011111000100010000111011000111001110100000000011001111101001
100110011001100100011010111001011101000101110000011011110001100000110100001101000000011000000000011110100110101100101010011111000100010000111011000111001110100000000011001111101001
110100011000001001001111000100000010101000101000111101100111000101100110001000100110101111000000011110100110101100101010011111110101110111110100111011001110100000000011001111101001
100110011001100100100000111000000011101001111111111111000110100101000000111100011011101111000000011110100110101100101010011111110101110111110100111011001110100000000011001111101001
110100011000001001001011101010101011001110100000100010000101110001010000001101010110111011000000011110100110101100101010011111000100010000111011000111001110100000000011001111101001
100110011001100100000110011011001001101110100000100010000101110001010000001101010110111011000000011110100110101100101010011111110101110111110100111011001110100000000011001111101001
