111000011011010110011000100000010000111111100000000100110001110100101100101010001000110010110010000010111010110100000000011101000010001000101011000101001010001010101001110000111001
111000011011010110011000100000010000111111100000000100110001110100101100101010001100100010110010000010111010110100000000011101000010001000101011000101001010001010101001110000111001
111000100001010101110110110110110000111111100000000100110001110100101100101010001000110010110010000010111010110100000000011101000010001000101011000101001010001010101001110000111001
111000011011010110011000100000010000111111100000000100110001110100101100101000100100100010110010000010111010110100000000011101000010001000101011000101001010001010101001110000111001
000110101100111011101101101001110101111111100000000100110001110100101100101010001000110010110010000010111010110100000000011101000010001000101011000101001010001010101001110000111001
101010011011010110011000100000010000111111100000000100110001110100101100101010001000110010110010000010111010110100000000011101000010001000101011000101001010001010101001110000111001
111000100001010101110110100011010000111111100000000100110001110100101100101010001000110010110010000010111010110100000000011101000010001000101011000101001010001010101001110000111001
111000011011010110011000100000010000111111100000000100110001100001001110110010100010100010110010000010111010110100000000011101000010001000101011000101001010001010101001110000111001
111000011011010110011000100000010000111111100000000100110001110100101100110010100010100010110010000010111010110100000000011101000010001000101011000101001010001010101001110000111001
111000011011010110011000100000010000111111100000000100110001110100101100101010111111111101110010000010111010110100000000011101000010001000101011000101001010001010101001110000111001
111000100001010101110110110110110000111111100000000100110001110100101100101010001100100010110010000010111010110100000000011101000010001000101011000101001010001010101001110000111001
111000011011010110011000100000010000111111100000000100110001110100101100101000100100100000110010000010111010110100000000011101000010001000101011000101001010001010101001110000111001
000110101100111011101101101001110101111111100000000100110001110100101100101010001100100010110010000010111010110100000000011101000010001000101011000101001010001010101001110000111001
000110101100111011000010010101111011101001001101011110000100011111111010000110001000110010110010000010111010110100000000011101000010001000101011000101001010001010101001110000111001
111000011011010110011000100000010000111111100000000100110001110100101100101000100000110010110010000010111010110100000000011101000010001000101011000101001010001010101001110000111001
111000011011010110011000100000010000111111100000000100110001110100101100101010001000110011110010000010111010110100000000011101000010001000101011000101001010001010101001110000111001
101010011011010110011000100000010000111111100000000100110001110100101100101010001100100010110010000010111010110100000000011101000010001000101011000101001010001010101001110000111001
111000011011010110011000100000010000111111100000000100110001110100101100101010001000110000011110000010111010110100000000011101000010001000101011000101001010001010101001110000111001
111000011011010110011000100000010000111111100000000100110001110100101100101010001000111101110010000010111010110100000000011101000010001000101011000101001010001010101001110000111001
111000100001010101110110110110110000111111100000000100110001110100101100101000100100100010110010000010111010110100000000011101000010001000101011000101001010001010101001110000111001
111000100001010101110110100011010000111111100000000100110001110100101100101010001100100010110010000010111010110100000000011101000010001000101011000101001010001010101001110000111001
111000011011010110011000100000010000111111100000000100110001110100101100101000100100100001011000000010111010110100000000011101000010001000101011000101001010001010101001110000111001
111000011011010110011000100000010000111111100000000100110001110100101100101010001000110000001011100011000100010100000000011101000010001000101011000101001010001010101001110000111001
111000011011010110011000100000010000111111100000000100110001110100101100101010001000110000010110110010111010110100000000011101000010001000101011000101001010001010101001110000111001
111000100001010110011000100000010000111111100000000100110001110100101100101010001000110010110010000010111010110100000000011101000010001000101011000101001010001010101001110000111001
111000011011010110011000100000010000111111100000000100110001110100101100101010001000110001110010000010111010110100000000011101000010001000101011000101001010001010101001110000111001
111000011011010110011000100000010000111111100000000100110001110100101100101000100100100011001000010110100100110100000000011101000010001000101011000101001010001010101001110000111001
111000011011010110011000100000010000111111100000000100110001110100101100101000100100100011001000001000111010110100000000011101000010001000101011000101001010001010101001110000111001
111000011011010110011000100000010000111111100000000100110001110100101100101010001000110000001010000010111010110100000000011101000010001000101011000101001010001010101001110000111001
111000001010010001000110110001101101111100001010000111111111101011001011010001011011100101101010000010111010110100000000011101000010001000101011000101001010001010101001110000111001
111000011011010110011000100000010000111111100000000100110001110100101100101010001000110001011000000010111010110100000000011101000010001000101011000101001010001010101001110000111001
111000011011010110011000100000010000111111100000000100110001110100101100101010001000110010110010000010111010110100000000011101000010001000101011000101001010100001101101000100111001
