100000011101000011101101001101110000000011100000010001100010100110011111100010101110110011101110100110111100101111111110011100100100101010101000100010010100010101011000000000101010
100000011101000011101101001101110000000011100000010001100010100110011111100010101110100011101110100110111100101111111110011100100100101010101000100010010100010101011000000000101010
100000011101000011101101001101110000000011100000010001100010100110011111100000000010100011101110100110111100101111111110011100100100101010101000100010010100010101011000000000101010
100000011101000011101101001101110000000011100000010001100010100110011111111111001010110011101110100110111100101111111110011100100100101010101000100010010100010101011000000000101010
100000011101000011101101001101110000000011100000010001100010100110011111100001011110110011101110100110111100101111111110011100100100101010101000100010010100010101011000000000101010
110101111111011011101101001101110000000011100000010001100010100110011111100010101110110011101110100110111100101111111110011100100100101010101000100010010100010101011000000000101010
100000011101000011101101001101110000000011100000010001100010100110011111100000000010110011101110100110111100101111111110011100100100101010101000100010010100010101011000000000101010
100000011101000011101101001101110000000011100000010001100010100110011111100011011100100011101110100110111100101111111110011100100100101010101000100010010100010101011000000000101010
100000011101000011101101001101110000000011100000010001100010100110011111111100101010100011101110100110111100101111111110011100100100101010101000100010010100010101011000000000101010
110101111111011011101101001101110000000011100000010001100010100110011111100010101110100011101110100110111100101111111110011100100100101010101000100010010100010101011000000000101010
100000011101000011101101001101110000000011100000010001100010100110011111100000000111110011101110100110111100101111111110011100100100101010101000100010010100010101011000000000101010
100000011101000011101101001101110000000011100000010001100010100110011111100010101111100011101110100110111100101111111110011100100100101010101000100010010100010101011000000000101010
100000011101000011101101001101110000000011100000010001100010100110011111100001001010110011101110100110111100101111111110011100100100101010101000100010010100010101011000000000101010
110101111111011011101101001101110000000011100000010001100010100110011111100000000010100011101110100110111100101111111110011100100100101010101000100010010100010101011000000000101010
100000011101000011101101001101110000000011100000010001100010100110011111100010011111010001001110100110111100101111111110011100100100101010101000100010010100010101011000000000101010
100000011101000011101101001101110000000011100000010001100010100110011111100000000111100011101110100110111100101111111110011100100100101010101000100010010100010101011000000000101010
100000011101000011101101001101110000000011100000010001100010100110011111100010101100100011101110100110111100101111111110011100100100101010101000100010010100010101011000000000101010
100000011101000011101101001101110000000011100000010001100010100110011111111110100110110011101110100110111100101111111110011100100100101010101000100010010100010101011000000000101010
100000011101111111101101001101110000000011100000010001100010100110011111100010101110110011101110100110111100101111111110011100100100101010101000100010010100010101011000000000101010
100000011101000011101101001101110000000011100000010001100010100110011111100010011111011011101110100110111100101111111110011100100100101010101000100010010100010101011000000000101010
100011101001010111010001001101110000000011100000010001100010100110011111100010101110110011101110100110111100101111111110011100100100101010101000100010010100010101011000000000101010
100000011101000011101101001101110000000011100000010001100010100110011111100011000110110011101110100110111100101111111110011100100100101010101000100010010100010101011000000000101010
100000011100011011001101100111110010010110100011001001011011001000000010010000111101100011101110100110111100101111111110011100100100101010101000100010010100010101011000000000101010
100000011101000011101101001101110000000011100000010001100010100110011111100001001010100011101110100110111100101111111110011100100100101010101000100010010100010101011000000000101010
100000011101000011101101001101110000000011100000010001100010100110011111101111011100010011101110100110111100101111111110011100100100101010101000100010010100010101011000000000101010
100000011101000011101101001101110000000011100000010001100010100110011111100001011110100011101110100110111100101111111110011100100100101010101000100010010100010101011000000000101010
100000011101000011101101001101110000000011100000010001100010100110011111111110100011100011101110100110111100101111111110011100100100101010101000100010010100010101011000000000101010
100000011101000011101101001101110000000011100000010001100010100110011111100010101010100011101110100110111100101111111110011100100100101010101000100010010100010101011000000000101010
100000011101000011101101001101110000000011100000010001100010100110011111100001011011110011101110100110111100101111111110011100100100101010101000100010010100010101011000000000101010
100000011101000011101101001101110000000011100000010001100010100110011110100010101110110011101110100110111100101111111110011100100100101010101000100010010100010101011000000000101010
100000011101000011101101001101110000000011100000010001100010100110011101100011011100100011101110100110111100101111111110011100100100101010101000100010010100010101011000000000101010
100000011101111111101101001101110000000011100000010001100010100110011111100010101110100011101110100110111100101111111110011100100100101010101000100010010100010101011000000000101010
