110001101110000111001010100100000011110110010111110111110110111011111101100111011000011100001001011100111000100101111111001100110100001000011110001110010101111110101010100111001011
110001101110000111001010100100000011110110010111110111110110111011100100101001110010011100001001011100111000100101111111001100110100001000011110001110010101111110101010100111001011
110001101110000111001010100100000011110110010111110111110110111011100100101001110011100100001001011100111000100101111111001100110100001000011110001110010101111110101010100111001011
110001101110000111001010100100000011110110010111110111110110111011011101010000110000011100001001011100111000100101111111001100110100001000011110001110010101111110101010100111001011
110001101110000111001010100100000011110110010111110111110110111011110101001010010001011100001001011100111000100101111111001100110100001000011110001110010101111110101010100111001011
110001101110000111001010100100000011110110010111110111110110001111010000011010100101011100001001011100111000100101111111001100110100001000011110001110010101111110101010100111001011
110001101110000111001010100100000011110110010111110111110110100110011000110111101100011100001001011100111000100101111111001100110100001000011110001110010101111110101010100111001011
110001101110000111001010100100000011110110010111110111110110111011100100101011001010011100001001011100111000100101111111001100110100001000011110001110010101111110101010100111001011
110001101110000111001010100100000011110110010111110111110110111011011101010111111100011100001001011100111000100101111111001100110100001000011110001110010101111110101010100111001011
110001101110000111001010100100000011110110010111110111110110111011011011110110110010011100001001011100111000100101111111001100110100001000011110001110010101111110101010100111001011
110001101110000111001010100100000011110110010111110111110110111100110011100011000100011100001001011100111000100101111111001100110100001000011110001110010101111110101010100111001011
110001101110000111001010100100000011110110010111110010111101111011111101100111011000011100001001011100111000100101111111001100110100001000011110001110010101111110101010100111001011
110001101110000111001010100100000011110110010111110111110110111011100100101011011100011100001001011100111000100101111111001100110100001000011110001110010101111110101010100111001011
110001101110000111001010100100000011110110010111110111110110111011111101100111011000010111101001001001100001100101111111001100110100001000011110001110010101111110101010100111001011
110001101110000111001010100100000011110110010111110111110110101100010101011000001010000000001001011100111000100101111111001100110100001000011110001110010101111110101010100111001011
110001101110000111001010100100000011110110010111110111110110101100010101011000010100011100001001011100111000100101111111001100110100001000011110001110010101111110101010100111001011
