10010101000011001001100001011010000100000000001001100010100000011111111110001100001000111110011101001000111111111101100010000001111100100100100001110001010000011010
10010101000011001001100001011010000100000000000100100101100011101000011110001100001000111110011101001000111111111101100010000001111100100100100001110001010000011010
10010101000011001001100001011010000100001111100111000011101000011111111110001100001000111110011101001000111111111101100010000001111100100100100001110001010000011010
10010101000011001001100001011010000100000000000100100100110100010011111110001100001000111110011101001000111111111101100010000001111100100100100001110001010000011010
10010101000011001001100001011010000100000000000100100110000110111100011110001100001000111110011101001000111111111101100010000001111100100100100001110001010000011010
10010101000011001001100001011010000100000000000100100101100011101000101110001100001000111110011101001000111111111101100010000001111100100100100001110001010000011010
10010101000011001001100001011010000100000000000100100100110100010111101001011100001000111110011101001000111111111101100010000001111100100100100001110001010000011010
10010101000011001001100001011010000100000000000100100101101010110100011111000001001001111100111101110010010000001111111010100000001110001101100001110001010000011010
10010101000011001001100001011010000100000000000100100100110101011000011110001100001000111110011101001000111111111101100010000001111100100100100001110001010000011010
10010101000011001001100001011010000100000000000100100100110110111100011110001100001000111110011101001000111111111101100010000001111100100100100001110001010000011010
10010101000011001001100001011010000100000000000111001011101000011111111110001100001000111110011101001000111111111101100010000001111100100100100001110001010000011010
10010101000011001001100001011010000100000000000110000001011000011111111110001100001000111110011101001000111111111101100010000001111100100100100001110001010000011010
10010101000011001001100001011010000100000000001001100010001101100111111110001100001000111110011101001000111111111101100010000001111100100100100001110001010000011010
10010101000011001001100001011010000100000000000100100101100011101000011110000001001001111100111101110010010000001111111010100000001110001101100001110001010000011010
10010101000011001001100001011010000100000000001001100010110110001111111110001100001000111110011101001000111111111101100010000001111100100100100001110001010000011010
10010101000011001001100001110011001011011111100100100110000110111100011110001100001000111110011101001000111111111101100010000001111100100100100001110001010000011010
10010101000011001001100001011010000100000000000100100100110110111100011110001100001000111110011101001000111111111101100010000001111100100100101001100111000010101110
