01001110101011100111110011110011001111110001101011110100101101001100100001010100010011101001000111100011000110010011001000100111010000101011001011001011011011010000
01001100100111011100000100100011000001011010001101000100010111110011100111001001001111011111111110100101100101100011101101010000000000101011001011001011011011010000
01001110111110010011111011100101011101010010011011001101110111000111101100000101101000000000101101110001111011100111000011011101001010001111001010000100010000100000
01001110101011100111110011110011001111110001101011110100101101001100100001010100010011101001000111111110100111101111010101000110010010011001011000111011011011010000
01001111010111111001110101110000010101000100001001101110000111100010011100100000011011111111010101000010000101100011101101010000000000101011001011001011011011010000
01001111010111111001110101110000010100010000101001000110111010101000110000110011010010000000101101110001111011100111000011011101001010001111001010000100010000100000
01001111010111111001110101110000010101000100001001101110000111100010010100110110001001000010011111100110011101010001111010110001000010011001011000111011011011010000
01001110111110010011111011100101011101010010011011001101110111000111101100000101101000000000101101110001111011100111000011010000000000101011001011001011011011010000
01001110111110010011111011100101011101010010011011001101110111000111101100000101101000000000101101110001111011100111000000110001000010011001011000111011011011010000
01001110111110010011111011100101011101010010011011001101110111000111101100000101101000000000101101110001111011100111000011011101001010001111001000001001111111011001
01001110111110010011111011100101011101010010011011001101110111000111101101111001110110000100000010111000000100011111110000110001000010011001011000111011011011010000
01001100100111011100000101101011001011111110001000000100001000000001110000110011010010000000101101110001111011100111000011011101001010001111001010000100010000100000
01001110101011100111110011001101100000011000111111010100000110010100110000110011010010000000101101110001111011100111000011011101001010001111001010000100010000100000
01001111010111111001110101110000010100010000101001000110111010101000110000110011010010000000101101110001111011100111000011011101001010001111001000001001111111011001
01001101001110110110001010110110001000011000111111010100000110010100110000110011010010000000101101110001111011100111000011011101001010001111001010000100010000100000
01001110101011100111110011001101100000011000111111010100000110010100111000100101000000111100010001101100011010011011011110110100011110101111100101001111011101010000
01010100010111111101101100001110011101111011101001011001011110111101000101111110001111100110101111010001001000100100001111001101000101100110000001011100001000000100
