11101101011010110001111110011000001011000111001011001110110001011010011111110110110101000110101101101011001011100110000110001000101100101001110101110001101111111010
11101101011010110001111110011000001011000111001011001110110001011010011111110110110101000110101101101011001011100111110001000110101100101001110101110001101111111010
01001110101010010100001100110011100011110000101010101110110001011010011111110110110101000110101101101011001011100110000110001000101100101001110101110001101111111010
11101101011010110001111110011000001011000111001011011101110001011010011111110110110101000110101101101011001011100110000110001000101100101001110101110001101111111010
01001110101010010100001100110011100011110000101010101110110001011010011111110110110101000110101101101011001011100111110001000110101100101001110101110001101111111010
11101101011010110001111110011000001011000111001011011101110001011010011111110110110101000110101101101011001011100111110001000110101100101001110101110001101111111010
11101101011010110001111110011000100111001101111101001110110001011010011111110110110101000110101101101011001011100110000110001000101100101001110101110001101111111010
11101101011010110001111110011000100111001100010100101110110001011010011111110110110101000110101101101011001011100110000110001000101100101001110101110001101111111010
11101101011010110001111110011000100111001101111101001110110001011010011111110110110101000110101101101011001011100111110001000110101100101001110101110001101111111010
11101101011010110001111110011000100111001100010100101110110001011010011111110110110101000110101101101011001011100111110001000110101100101001110101110001101111111010
11101101011010110001111110011000001011000100111110101110110001011010011111110110110101000110101101101011001011100110000110001000101100101001110101110001101111111010
11101101011010110001111110011000100111001100010100111011110001011010011111110110110101000110101101101011001011100110000110001000101100101001110101110001101111111010
11101101011010110001111110011000100111001100010101001001100001011010011111110110110101000110101101101011001011100110000110001000101100101001110101110001101111111010
11101101011010110001111110011000001011000100111110101110110001011010011111110110110101000110101101101011001011100111110001000110101100101001110101110001101111111010
11101101011010110001111110011000100111001100010100111001100001011010011111110110110101000110101101101011001011100110000110001000101100101001110101110001101111111010
11101101011010110001111110011000100111001100010101001001010001011010011111110110110101000110101101101011001011100110000110001000101100101001110101110001101111111010
11101101011010110001111110011000001011000111001011001110110001011010011111110110110101000110101101101011001011100111110001000110101100101001110101110001101111111010
