01001010010100000101111101001100100010110101101011100100010011111001010110010100011010100011001010110100111110000010100111000111010101010110011000110011001011110101
01001010010100000101111101001100100010110101101011100100010011111001010110010100011010100011001010110100111110000010111000110110100010000111011100101101001111001010
01001010010100000101111101001100100010110101101011100100010011111001010110010100011010100011001010110100111110000001100111000111010101010110011000110011001011110101
01001010010100000101111101001100100010110101101011100100010011111001010110010100011010100011001010110100111110000010111000110110100010000110010110001001001011110101
01001010010100000101111101001100100010110101101011100100010011111001010110010100011010100011001010110100111110000001111100001101010101010110011000110011001011110101
01001010010100000101111101001100100010110101101011100100010011111001010110010100011010100011001010110100111110000010111000110110100010000111011100101101010101001111
01001010010100000101111101001100100010110101101011100100010011111001010110010100011010100011001010110100111110000010111000110110100010000110010101111111001011110101
01001010010100000101111101001100100010110101101011100100010011111001010110010100011010100011001010110100111110000010100111000111010101010110011000111111001011110101
01001010010100000101111101001100100010110101101011100100010011111001010110010100011010100011001010110100111110000010100111000111010101010110011000101111111011110101
01001010010100000101111101001100100010110101101011100100010011111001010110010100011010100011001010110100111110000010100111000111010101010110011000111111010011110101
01001010010100000101111101001100100010110101101011100100010011111001010110010100011010100011001010110100111110000001110010010010100111011100011111101010000010110101
01001010010100000101111101001100100010110101101011100100010011111001010110010100011010100011001010110100111110000010100111000111011011100010110000001001010101001111
01001010010100000101111101001100100010110101101011100100010011111001010110010100011010100011001010110100111110000010111000110110100010000111011100101101001111001001
01001010010100000101111101001100100010110101101011100100010011111001010110010100011010100011001010110100111110000010100111110000011011100011111001111111001011110101
01001010010100000101111101001100100010110101101011100100010011111001010110010100011010100011001010110100111110000010111000110110100010000111011100111111001011110101
01001010010100000101111101001100100010110101101011100100010011111001010110010100011010100011001010110100111110000001100111000111010101010110011000111111001011110101
01001010010100000101111101001100100010110101101011100100010011111001010110010100011010100011001010110100111110000010111000110110100010000111011100101101001111001010
