10101101011011110011010101010110001100110001001011000001100101111000000100100000111101110101110100100101110110011101101000001100100100100011001110000001110011111011
10101101011011110011010101010110001100110001001011000001110111111111110100100000111101110101110100100101110110011101101000001100100100100011001110000001110011111011
10101101011011110011010101010110001100110001001011000001100101111000000100100000111101110101110100100101110111011111011001101011010100100011001110000001110011111011
10101101011011110011010101010110001100110001001011000001101100101110100101000011110100000110111111101001100101001110110101101110001101101010100101100000110011111011
10101101011011110011010101010110001100110001001011000001100101111000000100100000111101110101110100100101110110011101101011111100000001000110000100001001011001110101
10101101011011110011010101010110001100110001001011000001110111111111110100100000111101110101110100100101110110011101101011111100000001000110000100001001011001110101
10101101011011110011010101010110001100110001001011000001100101111000000100100000111101110101110100100101110110011101101011111100000001010011001101000001011001110101
10101101011011110011010101010110001100110001001011000001101111111101110000001010100111010011110101001100100000110111110100100001111010010011001101000001011001110101
10101101011011110011010101010110001100110001001011000001110111111111110100100000111101110101110100100101110110011101101011111100000001010011001101000001011001110101
10101101011011110011010101010110001100110001001011000001110111111111110100100000111101110101110100100101110111011111011001101011010100100011001110000001110011111011
10101101011011110011010101010110001100110001001011000001101011001001000000110100100011110001011001011101000101111111011001101011010100100011001110000001110011111011
10101101011011110011010101010110001100110001001011000001101100100110101101101000010101000100111000000111010000111101011100111000101001000110000100001001011001110101
10101101011011110011010101010110001100101100111001000010110000010100100101000011110100000110111111101001100101001110110101101110001101101010100101100000110011111011
10101101011011110011010101010110001100110001001011000001100101111000000100100000111101110101110100100101110111011111100110100111000011100001011100100110011011111011
10101101011011110011010101010110001100110001001011000001110111111111110100100000111101110101110100100101110111011111100110100111000011100001011100100110011011111011
10101101011011110011010101010110001100110001001011000001100101111000000100100000111101110101110100100101110111011111100100111000100001111000001101000001011001110101
10101101011011110011010101010110001100110001001011000001100101111000000100100000111101110101110100100101110110011101101011111100000001000110000100001001011001110101
