11110101100011000101100001000110001100010110000011010011010101001010011011011100011111000111000001100111001000001011101111010011111010010000011111010010110010100001010111110100011111
11110101100011000101100001000110001100010110000011010011010101001010011011011100011111000111000001100111001000001011101111010011111010010000010010101010000010000010101011101100111111
11110101100011000101100001000110001100010110000011010011010101001010011011011101000000001111110110000011010010010110000111110111101000000000101010010001010111110110111110001000111111
11110101100011000101100001000110001100010110000011010011010101001010011011011100011111000111000001100111001110101000100111100111000111001000111100001011011001101001011010110101111111
11110101100011000101100001000110001100010110000011010011010101001010011011011100011111000111000001100111001000001011101111010110001101001000001010100101001010101001010011000101111111
11110101100011000101100001000110001100010110000011010011010101001010011011011100011111000111000001100111001000001011101111010110001101001000111100001011011001101001011010110101111111
11110101100011000101100001000110001100010110000011010011010101001010011011011100011111000111000001100111001000010101001111010110001101001000001010100101001010101001010011000101111111
11110101100011000101100001000110001100010110000011010011010101001010011011011100011111000111000001100111001000010101001111010110001101001000111100001011011001101001011010110101111111
11110101100011000101100001000110001100010010011010100011011000000110001111011101000000001111110110000011010010010110000111110111101000000000101010010001010111110110111110001000111111
11110101100011000101100001000110001100010110000011010011010101001010011011011100011111000111000001100111001000001011101111010110001101001000001010100101001010101001010011000100011111
11110101100011000101100001000110001100010110000011010011010101001010011011011100011110011110110101111011100001110100100110100001100110111001100000011010010000011000011111101000111111
11110101100011000101100001000110001100010010011010100011011000000110001010000101100110000001100010100100001100100111000011101110011000100101010011111111011111100001011010001000111111
11110101100011000101100001000110001100010110000011010011010101001010011011011100011110011110110101111011100001110100100110100001100001100000111111110011001111110001011010001000111111
11110101100011000101100001000110001100010110000011010011010101001010011011011100011111000111000001100111001000001011101111010110001010011010101110011110111111010110111110001000111111
11110101100011000101100001000110001100010110000011010011010101001010011011011100011111000111000001100111001000001011101111010011111010010000010010101010000010000010101011101011110101
11110101100011000101100001000110001100010110000011010011010101001010011011011100011111000111000001100111001000010101001111010110001101001000001010100101001010101001010011000100011111
11110101100011000101100001000110001100010110000011010011010101001010011011011100011111000111000001100111001100001111101011101111100100011010010001100111101000000101001101111011101110
