11110001001101101001010010100111000100100010100110010001111101001111000010001101010110110001100000100000010001001000011101110000101110000100100111111101101000010011111110001001001111
11110001001101101001010010100111000100100010100110010001111101001111000010001101010110110001100000100101001010000111001101110000101110000100100111111101101000010011111110001001001111
11110001001101101001010010100111000100100010100110010001111101001111000010001101010110110001100000100101001010000011100100011010000100001110111100111110110101010001000011010100110111
11110001001101101001010010100111000100100010100110010001111101001111000010001101010110000100101000000101011111111001111001000101010011110101101010110111010101010001000011010100110111
11110001001101101001010010100111000100100010100110010001111101001111000010001101010110110001100000100000010001001000011101110000101110000100100111101101011011101100111001111010001111
11110001001101101001010010100111000100100010100110010001111101001111000010001101010110110001100000100101011111111001111001000101010011110101101010110111010101010001000011010100110111
11110001001101101001010010100111000100100010100110010001111101001111000010001101010110110001100000100101001001101111010110000010100011001010011010100010100000100000011111000010010111
11110001000110100100111011110101011101100101001101101111110100101000111000001101010001000010110000110001111111101000110011001011000111001010011010100010100000100000011111000010010111
11110001001101101001010010100111000100100010100110010001111101001111000010001101010110110001100000100101001010000111001101110000101110000100100111101101011011101100111001111010001111
11110001001101101001010010100111000100100010100110010001111101001111000010001101010110110001100000100101000000111010111011011010000100001110111100111110110101010001000011010100110111
11110001001101101001010010100111000100100010100110010001111101001111000010001101010110000100101000000101011111111001111001000101010011110101101010111001111111110111100100010100110111
11110001001101101001010010100111000100100010100110010001111101001111000010001101010110110001100000100101001010010010101111101000001001000000000001100000001111101111101100100000001111
11110001001101101001010000100011110000111111111000000100100010000101100010111000111010010100000111111110000111001000000010101011110001110011100011010011101000010011111110001001001111
11110001001101101001010010100111000100100010100110010001111101001111000010001101010110000100110100011100101110100000110010110111011110111011010111101000011101100010100010011111000101
11110001001101101001101101001100111001110101111010000001001010001011111000011010110001101011111000111101000010001101101100001010101011000001000110101011111101100010100010011111000101
11110001001101100011011111000111101001001111011101111101000101001111111101001010010101011101001000100011000001010000010101001100001100011100000000011100110101010001000011010100110111
11101100101000110001110110000110100101001100110011100011011101000100111000110111010110011010100100101110000100001010000111001001101011011010100101001111100100010111010101110001100101
