01101011110000101100110000111011111111001001010110111111001010010000011010110001001010000111010011011010000011001100101101111000010011000100011111111001000011100010101101110111101101
01101011110000101100110000111011111111001001010110111111001010010000011010110001001010000111010011011010000011001100101101111000010000110011001110101000011101110110101101110111101101
01101011110000101100110000111011111111001001010110111111001010010000011010110001001011100100011101110000100110100010000001101001010000000000111001111001000011100010101101110111101101
01101011110000101100110000111011111111001001010110111111001010010000011010110001001010000111010011011010000011001100101101111000010011000100001011100111011110001110100001110111101101
01101011110000101100110000111011111111001001010110111111001010010000011010110001001010000111010011011010000011001100101101111000010000110000000110001001010111001101011010100111101101
01101011110000101100110000111011111111001001010110111111001010010000011010110001001010000111010011011010000011001100101101111000010011000100001011100111011101011001011101110111101101
01101011110000101100110000111011111111001001010110111111001010010000011010110001001010000111010011011010000011001100101101111000010011000100011110000100011101010110101101110111101101
01101011110000101100110000111011111111001001010110111111001010010000011010110001001010000111010011011010000011001100101101111000010011000100001010011011000110000101101000011111101101
01101011110000101100110000111011000010000111100010100010110010001001101010010100111101001000100010000000101001101011111001001010001111111010000001000010000001011001011010100111101101
01101011110000101100110000111011111111001001010110111111001010010000011010110001001011100100011101110000100110100010000001101001010000000011100100111010000001011001011010100111101101
01101011110000101100110000111011111111001001010110111111001010010000011010110001001010000111010011011010000011001100101101111000010000110011100100111010000001011001011010100111101101
01101011110000101100110000111011111111001001010110111111001010010000011010110001001010000111010011011010000011001100101101111000010011000101000110001001010111001101011010100111101101
01101011110000101100110000111011111111001001010110111111001010010000011010110001001010000111010011011010000011001100101101111000010011001101100000110001110000000011101000011111101101
01101011110000101100110000111011111111001001010110111111001010010000011010110001001010000111010011011010000011001100101101111000010000110010110101111001101110011101111111110111101101
01101011110000101100110000111011111111001001010110111111001010010000011010110001001011100100011101110000100110100010000001101001010000000000101100011011000110000101101000011111101101
01101011110000101100110000111011111111001001010110111111001010010000011010110001001010000111010011011010000011001100101101111000010011000100011111111000000110010011111101110111101101
01101011110000101100110000111011111111111000101100111101111110110011101101111100010010111010001111110010100000111000111011101011100011011000000000100001111101011100010011110111101101
