01110000110000001100011001110011010101001001110111010011110101001110111100110010101001010011100001110011101110001000100001010010001100010110101100110001100010000010101010111001101001
01110000110000100010101011001101100110011111111110001011100001001110111100110010101001010011100001110011101110001000100001010010001100010110101100110001100010000010101010111001101001
01110000110000100010101011001101100110011111111110001011100000111100001010100010101010011001011110000010000111101101001001011111000100001110101100110001100010000010101010111001101001
00100110111000111110000001110011010101001001110111010011110101001110111100110010101001010011100001110011101110001000100001010010001100010110101100110001100010000010101010111001101001
00100101100111000100011001110011010101001001110111010011110101001110111100110010101001010011100001110011101110001000100001010010001100010110101100110001100010000010101010111001101001
00100110111001111000011001110011010101001001110111010011110101001110111100110010101001010011100001110011101110001000100001010010001100010110101100110001100010000010101010111001101001
01110000110001000100011001110011010101001001110111010011110101001110111100110010101001010011100001110011101110001000100001010010001100010110101100110001100010000010101010111001101001
01110000110000100010101011001101100110011111111110001011100000111100001010100010101010011001011110000010000111101101001001011111000001010110001010101011011010011001011001000110101001
01110000110000001100011001110011010101001001110111010011110101001110111100110010101001010011100001110011101110001000100001010010100001010010100000100010101011001100100000110110100011
01110000110101010001010010011001000110100001001011000011110101001110111100110010101001010011100001110011101110001000100001010010001100010110101100110001100010000010101010111001101001
01110000110000100010101011001101100110011111111110001011100000111100000010100110110011101000001111111011000001000111000110010011100111001101111011111001000001001100100000110110100011
01110000111111000001110000101010101100000001100001001000001011000011100110101110101010011001011110000010000111101101001001011111000100001110101100110001100010000010101010111001101001
00111000000011001001010001110011010101001001110111010011110101001110111100110010101001010011100001110011101110001000100001010010001100010110101100110001100010000010101010111001101001
01110000110000100010101011001101100110011111111110001011100001001110111100110010101001010011100001110011101110001000100001010010100001010010100000100010101011001100100000110110100011
01110000110000100010101011001101100110011111111110001011100000111100001010100010101010011001011110000010000111101101001001011111000100001110101011110001111000100011110111000100101111
01110000110101111010001001000000110111101010000011010100001100010110111001010001100011001100010000000010000111101101001001011111000100001110101100110001100010000010101010111001101001
01110000110000001100011001110011010101001001110111010011110101001110111100110010101001010011100001110011101110001000100001010010001100010110101100110001100010000010101010111001101001
