10110010010111100010001101100111000100101001001001011111000111110101000110100010111000010000000010100100011110101110110011001111000011101011000000000001111111101101010000010101110101
10110010010111100010001101100111000100101001000011101110100000100101011100001100001011110100011011010100111011010110101100110001111010111111101101001011101100000110100000010101110101
10110010010111001101100101010000001100010100111110001100111001001111011100010110000111101110100101101010010100100000000000100010110001101101000100001010100111101011100111000010000101
10110010010111100010001101100111000100101001001001011111000111110101000110100010111000010001010100101101111111011011001100100000010000001100111101110101100001010110010000010101110101
10110010010111100010001101100111000100101001001001011111000111110101000110100010111000010001010100101101111111011011001100100100111110000000000101011101011010000111101000010101110101
10110010010111100010001101100111000100101001001001011111000111110101000110100010111000010001010100101101111011000010001100100000010000001100111101110101100001010110010000010101110101
10110010010111100010001101100111000100101001001001011111000111110101000110100010111000010000000010100100011110101110110011001111000011101011000000000001001000000110100000010101110101
10110010010111100010001101100111000100101001001001011111000111110101000110100010111000010000000010100100011110101110110011001111000011101011000001111101110101001010001111000010000101
10110100011011110101100100001111001101111001001110001100111001001111011100010110000111101110100101101010010100100000000000100010110001101101000100001010100111101011100111000010000101
10110010010111100010001101100111000100101001001001011111000111110101000110100010111000010001010100101101111001101100100100101001110101011110101010101011011010111100101000010101110101
10110010010111100010001101100111000100101001001001001111111001011001000101111101010010010000100011101010010100100000000000100010110001101101000100001010100111101011100111000010000101
10110010010111100000000011101000111110011001111010000000101001111110010000110010010011011011011101110011100101110011010101110101111101000100110110101101101100110110100000010101110101
10110010010111100010001101100111000100101001001001011111000111110101000110100010111000010001010100101101111111011011001100100100111110000000000101011101011010001011100111000010000101
10110010010111100010001101100111000100101001001001011111000111110101000110100010111000010000000010100100011110101110110011001111000011101011000000000000011110001011100111000010000101
10110010010111100011101000011110000010001110011110001100111001001111011100010110000111101110100101101010010100100000000000100010110001101101000100001010100111101011100111000010000101
10110010010111100010001101100111000100101001001001011111000111110101000110100010111000010000000010100100011110101110110011001111000011101011000000000001001000000010000111000010000101
10110011011100110110111000100110110101010001001110001100111001001111011100010110000111101110100101101010010100100000000000100010110001101101000100001010100111101111111101011111111010
