10100100001001010100110111101010101101010100111011100101101011101110010001010010001111110000001000001101000011100011010101110101100100011000111001001001001100010101100111110100000100
10100100001001010100110111101010101101010100111011100101101011101110010001010010001111110000001000001101000011100011010101110101100100011000111100110010111000010101100111110100000100
10100100001001010100110111101010101101010100111011110000001001101011111000000110101111110000001000001101000011100011010101110101100100011000111001001001001100010101100111110100000100
10100100001001010100110111101010101101010111100110000010101011101011111000000110101111110000001000001101000011100011010101110101100100011000111001001001001100010101100111110100000100
10100100001001010100110111101010101101010100111011110000001001101011111000000110101111110000001000001101000011100011010101110101100100011000111100110010111000010101100111110100000100
10100100001001010100110111101010101101010100111011100101101110010010111101110101111100010010010000001101010100000000011001011000111000010100001000111111001011011111001101010100000100
10100100001001010100110111101010101101010100111011110000001001101000000011011010001010001001001110101010011101110010111100000011100010011011100111111111001011011111001101010100000100
10100100001001010100110111101010101101010010111110100011110001001010110011011110111010000110010000001101010100000000011001011000111000010100001000111111001011011111001101010100000100
10100100001001010100110111101010101101010100111011100101101110010010111101110101111000110010111011011000111101100111011101010011110010111000101001010000100000001000111000110001101110
10100100001001010100110111101010101101010100111011110000001001101000000011011010001010001001001110101010011101110010111100000011100010011011100111010100010000101001100111110100000100
10100100001001010100110111101010101101010100111011110000001100001010110011011110111010000110010000001101010100000000011001011000111000010100001000111111001011011111001101010100000100
10100100001001010100110111101010101101010100111011110000001100010110110111111001010101111001001001010101110011010111101100100110001101110110010100001111101001011000111000110001101110
10100100001001010100110111101010101101010111100110000010101011101011111000000110101111110000001000001101000011100011010101110101100100011000111100110010111000010101100111110100000100
10100100001001010100110111101010101101101011100000110010011000111101011101111100100011000011010000001101010100000000011001011000111000010100001000111111001011011111001101010100000100
10100100001001010100110111101010101101010100111011100101101011101110010001010010001111110000001000001101000011100011010101110101100100011000111001001000011011001010111010111010100100
10100100001001010100110111101010101101010111101100110011100101110000001101110110010010001111010010110011111011110110110100100011101101110000011101101011001010011010111010111010100100
01000001011110010110011100101100001001001101011001010011100111001011111011101001101000111010001100011001100110100100000010010001100111000011111001110111111010111001110100111001011101
