10011010100010011010001010001010010110011010010010101100001110011010101100001101110111111000010010111100010100010101000011000000111000011001000010100111101010001101001011000100010101
10011010100010011010001010001010010110011010010010101101011000110111110110111000011100101110111111100110100001111110010101101101100010101100101001110001000111010111110100011110000010
10011010100010011010001010001010010110011010010010101101011000110111110110111000011000100000011101100111000011111110111111110000011110010101111010001111010111000101000010011110000010
10011010100010011010001010001010010110011010010010101101101011011101110100001101110111111000010010111100010100010101000011000000111000011001000010100111101010001101001011000100010101
10011010100010011010001010001010010110011101111110110110001110011010101100001101110111111000010010111100010100010101000011000000111000011001000010100111101010001101001011000100010101
10011010100010011010001010001010010110011010010010101101011000110111110110111000011100100000011101100111000011111110111111110000011110010101111010001111010111000101000010011110000010
10011010100010011010001010001010010110011010010010101101011000110111110110111000100111111000010010111100010100010101000011000000111000011001000010100111101010001101001011000100010101
10011010100010011010001010001010010110011010010010101100001110011010101100001101110111111000010010111100010100010101000011000000111000011001000010100111110110100110010010011110000010
10011010100010011010001010001010010110011010010010101101000110010000010111111010011100100000011101100111000011111110111111110000011110010101111010001111010111000101000010011110000010
10011010100010011010001010001010010110011011100100010010100001110001010001100110001111011000010010111100010100010101000011000000111000011001000010100111101010001101001011000100010101
10011010100010011010001010001010010110011010010010101101011000110111110110111000011000100000011101100111000011111110111111110000011110010101111010001111010111000100001011000100010101
10011010100010011010001010001010010110011010010010101101011001001001110110101100001111011000010010111100010100010101000011000000111000011001000010100111101010001101001011000100010101
10011010100010011010001010001010010110011010010010101101011000110111110110111000011100100000011101100111000011111110111111110000011110010101111010001111010111000100001011000100010101
10011010100010011010001010001010010110011010010010000111101001010010011111101100011000100000011101100111000011111110111111110000011110010101111010001111010111000101000010011110000010
10011010100010011010001010001010010110011010010010101101011000110111110110111000111000100000011101100111000011111110111111110000011110010101111010001111010111000101000010011110000010
10011010100010011010001010001010010110011010010010101101000110010000010111111010011100100000011101100111000011111110111111110000011110010101111010001111010111000100001011000100010101
10011010100010011010001010001010010110011010010010101101101011011101110100001101110111111000010010111100010100010101000011000000111000011001000010100111101010001101001011000100010101
