01110001100011100001001110001011010101010000111001111001101000000101100100110111011010000011011000101001111010111100001101000110001101101011101010100011000010010101000110011111001100
01110001100011100001001110001011010101010000111001111001101000000101100100110111011010000011011000100110011011111110010111000001100001100101101010100011000010010101000110011111001100
01110001100000111111011111100010100010111011000100011000001011001011110000001000111110010011010011110111101000011110101101000110001101101011101010100011000010010101000110011111001100
01110001100011100001001110001011010101010000111001111001101000000101100100110111011010000010110110011110111100111110001001111100110011000100011100001111010110110000100010100010001100
01110001100000111111011111100010100010111011000000111111110101011010110011001100001100001011010011110111101000011110101101000110001101101011101010100011000010010101000110011111001100
01110001100011100001001110001011010101010000111001111001101000000101100100110111011010000010110110011001001010110010010111000001100001100101101010100011000010010101000110011111001100
01110001100011100001001110001011010101010000111001111001101000000101100100110111011010000010110100110010101111100011101111010001001111011001101011011100110000011000001000100010011100
01110001100000111111011111100010100010111011000010000100001100011100010100010010100011010110010000001000101101110000001101000110001101101011101010100011000010010101000110011111001100
01110001100011100001001110001011010101010000111001111001101000000101100100110111011010000011011000100110011011111110111110110110001010011110001011101101011111011100000011111001110100
01110001100011100001001110001011010101010000111001111001101000000101100100110111011010000011011000101001111010111100001101000110001101101011101010100011000010011010100111000111001100
01110001100000111111011111100010100010111011000100011000001011001011110000001000111110101100101111010000110101000000010111000001100001100101101010100011000010010101000110011111001100
01110001100011100001001110001011010101010000111001111001101000000101100100110111011010000011010010110111101100111100000011100000010011000111001101110001010110000010000100010101101100
01110001100011100001001110001011010101010000111001111001101000000101100100110111011010000011010010110111101100111100001010100001000101100101101010100011000010010101000110011111001100
01110001100011100001001110001011010101010000111001111001101000000101100100110111011010000010110100110111001010001100010111000001100001100101101010100011000010010101000110011111001100
01110001100011100001001110001011010101010000111001111001101000000101100100110111011010000011011000100110011011111110010111000001100001100101101010100011000010011010100111000111001100
01110001100011100001001110001011010101010000111001111001101000000101100100110111011010000011011000100110011011111110111110110110001010011110001011101101011111011100011111010010011100
01110001100011100001001110001011010101010000111001111001101000000101100100110111011010000010110011011011110000111100101001001101011001001001001001111010111010000100001110101011110001
