10101110011010010010111110101000001010010111100111111010010000101101101100101100011110010000110000110110101100010111101111001111101000101000000101010011110111011100001000001001000010
10101110011010010010111110101000001010010111100111111010010000101101101100101100011110010000110000110110101100010111101111001000011001010000010110011110111110010000011001111100100100
10101110011010010010111110101000001010010111100111111010010000101101101100101100011110010000110000110110101100010111101111001000011001010000010110001110011011011001111000001001000010
10101110011010010010111110101000001010010111100111111010010000101101101100101100011110010000110000110110101100010111101110110111001001011101011000000001110100011101101111111111100100
10101110011010010010111110101000001010010111100111111010010000101101101100101100011110010000110000110110101100010111101111001111101001010000000001110000000000001110101011111001000010
10101110011010010010111110101000001010010111100111111010010000101101101100101100011110010000110000110110101100010111101111001111101000101000000101001011110101110000001000001001000010
10101110011010010010111110101000001010010111100111111010010000101101101100101100011110010000110000110110101100010111101111000010001010011001101010111101110100011101101111111111100100
10101110011010010010111110101000001010010111100111111010010000101101101100101100011110010000110000110110101100010111101111001000011001011010100111001001111111101110111011100111000010
10101110011010010010111110101000001010010111100111111010010000101101101100101100011110010000110000110110101100010111101111001000011000111111110000100100000000001110101011111001000010
10101110011010010010111110101000001010010111100111111010010000101101101100101100011110010000110000110110101100010111101111000010001111000001000001011011100001011011011011111001000010
10101110011010010010111110101000001010010111100111111010010000101101101100101100011110010000110000110110101100010111101111001000011001011010100111001001100110001011011011111001000010
10010100100100111101001000001000100111001101010010010001000110000000110110011001110101000110011101101100011001111100111001100101000011100101111101011000100010000000001000001001000010
10010100100100111101001000001000100111001101010010010001000110000000110110011001110101000110011101101100011001111100111000011010010011101000110011010111011001000111011010010100110010
10101110011010010010111110101000001010010111100111111010010000101101101100101100011110010000110000110110101100010111101110110011000010001000011001111110010101000110110001100100110010
10101110011010010010111110101000001010010111100111111010010000101101101100101100011110010000110000110110101100010111101111001000000101100000011101011110111101111010110001100100110010
10101110011010010010111110101000001010010111100111111010010000101101101100101100011110010000110000110110101100010111101111001000011001010000010110011110111101111010110001100100110010
10010100110010011110110000010000110111111001011100100010000100011010011110000011101101110100101000011100000100101000010001100111110110101111001111100000111001001011000100010110110100
