11010111001010000010011001010001111011111110000111111101111000100001100001101010100001010100110001010101100000100010001000101101101101100101000101101000110101010101111101110111010111
11010111001010000010011001010001111011111110000111111101111000100001100001101010100001010100110001010101100000100010001000101101101101100101000101101000110101010111010110111101001111
11010111001010000010011001010001111011111110010001000100101110100100101110001111000111101111011000110100000001000100010000000100110101001011100011101100101100101001000101011010001111
11010111001010000010011001010001111011111110000111111101111000100001100001101010100001010100110001010101100000100010001000101101101101100101000101101000101001101111011101110111010111
11010111001010000010011001010001111011111110000111111101010011100101010001100000101110101011110110011010000000100010001000101101101101100101000101101000110101010101111101110111010111
11010111001010000010011001010001111011111110001101001100011101000110001100110000011101110101010000010101011100111001101010110010100100111010101010111010110011010101011000111101001111
11010111001010000010011001010001111011111110000111111101111000100001100001101010100001011101110001010001010010001010010100101011111111101111000000000000100011010101011000111101001111
11010111001010000010011001010001111011111110000111111101111000100001100001101010100001011101110001010001010010001010010100101011111111101111000000000000100011010000000000011010001111
11010111001010000010011001010001111011111110000111111101111000100001100001101010100001010100110001010101100000100010001000101101101100011011111100111000101100101001000101011010001111
11010111001010000010011001010001111011111110110010010110101110001100111011011111001010001011011010101000001011100010001000101101101101100101000101101000110101010101111101110111010111
11010111001010000010011001010001111011111110000111111101111000100001100001101010100001010100110001010101100000100010001000101101101100011000110100011111010011010101011000111101001111
11010111001010000010011001010001111011111110010001000100101110100100101110001111011010111110100010011010000000100010001000101101101101100101000101101000110101010101111101110111010111
11010111001010000010011001010001111011111110000111111101111000100001100001101010100001010100110001010101100000100010001000101101101101100101000101101000111110101110110100111101001111
11010111001010000010011001010001111011111110000111111101111000100001100001101010100001011101110111110010111001110001110110111100011011110101011101111010011100101001000101011010001111
11010111001010000010011001010001111011111110010001000100101110100100101110001111011010111110100010011000010010000100110110111001001110101001000101100111110001101110110100111101001111
11010111001010000010011001010001111011111110000111111101111000100001100001101010100001011101110111110010111001110001110110111100011011110101011101111010011100100010101001011010001111
11010111001010000010011001010001111011111110000111111101111000100001100001101010100001010100110001010101100000100010001000101101101101100101000101101000110101010101111101110111010111
