10110011100010101010000101010000101100111101101011101101000010010011000110000110101011010011111010101011010011001001000111110101010001000100011011000010001000110010011100110000111110
10100001100000001000101101110111101010111111110000110011000010010011000110000110101011010011111010101011010011001001000111110101010001000100011011000010001000110010011100110000111110
10110000111000011111101110000110000001100110010100100110000010010011000110000110101011010011111010101011010011001001000111110101010001000100011011000010001000110010011100110000111110
10100001100101011111101111010100110010101010010100100110000010010011000110000110101011010011111010101011010011001001000111110101010001000100011011000010001000110010011100110000111110
10110000111010101111011010111101110100011010001011101101000010010011000110000110101011010011111010101011010011001001000111110101010001000100011011000010001000110010011100110000111110
10110000111000011111101110000110000001100110011000101101000010010011000110000110101011010011111010101011010011001001000111110101010001000100011011000010001000110010011100110000111110
11010110010000001000101101110111101010111111110000110011000010010011000110000110101011010011111010101011010011001001000111110101010001000100011011000010001000110010011100110000111110
10110011100010101010000101010000101011011110010100100110000010010011000110000110101011010011111010101011010011001001000111110101010001000100011011000010001000110010011100110000111110
10110011100010101010000101010000101100111100011101011001000010010011000110000110101011010011111010101011010011001001000111110101010001000100011011000010001000110010011100110000111110
10110011100010101010000101010000101100111101101011101101011010010011000110000110101011010011111010101011010011001001000111110101010001000100011011000010001000110010011100110000111110
10110011100010101010000101010101101111011000011110101001000010010011000110000110101011010011111010101011010011001001000111110101010001000100011011000010001000110010011100110000111110
10110011100010101010000101010000101100111100101101011000110100001000001110000010111110110010111010101011010011001001000111110101010001000100011011000010001000110010011100110000111110
10100011010011001001001010000110110000111010010000111101000010010011000110000110101011010011111010101011010011001001000111110101010001000100011011000010001000110010011100110000111110
10110011100010101010000101010000101100111100101111100110000010010011000110000110101011010011111010101011010011001001000111110101010001000100011011000010001000110010011100110000111110
10110000111010101111011010111101110100011010001011101101011010010011000110000110101011010011111010101011010011001001000111110101010001000100011011000010001000110010011100110000111110
10110011100010101010000101010000101100111100100111111110000010010011000110000110101011010011111010101011010011001001000111110101010001000100011011000010001000110010011100110000111110
01110001010111010010001010110101101001110111101111011101000010010011000110000110101011010011111010101011010011001001000111110101010001000100011011000010001000110010011100110000111110
