00000111110101101100010110000110101000001100100001111101111110100010010111111010010000110100110010010111010000001001101110100011011011101111100100010001101100010010
00000111110101101100010110000110110101011010100001111101111110100010010111111010010000110100110010010111010000001001101110100011011011101111100100010001101100010010
00000111110101101100010110000110101000001100100001111101111110101010010111111010010000110100110010010111010000001001101110100011011011101111100100010001101100010010
00000111110101101100010110000110110101011010100001111101111110101010010111111010010000110100110010010111010000001001101110100011011011101111100100010001101100010010
00000111110101101100010110000110110101001000100000100010011000011110010111111010010000110100110010010111010000001001101110100011011011101111100100010001101100010010
00000111110101101100011000001101111001000000100111010001101101100010010111111010010000110100110010010111010000001001101110100011011011101111100100010001101100010010
00000111110101101100010110000110101000001100100001111101111110100100010111111010010000110100110010010111010000001001101110100011011011101111100100010001101100010010
00000111110101101100010110000110110101011010100001111101111110100100010111111010010000110100110010010111010000001001101110100011011011101111100100010001101100010010
00000111110101101100011000000010010101101001001001011111001000101000010111111010010000110100110010010111010000001001101110100011011011101111100100010001101100010010
00000111110101101100010110000110101000001100100001111101111110101000101100111101001100001010111101010111010000001001101110100011011011101111100100010001101100010010
00000111110101101100011000000010010101101001001001011111001000101000010101111010010000110100110010010111010000001001101110100011011011101111100100010001101100010010
00000111110101101100010110000110101000001100100001111101111110101010100111110100011110010100110010010111010000001001101110100011011011101111100100010001101100010010
00000111110101101100010110000110110101011010100001111101111110101000101100111101001100001010111101010111010000001001101110100011011011101111100100010001101100010010
00000111110101101100010110000110111011101110000010001111100011110110010111111010010000110100110010010111010000001001101110100011011011101111100100010001101100010010
00000111110101101100010110000110101000001100100001111101110101000000000111111010010000110100110010010111010000001001101110100011011011101111100100010001101100010010
00000111110101101100010110000110101000001100100001111101111110101001001001100001001100011011101111011100101011111001101110100011011011101111100100010001101100010010
00000111110101101100010010000110110101011010100001111101111110100010010111111010010000110100110010010111010000001001101110100011011011101111100100010001101100010010
