00111100111001111000100100100011111101011000010010001111001001001100101000011111000000101110000011100011010101011010001101000010101010111011000010100000110100011011
00111100111001111010001010011101100011100010010011110011010101101111100110010100001101010100110100110011010101011010001101000010101010111011000010100000110100011011
00111100111001111000100100100011111101011000010010001111001000001110011010001000100000110011011101100110001110011001001001111001011100111100010000000000110100011011
00111100111001111000100100100011111101011000010010001111001001001100101000011111000100101011011001100011010101011010001101000010101010111011000010100000110100011011
00111100111001111000100100100011111101011000010011110011010101101111100110010100001101010100110100110011010101011010001101000010101010111011000010100000110100011011
00111100111001111000100100100011111101011000010010001111001000001110011010010100001101010100110100110011010101011010001101000010101010111011000010100000110100011011
00111100111001111000100100100011111101011000010010001111001000001110011010001000100000110000101100010000100101111111111110110101111010110101001101111000001100011011
00111100111001111000100100100011111101011000010010001111001000001110011010001000100000110000101100010000100101111111111110111111000000110100100010100000110100011011
00111100111001111000100100100011111101011000010010001111001000001110011010001000101010001010001110110011010101011010001101000010101010111011000010100000110100011011
00111100111001111000100100100011111101011000010010001111001000001110011010001000100111000111010111001000110011101100110100010001111111100111110000000000110100011011
00111100111001111010001010011101100011100010010011110011010101101111100110010101011110000001100011100011010101011010001101000010101010111011000010100000110100011011
00111100111001111000100100100011111101011000010010001111001000001110011010001001010010010010101001100011010101011010001101000010101010111011000010100000110100011011
00111100111001111000100100100011111101011000010010001111001000001110011010001000101101111111111001100011010101011010001101000010101010111011000010100000110100011011
00111100111001111000100100100011111101011000010010001111001000001110011010001001010001100010001110110011010101011010001101000010101010111011000010100000110100011011
00111100111001111000100100100111101100000001100011010110100111011101110001110101001111100110101011000000100101111111111110110101111010110101001101111000001100011011
00111100111001111000100100100011111101011000010010001111001001001100101000011111000000101110001010110110000000101100101011101001001100001100010111110101001010000110
11111000100111001111001101001101011111101011001001011110011110001111001010110010111000101011111000100010010010100000100011000001110101110000011110100000110100011011
