01001111111010001000110000111011000111001010100001001010001011011011010110001010010100001100000001110101010001010010100110110000100010101000111100100100011110101000
00100110011010110101111010011111000010010001100010000100000000010110000111110101010010010011111001000110101111010110001001111010000110111001000001110000010110001000
01001111110000111010100111010101100110010100110001010001010100110110101111001000011000110111111100011101110111011011000100101001010011100100100111100000010110001000
00100110011010110101111010011111000010010001100010000100000000010110000111110101010010010011110011111110011100111101110011101101100010101000111100100100011110101000
00100110011010110101111010011111000010010001100010000100000000010110000111110101010010010011110011111110011101111111000001111010000110111001000001110000010110001000
01001111111011110101111010011111000010010001100010000100000000010110000111110101010010010011111001000110101111010110001001111010000110111001000001110000010110001000
01001111111010001000110000111011000111001010100001001010001011011011010110001101100001110010110001001011111110110001001000010000001001011010100111100000010110001000
01001110000110011111100000111011000111001010100001001010001011011011010110001010010100001100000001110101010001010010100110110000100010101000111100100100011110101000
01001111111010001000110000111011000111001010100001001010001011011011010110001101100001110010111011110011010110011001110110111100011010100100110111110000010110001000
01001111111010001000110000111011000111001010100001001010001011011011010110001101100001110010110001001100001011010011010010111000110100110100100111100000010110001000
00100110011010110101111010011111000010010001100010000100000000010110000111110101010010010011111001000110110100010101001110110000100010101000111100100100011110101000
01001111111010001000110000111011000111001010100001001010001011011011010110001101100001110010110001001100001011010011010010111000110100101111101100100100011110101000
01001111111010001000110000111011000111001010100001001010001011011011010110001101100000000100010111100000011000000110000110011011000100001010111100100100011110101000
01001111111011110101111010011111000010010001100010000100000000010110000111110101010010010011110011111110011101111111000001111010000110111001000001110000010110001000
00100110011010110101111010011111000010010001100010000100000000010110000111110101010010010011111001000110110100010101001101000000000111011111101100100100011110101000
11111101101101100101111010011111000010010001100010000100000000010110000111110101010010010011111001000110101111010110001001111010000110111001000001110000010110001000
00000000010001111011101111010000000000000100110000011010011101100010100001011100000011000000011101111101011011110010011011111110100000011010100111100000010110001000
