10011001101101100110010111100010111110111010100010001110110111101111000000100100000110110100101100001110110111110001011010001000110001000000001101100000001001100000
10011001101101100101110110100000001000111110100010001110110111101111000000100100000110110100101100001110110111110001011010001000110001000000001101100000001001100000
10011001101101100101110110100000001001101000100010001110110111101111000000100100000110110100101100001110110111110001011010001000110001000000001101100000001001100000
10011001101101100101110110100000001001100110100010001110110111101111000000100100000110110100101100001110110111110001011010001000110001000000001101100000001001100000
10011001101101100101111100000100001001101010100010001110110111101111000000100100000110110100101100001110110111110001011010001000110001000000001101100000001001100000
10011001101101100101111100000100001000001100100010001110110111101111000000100100000110110100101100001110110111110001011010001000110001000000001101100000001001100000
10011001101101100101111100000100001001101110100010001110110111101111000000100100000110110100101100001110110111110001011010001000110001000000001101100000001001100000
10011001101101100101111100000100001100111101111111001110110111101111000000100100000110110100101100001110110111110001011010001000110001000000001101100000001001100000
10011001101101100101111100000100001000000010100010001110110111101111000000100100000110110100101100001110110111110001011010001000110001000000001101100000001001100000
10011001101101100101111100000100001000001100100001010100011101011000100000100100000110110100101100001110110111110001011010001000110001000000001101100000001001100000
10011001101101100101110110100000001001101000100001010100011101011000100000100100000110110100101100001110110111110001011010001000110001000000001101100000001001100000
10011001101101100101111100000100001000001100011000001110110111101111000000100100000110110100101100001110110111110001011010001000110001000000001101100000001001100000
10011001101101100101111100000100011110011110100010001110110111101111000000100100000110110100101100001110110111110001011010001000110001000000001101100000001001100000
10011001101101100101111100000100001001110101111111001110110111101111000000100100000110110100101100001110110111110001011010001000110001000000001101100000001001100000
10011001101101100101110110100000001100101110100010001110110111101111000000100100000110110100101100001110110111110001011010001000110001000000001101100000001001100000
10011001101101100101111100000110011110010001000100111000110000110111000100111111111101010101011111111110110111110001011010001000110001000000001101100000001001100000
10011001101101100101111100000100001001110101101111000100011101011000100000100100000110110100101100001110110111110001011010001000110001000000001101100000001001100000
