01011001010101010000110011010000011010101111000101011000100100101110101111010111111110010011111111010110010000110101000101111110001011110101111001010000011110001000
01011001010101010000110011010000011010101111000101011000100100101110101011010111111110010011111111010110010000110101000101111110001011110101111001010000011110001000
01011001010101010000110011010000011010101111000101011000100100111010101111010111111110010011111111010110010000110101000101111110001011110101111001010000011110001000
00110100111110010000110011010000011010101111000101011000100100101110101111010111111110010011111111010110010000110101000101111110001011110101111001010000011110001000
01000110010101010000110011010000011010101111000101011000100100101110101111010111111110010011111111010110010000110101000101111110001011110101111001010000011110001000
01011001010101010000110011010000011010101111000101011000100100011110101111010111111110010011111111010110010000110101000101111110001011110101111001010000011110001000
01011001010101010000110011010000011010101111000101011000100101001010101111010111111110010011111111010110010000110101000101111110001011110101111001010000011110001000
01011001010101010000110011010000011010101111000101011000100100110000010101010111111110010011111111010110010000110101000101111110001011110101111001010000011110001000
01011001010101010000110011010000011010101111000101011000100101111010101111010111111110010011111111010110010000110101000101111110001011110101111001010000011110001000
01011001010101010000110011010000011010101111000101011000100101010000100111010111111110010011111111010110010000110101000101111110001011110101111001010000011110001000
01011001010101010000110011010000011010101111000101011000100100100100101111010111111110010011111111010110010000110101000101111110001011110101111001010000011110001000
01011001010101010000110011010000011010101111000101011000100100101010101111010111111110010011111111010110010000110101000101111110001011110101111001010000011110001000
01011001010101010000110011010000011010101111000101011000100100100100101011111111111110010011111111010110010000110101000101111110001011110101111001010000011110001000
01011001010101010000110011010000011010101111000101011000100101001101111111010111111110010011111111010110010000110101000101111110001011110101111001010000011110001000
01011001010101010000110011010000011010101111000101011000100100100001011011001011010010010011111111010110010000110101000101111110001011110101111001010000011110001000
01011001010101010000110011010000011010101111000101011000100100101110101011010111101110010011111111010110010000110101000101111110001011110101111001010000011110001000
01011001010101010000110011010000011010101111000101011000100100101110101111010111111110010011111111010110010000110101000101111110001011110101111001010000011110001000
