01000000011100010001101011110101011011101001000111011101011101000011101110000011011011000101110101100010110011101100011011011000110111110100100011110001011000100011
01000000011100010001101011110101011011101001000111011101011101000011101110000011011011000101110001100010110011101100011011011000110111110100100011110001011000100011
01000000011100010001101011110101011011101001000111011101011101000011101110000010010011110000000100010010110011101100011011011000110111110100100011110001011000100011
01000000011100010001101011110101011011101001000011111111101101000011101110000011011011000101110101100010110011101100011011011000110111110100100011110001011000100011
01000000011100010001101011110101011011101001000111011101011101000011100000011011100011000101110101100010110011101100011011011000110111110100100011110001011000100011
01000000011100010001101011110101011011101001000111011101011101000011100000011101100001000101110101100010110011101100011011011000110111110100100011110001011000100011
01000000011100010001101001001011010011111111010100001000111011100010001011110011011011000101110101100010110011101100011011011000110111110100100011110001011000100011
01000000011100010001101011110101011011101001000111011101011101000011100000011100010111011101110001100010110011101100011011011000110111110100100011110001011000100011
01000000011100010001101011110101011011101001000111011101011101000011101110000011011011000100011101100010110011101100011011011000110111110100100011110001011000100011
01000000011100010001101001001010001101100001000110010010000110111010010010000011011011000101110101100010110011101100011011011000110111110100100011110001011000100011
01000000011100010001101001001011010011111111010100001000111011100010010010000011011011000101110101100010110011101100011011011000110111110100100011110001011000100011
01000000011100010001101011110101011011101001000111011101011101000011100000011100010001000101110101100010110011101100011011011000110111110100100011110001011000100011
01000000011100010001101001001011010011111111011110010010000110111010010010000011011011000101110101100010110011101100011011011000110111110100100011110001011000100011
01000000011100010001101011110101011011101001000111011101011101000011101110000011011011000101110101100010110011101100011011011000110111110100100011110001010110100011
01000000011100010001101011110101011011101001000111011101011101000011100000011100010111011110010111010101111010011000010000100101110001110100100011110001011000100011
01000000011100010001101011110101011011101001000111011101011101000011101110000011011011000101110101100010110011101011111011011000110111110100100011110001011000100011
01000000011100010001101011110101011011101001000111011101011101000011101110000011011011000101110101100010110011101100011011011000110111110100100011110001011000100011
