01111000101111111000101111100001110111111001100011101001010101001100011111000000001000100010101101111001000110011110000011011110001110001000010111111100100010100111
01111000101111111000101111100001110111111001100011101001010101001100011111000000001000100010101101010111010101001010000110000100100010000101000110110110110010100111
01111000101111111000101111100001110111111001100011101001010101001100011111000000001000100010101100011010100001000001101111101111111010011100110111111100100010100111
01111000101111111000101111100001110111111001100011101001010101001100011111000000001000100010100100101101110001001110001100111101100010000101000110110110110010100111
01111000101111111000101111100001110111111001100011101001010101001100011111000000001000100010101101111001000110011110000010101011111000000000001111111100100010100111
01111000101111111000101111100001110111111001100011101001010101001100011111000000001000100010101101010111110001000101100001110011100000101111000110110110110010100111
01111000101111111000101111100001110111111001100011101001010101001100011111000000001000100010101100100100001100111010000110000100100010000101000110110110110010100111
01111000101111111000101111100001110111111001100011101001010101001100011111000000001000100010101101111001000110011110000011011110010010100010000110110110110010100111
01111000101111111000101111100001110111111001100011101001010101001100011111000000001000100010101110101111000011011000111011110001111110110011111111111100100010100111
01111000101111111000101111100001110111111001100011101001010101001100011111000000001000100010101101111001000110011110000011011110001110001000010110110110110010100111
01111000101111111000101111100001110111111001100011101001010101001100011111000000001000100010101110100111010101001010000110000100100010000101000110110110110010100111
01111000101111111000101111100001110111111001100011101001010101001100011111000000001000100010101100000100001100111010000110000100100010000101000110110110110010100111
01111000101111111000101111100001110111111001100011101001010101001100011111000000001000100010101101111001000110011110000011011110001111110010001111111100100010100111
01111000101111111000101111100001110111111001100011101001010101001100011111000000001000100010101100011010100001000001101111101111111010011100000111111100100010100111
01111000101111111000101111100001110111111001100011101001010101001100011111000000001000100010101101111001000110011110000011011110001111111010111111111100100010100111
01111000101111111000101111100001110111111001100011101001010101001100011111000000001000100010101100011010100001000001101111101111111010011100110110000001101000000011
01111000101111111000101111100001110111111001100011101001010101001100011111000000001000100010101101111001000110011110000011011110001111110010001111111100100010100111
