01001001100111100010000101010100001000001001000000101010110000100011110100101011110011101001010100101000111011110101100100000001000101001111110110010110110111111001
01001000000100001000000001111101011000000110101111101010111000000101001001110010010101011100000011000100110100111011010110001111010011011111110110010110110111111001
01001000000100000010111101101110010011100000010100001010010010100011110100101011110011101001010100101000111011110101100100000001000101001111110110010110110111111001
01001001100111100010000101010110100111111111000110001010111000000100001101100001000011010111010100101000111011110101100100000001000101001111110110010110110111111001
01001001100111100010000101010100001000001001000000101010110000100011110100101011110011101001010100101000111011110101100100000001000101110011100101010110110111111001
01001000000100001000000001111101011000000110101111101010111000000101001001110010010101101001010100101000111011110101100100000001000101001111110110010110110111111001
01001000000100111100010001111101011000000110101111101010111000000101001001110010010101011100000011000100110100111011010110001111010011011111110110010110110111111001
01001001100111100010000101010100001000001001000000101010110000100011110100101011110011101001010100101000111011110101100100000001000101110011100011010110110111111001
01001000000100001101011101001001001110101010110000001111001001100000111101010100001011010111010100101000111011110101100100000001000101001111110110010110110111111001
01001000000100001000000001111101011000000110101111101010111000000101001001110010010101011110010100101000111011110101100100000001000101001111110110010110110111111001
01001001100111100010000101010100001000001001000000101010110000100011110100101011110011101001010100101000111001110011100100000001000101001111110110010110110111111001
01001000000100001000000001111111110111001111010001000100110100001100001001110010010101011100000011000100110100111011010110001111010011011111110110010110110111111001
01001000000100001000000001111111110111001111010001000100110100001101000011110000100001010001000101011001110111010101111001011111100010000111111101010010011011011001
01001001100111100010000101010100001000001001000000101010110000100011110100101011110011101001010100101000111011110101100100000001000101001111110110010111100001111001
01001000000100001000000001111101011000000110101111101010111000000101001110011010110001110011000101011001110111010101111001011111100010000111111101010010011011011001
01001000000100001000000001111101011000000110101111101010111000000101011101111101001101110001011100111110101011001110000101000011110111011000000011100000001111011001
01001001100111010011111110010101100000100011110111110101000000100011110100101011110011101001010100101000111011110101100100000001000101001111110110010110110111111001
