01110110111010100101011011011100011101001010100111111100111101011010110101111110110010010111001011101101110011010111110010010000110101110100101110011111111011001110
01110110001000110111000010101101011101001010100111111100111101011010110101111110110010010111001011101101110011010111110010010000110101110100101110011111111011001110
00110100111010100010000101000100001011010000100111111100111101011010110101111110110010010111001011101101110011010111110010010000110101110100101110011111111011001110
00101000101000000010011001101110001011010000100111111100111101011010110101111110110010010111001011101101110011010111110010010000110101110100101110011111111011001110
00101011011011011001000110001010000011110000100111111100111101011010110101111110110010010111001011101101110011010111110010010000110101110100101110011111111011001110
01111100001000101001000110001010000011110000100111111100111101011010110101111110110010010111001011101101110011010111110010010000110101110100101110011111111011001110
01110110001000101001000110001010000011110000100111111100111101011010110101111110110010010111001011101101110011010111110010010000110101110100101110011111111011001110
00110100001000101001000110001010000011110000100111111100111101011010110101111110110010010111001011101101110011010111110010010000110101110100101110011111111011001110
00101010100000110001000110001010000011110000100111111100111101011010110101111110110010010111001011101101110011010111110010010000110101110100101110011111111011001110
01110110111010100001001101110000011101001010100111111100111101011010110101111110110010010111001011101101110011010111110010010000110101110100101110011111111011001110
01110110111010111110100110001010000011110000100111111100111101011010110101111110110010010111001011101101110011010111110010010000110101110100101110011111111011001110
00110110101100101100011001101110001011010000100111111100111101011010110101111110110010010111001011101101110011010111110010010000110101110100101110011111111011001110
00101010100000001011100111011100011101001010100111111100111101011010110101111110110010010111001011101101110011010111110010010000110101110100101110011111111011001110
01110100011101000101000110001010000011110000100111111100111101011010110101111110110010010111001011101101110011010111110010010000110101110100101110011111111011001110
01110110111010111111010011001010001011010000100111111100111101011010110101111110110010010111001011101101110011010111110010010000110101110100101110011111111011001110
01110110111010111111010100111111100001100010100111111100111101011010110101111110110010010111001011101101110011010111110010010000110101110100101110011111111011001110
11011111000010010010101000101010001011010000100111111100111101011010110101111110110010010111001011101101110011010111110010010000110101110100101110011111111011001110
