11011101100101011011101000011010001001000100011101001111000000010111011100000101011111010000011101000011001101000100100100101110101101010100111010101100110010110010010011111001000110
11011101100101011011101000011010001001000100011101001111000000010111011100000101011111010000011101000011001101000100100100101110101101010000011010001001011110000101010101100100010010
11011101100101011011101000011010001001000100011101001111000000010111011100000101011111010000011101000011001101000100101100010000110111001111110011000011111010000001110010110011100010
11011101100101011011101000011010001001000100011101001111000000010111011100000101011111010000011101000011001101000100100100101110101101010000011010000010110001010001011110001101011010
11011101100101011011101000011010001001000100011101001111000000010111011100000101011111010000011101000011001101000100100100101110101101001000110111000011111010000001110010110011100010
11011101100101011011101000011010001001000100011101001111000000010111011100000101011111010000011101000011001101000100100100101110101101010000011010001001000100000101010101100100010010
11011101100101011011101000011010001001000100011101001111000000010111011100000101011111010000011101000011001101000100101010000001011011110010011110001001011110000101010101100100010010
11011101100101011011101000011010001001000100011101001111000000010111011100000101011111010000011101000011001101000100100100101110101101010000011010001001011110000101011111010101011010
11011101100101011011101000011010001001000100011101001111000000010111011100000101011111010000011101000011001101000100100100101110101000001000111011011011011110000101010101100100010010
11011101100101011011101000011010001001000100011101001111000000010111011100000101011111010000011101000011001101000100100100101110101000001000111011010000110001010001011110001101011010
11011101100101011011101000011010001001000100011101001111000000010111011100000101011111010000011011000000010110110000000100101110101101010100111010101100110010110010010011111001000110
11011101100101011011101000011010001001000100011101001111000000010111011100000101011110111001111011001111110110101101001101100010010000100000110111000011111010000001110010110011100010
11011101100101011011101000011010001001000100011101001111000000010111011100000101011111010000011011000000010110110000000100101110101101010000011010001001011110000101010101100100010010
11011101100101011011101000011010001001000100011101001111000000010111011100000101011111010000011101000011001101000100101010000011010110111100110111000011111010000001110010110011100010
11011101100101011011101000011010001001000100011101001111000000010111011100000101011111010000011011000000010101011100101001111011100000000101001110110100011001011010111000101001000110
11011101100101011011101000011010001001000100011101001111000000010111011100000101011111010000011101000011001101000100100111101101001011011101000011000011111010000001110010110011100010
11011101100101011011101000011010001001000100011101001111000000010111011100000101011111010000011101000011001101000100100100101110101101010100111010101100110010110010010011111001000110
