10110110000011100100011111000011000101110110001101000000011001111000001010001011110001111111110011000000111110101100101000111100101111100110000010001100010000111110010011101001100011
10001011010101010001001011011011011111000101101100001011110100011100001110100110111110100111001111001001001100010100101000111100101111100110000010001100010000111110010011101001100011
10110110001101110001010110001010100101101111101111011101110100011100001110100110111110100111001111001001001100010100101000111100101111100110000010001100010000111110010011101001100011
11100000011011010000000101110100110100110111101111011101110100011100001110100110111110100111001111001001001100010100101000111100101111100110000010001100010000111110010011101001100011
01101110001111101111100101111100011100101010000101100001000001000010010110100110111110100111001111001001001100010100101000111100101111100110000010001100010000111110010011101001100011
10110110000011100100011111000011000110011011001001001100001011100110010010001011110001111111110011000000111110101100101000111100101111100110000010001100010000111110010011101001100011
11100000011011011101001100111101010100101010000101100001000001000010010110100110111110100111001111001001001100010100101000111100101111100110000010001100010000111110010011101001100011
11100000011011010000000101110100110100111001001111000101101111110011101101010111011001100010101100010111010000111101000000011111001111100110000010001100010000111110010011101001100011
11100001100111111110000010111001111000111001001111000101101111110011101101010111011001100010101100010111010000111101000000011111001111100110000010001100010000111110010011101001100011
11100001100111111110000010111001111000000011110000011111110100100000101001100110111110100111001111001001001100010100101000111100101111100110000010001100010000111110010011101001100011
11100000011011010000000101110100110100111001100101100001011110100000010111010111110100111001000011110001100000111101000000011111001111100110000010001100010000111110010011101001100011
11100000011011010000000101110100110100111000000111001111011010001111011111000000010011100111001111001001001100010100101000111100101111100110000010001100010000111110010011101001100011
10110110000011100100011111000011000100001101101010000011010011011100001110100110111110100111001111001001001100010100101000111100101111100110000010001100010000111110010011101001100011
11100000011011010000000101110100110100111000000111001110000111011110000110110000110110000101100001011011000010111001100010011000101011001001010010110010111100011110110110101110000011
10001011010000000010101100111000101100110100100001101101001101110110001011100000110110000101100001011011000010111001100010011000101011001001010010110010111100011110110110101110000011
10001011010101010001001011011011011111000101101100001011101011011110000110110000110110000101100001011011000010111001100010011000101011001001010010110010111100011110110110101110000011
10001011010000001001101000001010011000011100111010110110011001110000011001001000101110010111011001111011011111000101100100001011101010000101001100101001011111000111011000101110010011
