01110101011011111011010000110111110010110010001110100011000101101110000000110000111100010011000110110100000011001010011011011110011111001110011110100101011010101110111010011100000101
00110011010101001111100010110111110010110010001110100011000101101110000000110000111100010011000110110100000011001010011011011110011111001110011110100101011010101110111010011100000101
01101001101011100000010100010111110010110010001110100011000101101110000000110000111100010011000110110100000011001010011011011110011111001110011110100101011010101110111010011100000101
01100101011101100101011011100001011111101000111011001000010011000011011010000111010111001010001001010011010001111011010110011010111110110010100001010100001101001010101100100100000101
01110101011011110001100001111011110101011110110101000110110000100111011011100100001101101010000111001100000000000111000010110000000011010000010110001010101110101111100011000100000101
01110101011011110001100001111011001110101100000011001000011010100011111111100000101001101111011010001011000001011100000101111010011100100010011101110111011110100101111011010110001010
11011101000001110000010100010111110010110010001110100011000101101110000000110000111100010011000110110100000011001010011011011110011111001110011110100101011010101110111010011100000101
01110101011011110001100001111011110101010001010111110001101010100100011111000000111110110011000110110100000011001010011011011110011111001110011110100101011010101110111010011100000101
01100101011101100101011011100001011111101000111011001000010011000011011010000101010111000101101011101110110110100001001100100101001100011011100000010001101111111110111010011100000101
01100101011101100101011011100001011111101000111011001000011111001100100110001111001001000000010111010100111001010100111100100001101011011101001110111110111100101101101111111100000101
01100101011101100101011011100001011111101000111011001000010011000011011010000101010111110011010001100000101111111100010100100000111101011001011011101011010111111011101110011100000101
01110101011011110010010010000010101010100111001110110000011010100011111111100000101001101111011010001011000001011100000101111010011100100010011101110111011110100101111011010110001010
01100101011101100101011011100001011111101000111011001000010011000011011010000101010111000101101011101110110110100001001100100101001100001011011010111101001011101101110010001000000101
01110101011011111011010000110111110010110010001110100011000101101110000000110000111100010011000110110100000011001010011010001000010110101110011101110111011110100101111011010110001010
00110011010100000101010011110111110010110010001110100011000101101110000000110000111100010011000110110100000011001010011011011110011111001110011110100101011010101110111010011100000101
01100101011101100101011011100001011111101000111011001000010011000011011010000101010111000101101011101110111010111101101010101100000101110110010000110010001011101101110010001000000101
01110101011011110001100001111011001110101100000011001000011010100011111111100000101001101111011010001011000001011100000101111010011100100010011101110111011110100101111011010110001010
