00010110100011001000011010100011110010011110111000111110010000011000010010111111011101110101100100110011101000000101010101001000100110110010010100110000101100110000111000001100010011
00010110100011001000011010100011110010011110111000111110010000011000010010111111011101110101100100110011001001111011010011110011000110110010010100110000101100110000111000001100010011
00010110100011001000011010100011110010011110111000111110010000011000010010111111011101110101100100110011101000001100011100101101001010110100011110110000101100110000111000001100010011
00101110100101110101011100000101100110111111010101110011000111101101010110010010111111100101000011111100000101100110001010001010111011001000110100001100111001101110011000001100010011
00010110100011001000011010100011110010011110111000111110010000011000010010111111011101110101110000101111010011011000010001100011011001001110010101001100111001101110011000001100010011
00010110100011001000011010100011110010011110111000111110010000011000010010111111011101110101110000101111010011011000010001100011011001000100110100001100111001101110011000001100010011
00010110100011001000011010100011110010011110111000111110010000011000010010111111011101110101110000101111010011010010100001111100110101100101101111110011100011011111010101000110011100
00010110100011001000011010100011110010011110111000111110010000011000010010111111011101110101110000101111000001110011010010011101010000100100111001111100111001101110011000001100010011
00010110100011001000011010100011110010011110111000111110010000011000010010111111011101110101110000101111010011011000111010100111101001010011010111011100111001101110011000001100010011
00010110100011001000011010100011110010011110111000111110010000011000010010111111011101110101100100110011101000000101010101001000100110111000000010110000101100110000111000001100010011
00010110100011001000011010100011110010011110111000111110010000011000010010111111011101110101100100110011101000001100011100101101001111101100111000110000101100110000111000001100010011
00010110100011001000011010100011110010011110111000111110010000011000010010111111011101110101110000101111010011011000011110100110000100100011111001100100100101001110011000001100010011
00010110100011001000011010100011110010011110111000111110010000011000010010111111011101110101110000101111000001100110110000000111011110000001001100110000101100110000111000001100010011
00010110100011001000011010100011110010011110111000111110010000011000010010111111011101110101110000101111010011010010100001111100110101100101111010010001010001110011100111100110011100
00010110100011001000011010100011110010011110111000111110010000011000010010111111011101110101110000101111010011010010100001111100110101100101101010000011100011011111010101000110011100
00010110100011001000011010100011110010011110111000111110010000011000010010111111011101110101110000101111010011011000111010100111101001010000101101100011100011011111010101000110011100
00010110100011001000011010100011110010011110111000111110010000011000010010111111011101110101100100111010101011111111110100100110010110110011010111011100111001101110011000001100010011
