00011010010100110111001111110000110011101110101100010111011011010100110100101111101011001001100011011100010000010011001000100111010011111001010100010101101110100100111001000101110101
10001001000001000000100010011100010011101000011010101100101011100111001010101111101011001001100011011100010000010011001000100111010011111001010100010101101110100100111001000101110101
00011010010100110111001111110000110011101110101100010111010000100011111111110101100011010001000101011100010000010011001000100111010011111001010100010101101110100100111001000101110101
00011010010100110111001111110000110011101110101100010111010000100011111010101111101011001001100011011100010000010011001000100111010011111001010100010101101110100100111001000101110101
00011010010100110111001111110000110011101110101100010111010000100011111111110101100011010001000101011100010111100010110111011000111000110101101000110001001011001101101101100101011110
00011010010100110111001111110000110011101110101100010111010000100011111111110111000101010000110110100010100111010011001000100111010011111001010100010101101110100100111001000101110101
10001001000000100111100011000110000110100000010011110011000110111111010111110001001000011010010010100110011010010100001111101000011001100010100100100010110010011110011100100010010101
00011010010100110111001111110000110011101110101100010111010000100011111111111010100000110100001100011100010000010011001000100111010011111001010100010101101110100100111001000101110101
10001001000001000000100010011100010011101000011010101100110011010010010110101111101011001001100011011100010000010011001000100111010011111001010100010101101110100100111001000101110101
10001001000001000000100010011100010011101000011010101100110011010010010110101011101101011010001100101111110100100100011100000010110111100011001001101110010001111100100001001000010101
00011010010100110111001111110000110011101110101100010111010000100011111111110101100011010001000101011100010111100010110111011000111000110101101000110110111101001011101110110101010001
00011010010100110111001111110000110011101110101100010111010000100011111111110101100011010001000101011100010111100010110111011000111000110101101000110000101110100100111001000101110101
10001001000001000000100010011100010011101000011010101100101011100111110001101111111100101111110111001101110010111001010110000101101110110010111011001000101110100100111001000101110101
10001001000001000000100001010001111101110011000111010011100011000001011100000111101011001001100011011100010000010011001000100111010011111001010100010101101110100100111001000101110101
10001001000001000000100010011100010011101000011010101100011011111101100001011011111110100100011111000101100001001010001010010100001000011101001101100100101000010110101111101000010101
00011010010100110111001111110000110011101110101100010111010000100011111111110111000001111110101000011000110101100010100011111011011011001101111111100010110010011110011100100010010101
10001001000001000000100010011100010011101000011010101100110011010010010110101011101101011010001100101111110100100100011100000010110111100011001001101111010000100000010110000101011110
