00011000011100110101111010100110010100100110000001100100000011001100110000010101101000011010000101000000001010110110110111111101000101001110011010110011011101001011000111011111100101
00011000011100110101111010100110010100100110000001100100000011100000000100000110011010110101001111010011100011011111001001110101100110111000101110010000110001110001110111011111100101
00011000011100110101111010100110010100100111000011110000011101101100111100100010101011001101001101101011010111000110111000100001101100001101000101000110011111101001101101000010010001
00011000011100110101111010100110010100100110000001100100000011100010101000010101101000011010000101000000001010110110110111111101000101001110011010110011011101001011000111011111100101
00000101110011001000110110100101000111001000001011000100100110011001000000000001100101001001100010100011110101001010111011000001001100101001011100110111001101010010011010010101101010
00011000011100110101111010100110010100100110000001100100000011100011101001000101101001011010101011010110110001001000000011001011110000011000011011100100001000001101110111011111100101
00011000011100110101111010100110010100100110000001100100000011100011101000110011011111100010111000110001100010101101101110001100110110111000101110010000110001110001110111011111100101
00011000011100110101111010100110010100100110000001100100000011001100110000010101101000011010000101000000001010110110110111111101000101001110011010110011011101001011000100110011000001
00011000011100110101111010100110010100100110000001100100000011001100110000010101101000011010000101000000001000100101110110101000111100010100010010001000101000000001010010001101101010
00011000011100110101111010100110010100100110000001100100000011100000000100000110011010110101001111010011100011011111001001110101100110111001001111000010101110000111000111011111100101
00011000011100110101111010100110010100100110000001100100000011001100110000010101101000011010000101000000001010110110110111111110111011110110010011100100001000001101110111011111100101
00000101110011001000110110100101000001101010001101011010011000010101111000100010101011001101001101101011010111000110111000100001101100001101000101000110011111101001101101000010010001
00000101110011001000110110100101000001101010001101001101000010101000001100101001000100010000001111010011100011011111001001110101100110111000101110010000110001110001110111011111100101
00011000011100110101111010100110010100100110000001100100000011100011101001000101101001011010101011010011100011011111001001110101100110111000101110010000110001110001110111011111100101
00011000011100110101111010100110010100100110000001100100000011100011101000010101101000011010000101000000001010110110110111111101000101001110011010110011011101001011000111011111100101
00011000011100110101111010100110010100100110000001100100000010011010111001111010001110100101111110011110110001001000000011001011110000011000011011100100001000001101110111011111100101
00011000011100110101111010100110010100100110000001100100000011001100110000010101101000011010000101000000001010110110110111111101000101001110011010110011011101001011000111011111100101
