10001000101001001001001111001101001110101001001011010000101110001000100101010110011111001001010110000010100101000001010111101000100100111010001010001010001110011000101010000001100111
10001000101001001001001111001101001110101001001011010000111110110111111110010000100110011111011001000011110011010110111010001110100001100000001111011010101111111010110011001110110111
10001000101001001001001111001101001110101001001011010000111110110101110110001100001100111001110011000001111001101000001000100110100001100000001111011010101111111010110011001110110111
10001000101001001001001111001101001110101001001011010000111110110111000101111011011100100000000011110010111110100001111001100001010000110010100000111111101111111110110111001100011011
10001000101001001101010110111100011111010000100010111010000100111011101110000100110110001000011101110000101001000001010111101000100100111010001010001010001110011000101010000001100111
10001000101001001001001111001101001110101001001011010000111110110111010101111011011100100000000011110010111110100001111001100001010000110010100000111111101111111110110111001100011011
10001000101001001001001111001101001110101001001011011000111011011101110111110000100110011111011001000011110011010110111010001110100001100000001111011010101111111010110011001110110111
10001000101001001001001111001101001110101001001011010000101110001000100101010110011111001001010110000010100101000001110101100100011100010110101110001010001110011000101010000001100111
10001000101001001001001111001101001110101100010111111000100010011000010101000111110100111001011011111111011010001111010110001010010001111010010000111111101111111110110111001100011011
10001000101001001001001111001101001110101001001011010000111110110111011010001010111011100100111110111110111101110011100100100101000011111100011001011011001111111110110111001100011011
10001000101001001001001111001101001110101001001011010000111110110100101100001000001110100000100001110101001001000001010111101000100100111010001010001010001110011000101010000001100111
10001000101001001001001111001101001110101100011101001001100100100010001101111011011100100000000011110010111110100001111001100001010000110010100000111111101111111110110111001100011011
10001000101001001001001111001101001110101001001011010000111110110111000101011001100000000011010000011101101001010010001000111110011111001100010010011100000101100100011111001100011011
10001000101001001001001111001101001110101001001011010000111110110111111110010000100110011111011001000011111001101000001000100110100001100000001111011010101111111010110011001110110111
10001000101001001001001111001101001110101001001011010000101110001000100101010110011111001001010110010001011010001000001000100110100001100000001111011010101111111010110011001110110111
10001000101001001001001111001101001110101001001011010000111110110111000000000001000110110110111010110100100010110101000110100011010000110010100000111111101111111110110111001100011011
10101100110101100101010001000011010111111001111011011110011001111011010101000000100110001010011001010111000110110010010010001011111011010101100100001100000010100000011000011000011010
