00101100001001100110000000110011101101011000111000001000101011001000101001011101010010110000110000001011111001100000110101011000101011111011011000011111000010111101000100100110100100
00101100001001100110000000110011101101111111101000001000101011001000101001011101010010110000110000001011111001100000110101011000101011111011011000011111000010111101000100100110100100
01110010110011100110000000110011101101011000111000001000101011001000101001011101010010110000110000001011111001100000110101011000101011111011011000011111000010111101000100100110100100
00100100110111100110000000110011101101011000111000001000101011001000101001011101010010110000110000001011111001100000110101011000101011111011011000011111000010111101000100100110100100
00101100100000000010001101000100111011011000111000001000101011001000101001011101010010110000110000001011111001100000110101011000101011111011011000011111000010111101000100100110100100
00101100001001100110000000110011101101011000111000001000101011001000101001011101010010110000110000001011111001100000110101011000101011111011011000011111000010111101001011000101101010
00101100001011100110000000110011101101011000111000001000101011001000101001011101010010110000110000001011111001100000110101011000101011111011011000011111000010111101000100100110100100
00101100001001100110000000110011000111101111101000001000101011001000101001011101010010110000110000001011111001100000110101011000101011111011011000011111000010111101000100100110100100
00101100001001100110000000110011101101011000111000001000101011001000101001001001010010110000110000001011111001100000110101011000101011111011011000011111000010111101000100100110100100
00101100001001100110000000100010001010011101110001001000101011001000101001011101010010110000110000001011111001100000110101011000101011111011011000011111000010111101000100100110100100
00101100001001100110000000110011101101011000111000001000101011001000101001011101010010110000110000001011111001100000110101001010101001010011011000011111000010111101000100100110100100
01110010110011101001110000110011101101011000111000001000101011001000101001011101010010110000110000001011111001100000110101011000101011111011011000011111000010111101000100100110100100
00101100001001100110000000110011101101011000111000001000101011001000101001011101010010110000110000001011111001100000110101011000101011111011011000011111000010111101000100100110101111
01110011110111100110000000110011101101011000111000001000101011001000101001011101010010110000110000001011111001100000110101011000101011111011011000011111000010111101000100100110100100
00101100001001100110000000110011101101011110110101101111101110110000101001011101010010110000110000001011111001100000110101011000101011111011011000011111000010111101000100100110100100
00101100001001100110000000110011101101011000111000001000101011001000101001011101010010110000110000001011111001100000110101011000101011111011011000011111000010111101000100100110001111
00101100001001100110000000110011101101011000111000001000101011001000101001011101010010110000110000001011111001100000110101011000101011111011011000011111000010111101000100100110100100
