11110110010110111001100111101011111000100001011011011010011001111001011100011111001001000110011001111010010000000111001010100100110011110110010011111000011110001101010000011010000110
11110110010110111001100111101011111000100001101011011010011001111001011100011111001001000110011001111010010000000111001010100100110011110110010011111000011110001101010000011010000110
11110110010011100001000001101000101100011100010101110001001111010100001001001100011100001100001110001010111100110000100111001011100001010101100011110001011111011011110011111010000110
11110110010110111001100111101011111000100001101110110001001111010100001001001100011100001100001110001010111100110000100111001011100001010101100011110001011111011011110011111010000110
11110110010110111001100111101011111000100001101110011001001111010100001001001100011100001100001110001010111100110000100111001011100001010101100011110001011111011011110011111010000110
11110110010110111001100111101011111000100001100100101000010101000001000001000101000001011110111111101000010001011011010001001001101001110101010001011111110010010000110001111111110110
11110110010011100001000001101000101100011100011111010110000000101101000101101110010100110011010011001010111100110000100111001011100001010101100011110001011111011011110011111010000110
11110110010011100001000001101000101100011100010000011111101000100101010010000000110100110011010011001010111100110000100111001011100001010101100011110001011111011011110011111010000110
11110110010110111001100111101011111000100001011011011010011001111001010011111001110111011010100011010000001001011011110001100110111011100000001000100111110010000100011110011001010110
11110110010011100001000001101000101100011101101010000101010101111010000101111011100010111000111011000001100111010011010000101100010000001110111001110100110101011000110001111111110110
11110110010110111001100111101011111000100001101010000101010101111010000101111011100010111000111011000001100111010011010000101100010000001110111001110100110101011000110001111111110110
11110110010011100001000001101000101100011100010101110001001111010100001001001100011100001100001110001010111100110000100111001011100001010101100011110001011101100110011110011001010110
11110110010110111001100111101011111000100100000011111011001011110110111101010111000111000001111101100110110011011100101100010011111100001010000010011000101000110101010000011010000110
11110110010110111001100111101011111000100001101110110001001111010100001001001100011100001100001110001010111100110000100111001011100001010101100011110001011101100110011110011001010110
11110110010110111001100111101011111000100001101110011001001111010100001001001100011100001100001110001010111100110000100111001011100001010101100011110001011101100110011110011001010110
11110110010110111001100111101011111000100001101011011010011001111001010011111001110111011010100011010000001001011011110001100110111011100000001000100111110010000100011110011001010110
11110110010110111001100111101011111000100100000101111101010011000101100011001101111000101000100101011110000011010100000101100010110101010100010011110001011111011011110000001001010110
