10011100011000010111011111100011011001101110111001010101100001000101111010101100110111011000111010010000110101100101111110111000011101101011101110111000010101011010011101010011000101
10011100011000010111011111100011011001101110111001010101100001000101111010101100110111011000111010011000101000111100010101000111000010010011010101000100010111110000001101000110100101
10011100011000010111011111100011011001101110111001010101100001000101111010101010001010000111110111110110001010010101101010100110011100100111111000001010100001110000001101000110100101
10011100011000010111011111100011011001101110111001010101100001000101111010101100110111011000111010010000110101100101111110111001001000100111111000001010100001110000001101000110100101
10011100011000010111011111100011011001101110111001010001001000110101000000011001011100001110010111001010000000100100101000011000010101101000000011001100110001101110011011100011110111
10011100011000010111011111100011011001101110111001010101100001000101111010101100110111011000111010010000110101001111111110111000011101101011101110111000010101011010011101010011000101
10011100011000010111011111100011011001101110111001010101100001000101111010101100110111011000111010010000110101100101111110111001001011011001110101001010100001110000001101000110100101
10011100011000010111011111100011011001101110111001010101100001000101111010101100110111011000111010010000110101100101111110111000011101101011101110111000010101011010011101000110100101
10011100011000010111011111100011011001101110111011110000110011000111101101111110011011101111100000010010010000001000011111011000101001011111111000001010100001110000001101000110100101
10011100011000010111011111100011011001101110111001010101100001000101111010101100110111011001001101001000100101100011001000000111010101101000000011001100110001101110011011100011110111
10011100011000010111011111100011011001101110111011110000110011000111101101111110011011101111100000010010010000001000011111011000101001000101100001010100100110111100111000010100100101
10011100011000010111011111100011011001101110111011110000110011000111101101111110011011101111100000010010010000001000011110101010001111011101101000011111010100110001110110101001111000
10011100011000010111011111100011011001101110111001010001001000110101000100110101110010111111001011101000111101000110001010010000100001101000000011001100110001101110011011100011110111
10011100011000010111011111100011011001101110111001010101100001000101111010101100110111011000111010010000110101001111111110110101001111011101101000011111010100110001110110101001111000
10011100011000010111011111100011011001101110111001010101100001000101111010101100110111011000111000001111001111000000001111001111100110000011111001110110100011011010011101010011000101
10011100011000010111011111100011101110001100100010111110111011110111100011101011011101011011010010011000011000111111101010100110011100100111111000001010100001110000001101000110100101
10011100011000010111011111100011011001101110111001010101100001000101111010101100110111011000111010010000110101100101111110111000100110011101111001011000101111101111111010111001110111
