11101010110000000100001011010001001111101011001100100000101110011101011110010001100011010011000110111110111101110011001001101100111111011100011100011001000101100101110000011101011101
11101010101101111001010100111100010111001101011010000101111100011000101100001000110111001111000110111111000011010101111111000101010100101111010010101111111101111111010011011100110111
11101010101101111001010100111110111011010010100000001001101101111111101001000011001111001111000110111111000011010101111111000101010100101111010010101111111101111111010011011100110111
11101010101101111001010100111100010111001101011010111010110000000010000011101010001011010011000110111110111101110011001001101100111111011100011100011001000101100101110000011101011101
11101010110000000100001011010001001111010110011010110001000111101010110101110101110111001111000110111111000011010101111111000101010100101111010010101111111101111111010011011100110111
11101010101101111001010100111110111011010001111010111010110000000010000011101010001011010011000110111110111101110011001001101100111111011100011100011001000101100101110000011101011101
11101010101101111001010100111110111011010010100000001001101101111111101001000011001101001111000110111110111101110011001001101100111111011100011100011001000101100101110000011101011101
11101010101101111001010100111110111011010001110000001011111100000011101110010001100011010011000110111110111101110011001001101100111111011100011100011001000101100101110000011101011101
11101010101101111001010100111100010111001011000110001110110101011110011111100111001011010011000110111110111101110011001001101100111111011100011100011001000101100101110000011101011101
11101010101101111001010100111110111011010011001101111010110110010100110000101110111110101010000001011101100011100011011100000001011100100001001100011110111101111110111011011110110111
11101010101101111001010100111110111011010010100001001100100010111001101000101000110111001111000110111111000011010101111111000101010100101111010010101111111101111111010011011100110111
11101010110000000100001011010001001111101011001100100000101110011101011110001110111110101010000001011101100011100011011100000001011100100001001100011110111101111110111011011110110111
11101010101101111001010100111110111011010010100100011010101010110101110110111101011100011001101011100101110110111110101001101000001110011010111001111001010101111001010001110010101111
11101010110000000100001011010001001111101010011000011111011100101001110100011110101110101010000001011101100011100011011100000001011100100001001100011110111101111110111011011110110111
11101010101101111001010100111100010111001101011010011010101010110101110110111101011100011001101011100101110110111110101001101000001110011010111001111001010101111001010001110010101111
11101010101101111001010100111110111011010010100000001001100011100010010010101000110111001111000110111111000011010101111111000101010100101111010010101111111101111111010011011100110111
11101010110000000100001011010011100011110100111110101010101010110101110110111101011100011001101011100101110110111110101001101000001110011010111001111001010000110101010001110010101111
