01001111011100101010010110100010101110001101000111010011101011110101111100010100001010010111000001001100111111111100101100011000000100110000110001100111110111000111011110011011001011
01001111011100100001011100011000101011101101100111110011101011110101111100010100001010010111000001001100111111111100101100011000000100110000110001100111110111000111011110011011001011
01001111011100101010010110100010101110001101000111010011101011110101111100011100001010010111000001001100111111111100101100011000000100110000110001100111110111000111011110011011001011
01001111011100101010010110100010101110001101000111010011101011110101111100010100001010010111000001001100111111111001101100011000000100110000110001100111110111000111011110011011001011
01001111011100101010010110100010101110001101000111010011101011110101111100010100001010010001101000010010011100111000010111110101011001110000110001100111110111000111011110011011001011
01001111011101100010011100011000101011101101100111110011101011110101111100010100001010010111000001001100111111111100101100011000000100110000110001100111110111000111011110011011001011
01001111011100100001011100011000101001111101000111010011101011110101111100010100001010010111000001001100111111111100101100011000000100110000110001100111110111000111011110011011001011
01001111011100101010010110101100011110001101000111010011101011110101111100010100001010010111000001001100111111111100101100011000000100110000110001100111110111000111011110011011001011
01001111011100101011101100101000110011101101100111110011101011110101111100010100001010010111000001001100111111111100101100011000000100110000110001100111110111000111011110011011001011
01001111011100101010111010101000101110001101000111010011101011110101111100010100001010010111000001001100111111111100101100011000000100110000110001100111110111000111011110011011001011
01001111011100101010010110111100101101101101100111110011101011110101111100010100001010010111000001001100111111111100101100011000000100110000110001100111110111000111011110011011001011
01001111011100101010010110100010101110001101000111010011101011110101111100010100001010010001101000010010100101001111000001011000000100110000110001100111110111000111011110011011001011
01001111011100100001011100011000101011101101100111110011101011110101111100011100001010010111000001001100111111111100101100011000000100110000110001100111110111000111011110011011001011
01001111011100101010010111111100110010011101111000111000010001110101111100010100001010010111000001001100111111111100101100011000000100110000110001100111110111000111011110011011001011
01001111011100111110011010000010101110001101000111010011101011110101111100010100001010010111000001001100111111111100101100011000000100110000110001100111110111000111011110011011001011
01001111011100101010010110100010101110001101000111010011101011110101111100010100001010010111000001001100111111111100101100011000000100110000110001100111110111000111011110010001000100
01001111011100101010010110100010101110001101000111010011101011110101111100010100001010010111000001001100111111111100101100011000000100110000110001100111110111000111011110011011001011
