00111110011001001100001100100101001000101101011111001011010001111011100111000111011000011011001111011100001111000001101000110110000111010111011101111101100010111110111111000111001011
00111110011001001100001100100101001000101001101011010100000101010011011000111111011100010000111110111100010101001010101000001011000101001011011010010101001110011010001010010100001011
00111110011001001100001100100101001000101001101011010100000101010011011000111111011100010000111110001100100100110110111000111100111110110011110011110010100010111110111111000111001011
00111110011001001100001100100101001000010010100011101010111000001100001111000100001011100101000000001001110111000110101000001011000101001011011010010101001110011010001010010100001011
00111110011001001100001100100101001000101101011111001011010001111011100111000111011000011011001111011100001111000001101000110110000111010111011101111101100001001010001010010100001011
00111110011001001100101001110001011010000001010110100000000111010110111101110010110011001101100010000110111010101010111110011011011101100011110011110010100010111110111111000111001011
00111110011001001100001100100101001000101001101011010100000101010011011000111111011100010000111110111100010101011111001011010110101010001100010000111100101011101110111111000111001011
00111110011001001100001100100101001000101101011111001011010001111011001100111010111011111110000000100000101100001111101100011011011101100011110011110010100010111110111111000111001011
00111110011001001100001100100101001000101001101011010100000101010011011000111111011100010000111110111100010101011111001011010110101010001100010000111101100010111110111111000111001011
00111110011001001100001100100101001000101101011111001011010001111011100111000111011000011011001111011100001111000001101000110110000010001110111110100100101011101110111111000111001011
00111110011001001100001100100101001000101101011111001011010001111011100111000111011000011011001111011100001111010110100100010001000111001001011110111101100010111110111111000111001011
00111110011001001100001100100101001000101001101011010100000101010011011000111111011100010000111110111100010101011111001010001110100000110110000101111000010110111100000101000001001011
00111110011001001100001100100101001000101101011111001011010001111011100111000111011000011011001111011100001111000001101000110110000010001111111011111101011101101101111101000001001011
00111110011001001100001100100101001000101001101011010100000101010011011000111111011100010000111110111100010101001010101000010000010110110001011010110010100010111110111111000111001011
00111110011001001100001100100101001000010010100011101010111000001100001111000100001011100101000000001001110111000110101001001101100001011110111001111101100010111110111111000111001011
00111110011001001100001100100101001000101001101011010100000101010011011000111111011100010000111110111100010101011111110011011011110000111000010011110001010111101010101111101000001011
00111110011001001100001100100101001000010010100011101010100011100101110110100000011010110000011111101110111101111001100110000110111011111011101010000001000000011101001111101000001011
