010011101001101111111011000110010001111100101101010100100110100001110011011001011011100101011000100000101100110001111011110010110101100111000100100101101111011111110
010011101001101111111011000110010001111100101101010100100110100001110011011001011011100101011000100000101100110001111011110010110101100111000100100100111001011111110
010011101001101111111011000110010001111100101101010100100110100001110011011001011011100101011000100000101100110001111011110010110101100111000100100101101101001111110
010011101001101111111011000110010001111100101101010100100110100001110011011001011011100101011000100000101100110001111011110010110101100111000100100111011001011111110
010011101001101111111011000110010001111100101101010100100110100001110011011001011011100101011000100000101100110001111011110010110101100111000100100101101100111111110
010011101001101111111011000110010001111100101101010100100110100001110011011001011011100101011000100000101100110001111011110010110101100111000100100101101011011111110
010011101001101111111011000110010001111100101101010100100110100001110011011001011011100101011000100000101100110001111011110010110101100111011111100000001111011111110
010011101001101111111011000110010001111100101101010100100110100001110011011001011011100101011000100000101100110001111011110010110101100111000100100101111111011111110
010011101001101111111011000110010001111100101101010100100110100001110011011001011011100101011000100000101100110001111011110010110101100111000100100101101001011111110
010011101001101111111011000110010001111100101101010100100110100001110011011001011011100101011000100000101100110001111011110010110101100111000110010001011001011111110
010011101001101111111011000110010001111100101101010100100110100001110011011001011011100101011000100000101100110001111011110010110101100111011111100000111101011111110
010011101001101111111011000110010001111100101101010100100110100001110011011001011011100101011000100000101100110001111011110010110101100111000100100110001101011111110
010011101001101111111011000110010001111100101101010100100110100001110011011001011011100101011000100000101100110001111011110010110101100111000100100101101011010010011
010011101001101111111011000110010001111100101101010100100110100001110011011001011011100101011000100000101100110001111011110010110101100111000100100100111111011111110
010011101001101111111011000110010001111100101101010100100110100001110011011001011011100101011000100000101100110001111011110010110101100111000100100101110000011111110
010011101001101111111011000110010001111100101101010100100110100001110011011001011011100101011000100000101100110001111011110010110101100111011111100000010000011111110
010011101001101111111011000110010001111100101101010100100110100001110011011001011011100101011000100000101100110001111011110010110101100111000100100101101011010010011
