110000011010010010011001010001011011101101000011101000101100100011010111101001010101010001101100110101000101100011100001001011010000001001000111011000000111110011001
101100101110001111010110101110100101010111101100100111011010011110011100110100110101010000001010111100001110101100111100100101111001000111010101111110101011000011001
011011011110111011110011110111111100110101110111010111101111111110011100110100110101010000001010111100001110101100111100100101111001000111010101111110101011000011001
101100101110001111010110101110100101011001000001010111011010011110011100110100110101010000001010111100001110101100111100100101111001000111010101111110101011000011001
101100101110001111010110101110100101010111101100100111011010011110011100110100110101010000001010111100001110101100111100100101111001000111010101111110101111110011001
101100101110001111010110101110100101010111101100100111011010011110011100110100110101010000001010111100001110101100111100100101111001000111010101111110101011100111001
011011011110111011110011110111111100110101110111010110110010011110011100110100110101010000001010111100001110101100111100100101111001000111010101111110101011000011001
011011011110111011110011110111111100110101110111010111101001001110011100110100110101010000001010111100001110101100111100100101111001000111010101111110101011000011001
011011011110111011110011110111111100110101110111010110110000010000101101000101111010111110001010111100001110101100111100100101111001000111010101111110101011000011001
110000011010010010011001010001011011101101000011101011111100100011010111101001010101010001101100110101000101100011100001001011010000001001000111011000000111110011001
011011011110111011110011110111111100110101110111010111101111111110011100110100110101010000001010111100001110101100111100100101111001000111010101111110101111110011001
011011011110111011110011110111111100110101110111010100001111111110011100110100110101010000001010111100001110101100111100100101111001000111010101111110101011000011001
101100101110001111010110101110100101011001000001010111011010011110011100110100110101010000001010111100001110101100111100100101111001000111010101111110101111110011001
101100101110001111010110101110100101010111101100100111011010011110011100110100110101010000001010111100001110101100111100100101111001000111010101111110101011100000000
011011011110111011110011110111111100110101110111010111101111111110011100110100110101010000001010111100001110101100111100100101111001000111010101111110101011100111001
101100101110001111010110101110100101011001000001010111011010011110011100110100110101010000001010111100001110101100111100100101111001000111010101111110101011100111001
101100101110001111010110101110100101011001000001010111011010011110011100110100110101010000001010111100001110101100111100100101111001000111010101111110101011100000000
