001110111000100001011111001111100111001100100010011111000011011001101111101000101000010001101011001010001011111100011010011100011111110100111110111100000010110011100
001110111000100001011111001111100111001100100010011111000011011001101111101000101000010001101011001010001011111100011000111000011111110100111110111100000010110011100
001110111000100001011111001111100111011101010011000011000011011001101111101000101000010001101011001010001011111100011010011100011111110100111110111100000010110011100
001110111000100001011111001111100111001100100010011111000011011001101111101000101000110001110011100111101100100100011100000011110100100011100001110010011100100011100
001110101101000010101101000011011010010011110000100011000011011001101111101000101000010001101011001010001011111100011010011100011111110100111110111100000010110011100
001110111000100001011111001111100111001100100010011111000011011001101111101000101000010001101011001010001011111100011000111001000011111001011110111100000010110011100
001110111000100001011111001111100111011101010011000011000011011001101111101000101000010001101011001010001011111100011000111000011111110100111110111100000010110011100
001110101101000010101101000010101000011101010011000011000011011001101111101000101000010001101011001010001011111100011010011100011111110100111110111100000010110011100
001110111000100001011111001111100111001100100010011111000011011001101111101000101000010001101011100111101100100100011100000011110100100011100001110010011100100011100
001110101101000010101101000011011010010011110000100011000011011001101111101000101000010001101011001010001011111100011000111000011111110100111110111100000010110011100
001110111000100001011111001111100111011101010011000011000011011001101111101000101000110001110011100111101100100100011100000011110100100011100001110010011100100011100
001110111000100001011111001111100111001100100010011111000011011001101111101000101000010001101011001010001011111100011100000011110100100011100001110010011100100011100
001110111000100001011111001111100111011101010011000011000011011001101111101000101000010001101011001010001011111100011000111001000011111001011110111100000010110011100
001110111000100001011111001111100111001100100010011111000011011001101111101000101000010001101011001010001011111100001101100111110100100011100001110010011100100011100
001110101101000010101101000011011010010011110000100011000011011001101111101000101000110001110011100111101100100100011100000011110100100011100001110010011100100011100
001110111000100001011111001111100111001100100010011111000011011001101111101000101000010001101011001010001011111100100110000011110100100011100001110010011100100011100
001011000100110011100101011000001000000000101110111111000011011001101111101000101000010001101011100111101100100100011100000011110100100011100001110010011100100010101
