001010000101110101011101011100011000010001011110010001000101010111010001010010110011101001101011100111110110000001101011011000110001011111001110110110100100011110001
001010000101110101011101011100011000010001011110010001000101010111010001010010110011101001101011100111110110000001101011011000110001110000100100111010000100011110001
001010000101110101000110101010111010001110111011111000000111111000011001001001110011101001101011100111110110000001101011011000110001110000100100111010000100011110001
001010000101110101000110101010111010001110111011111000000111111000011001001001110011101001101011100111110110000001101011011000110001011111001110110110100100011110001
101100110000001110101110001010111010110000111011111000000111111000011001001001110011101001101011100111110110000001101011011000110001110000100100111010000100011110001
101100110000001110101110001010111010110000111011111000000111111000011001001001110011101001101011100111110110000001101011011000110001011111001110110110100100011110001
001010000101110101011101011100011000010001011110010001000101010111010001010010110011101001101011100111110110000001101011011000110001011111001111000011000100011110001
001010000101110101011101011100011000010001011110010001000101010111010001010010110011101001101011100111110110000001101011011000110001110000100100111011000100011110001
001010000101110101011101011100011000010001011110010001000101010111010001010010110011101001101011100111110110000001101011011000110001011111001110101011100000010110001
001010000101110101011101101111100101100101101010001000101000010100011101010010110011101001101011100111110110000001101011011000110001011111001110110110100100011110001
001010000101110101011101101111100101100101101010001000101000010100011101010010110011101001101011100111110110000001101011011000110001110000100100111010000100011110001
001010000101110101011101011100011000010001011110010001000101010111010011001001110011101001101011100111110110000001101011011000110001011111001110110110100100011110001
001010000101110101011101011100011000010001011110010001000101010111010001010010110011101001101011100111110110000001101011011000110001110000100110000010100100011110001
000000100000100100100010110011001011000110101101010110110111111000011001001001110011101001101011100111110110000001101011011000110001011111001110110110100100011110001
001010000101110101011101011100011000010001011110010001000101010111010011001001110011101001101011100111110110000001101011011000110001110000100100111010000100011110001
101000011101110111010010110011001011000110101101010110110111111000011001001001110011101001101011100111110110000001101011011000110001011111001110110110100100011110001
001010000101110101011001000100001000010010001110011101100110000000111101011010100101000010111001111010111110110111100011010001011011100101110101011010011001010010100
