000100011101111010111001100001011001101001111011100100010110011101101110011001001010110000100110001001011110011010011011111110100001001100011100010110011100111000001
000100011101111010111001100001011001101001111011100100010110011101101110011001011101001000100110001001011110011010011011111110100001001100011100010110011100111000001
000100011101111010111001100001011001101001111011100100010110011101000011001001001010110000100110001001011110011010011011111110100001001100011100010110011100111000001
000100011101111010111001100001011001101001111011100100010110011101111011100010001010110000100110001001011110011010011011111110100001001100011100010110011100111000001
000100011101111010111001100001011001101001111011100100010110011101101110000000111000010000100110001001011110011010011011111110100001001100011100010110011100111000001
000100011101111010111001100001011001101001111011100100010110011101000011001000111000010000100110001001011110011010011011111110100001001100011100010110011100111000001
000100011101111010111001100001011001101001111011100100010110011101101110011001001010110000100110001001011110011010011011111110100001001100101111001000100110010001000
000100011101111010111001100001011001101001111011100100010110011101101110101111110001001000100110001001011110011010011011111110100001001100011100010110011100111000001
000100011101111010111001100001011001101001111011100100010110011101101110000011100010110000100110001001011110011010011011111110100001001100011100010110011100111000001
000100011101111010111001100001011001101001111011100100010110011101101110011001001010110000100110001001011110011010011011111110100001001100101111101011101000011001000
000100011101111010111001100001011001101001111011100100010110011101101111101111100110110000100110001001011110011010011011111110100001001100011100010110011100111000001
000100011101111010111001100001011001101001111011100100001101100000011001111000001010110000100110001001011110011010011011111110100001001100011100010110011100111000001
000100011101111010111001100001011001101001111011100100010110011101101110011001001010110000100110001001011110011010011011111110100001001100101111001000100110000111000
000100011101111010111001100001011001101001111011100100010110011101101110001111001010110000100110001001011110011010011011111110100001001100011100010110011100111000001
000100011101111010111001100001011001101001111011100100010110011101101110011001001010110000100110001001011110011010011011111110100001001100011100010110011100111000000
000100011101111010111001100001011001101001111011100100010110011101101110000010001010110000100110001001011110011010011011111110100001001100011100010110011100111000001
000100011101111010111001100001011001101001111011100100010110011101101110011001001010110000100110001001011110011010011011111110100001001100011100010110011100111000001
