010111010110001111011100101000111100001110011110111010111000101000111100101000101010011000001010001010000100111110011111000000111110001001100010110111011010101110000
010111010110001111011100101000111100001110011110010000110100000010000110101100011001100101111110101100111100111110011111000000111110001001100010110111011010101110000
010111010110001111011100011011000001111010010000111101001100101111100011110000101001011000001010001010000100111110011111000000111110001001100010110111011010101110000
010111010110001111011100011011000001111001011110110101001100101111100011110000101001011000001010001010000100111110011111000000111110001001100010110111011010101110000
010111010110001111011100011011000001000100111000100101010110001110111011010100101010011000001010001010000100111110011111000000111110001001100010110111011010101110000
010111010110001111011100101000111100001110011110111010111000101000111100101000001010101011111110101100111100111110011111000000111110001001100010110111011010101110000
010111010110001111011100101000111100001110011110010000110100000010000110101100001010101011111110101100111100111110011111000000111110001001100010110111011010101110000
010111010110001111011100101000111100001110011110111010111000101000111100101000100101101000000011011000001000001101100010110100011110101010011110110111011010101110000
010111010110001111011100011011000001111010010000111101001100101111100011000110010101011011111110101100111100111110011111000000111110001001100010110111011010101110000
010111010110001111011100011011000001101100011110010000110100000010000110101100011001100101111110101100111100111110011111000000111110001001100010110111011010101110000
010111010110001111011100101000111100001110011110010000110100000010000110101100001111100100100011101111011000111110011111000000111110001001100010110111011010101110000
010111010110001111011100101000111100001110011110010000110100000010000110101100011100001011111110101100111100111110011111000000111110001001100010110111011010101110000
010111010110001111011100011011000001111010010000111101001100101111100011110000101001000101111110101100111100111110011111000000111110001001100010110111011010101110000
010111010110001111011100101000111100001110011110010000110100000010000110101100011100001011110111111101011001111001110000111000010010001001100010110111011010101110000
010111010110001111011100011011000001111001011110110101001100101111100011000110010101011011111110101100111100111110011111000000111110001001100010110111011010101110000
010111010110001111011100011011000001111001011110010000110100000010000110101100011001100101111110101100111100111110011111000000111110001001100010110111011010101110000
010111010110001111011100101000111100001110011110111010111000101000111100101000001010101101101110110111011000111110011111000000111110001001100010110111011010101110000
