011101101001000001111100001101101101111001010001111101111100000111101100111100011000110001001001011000000100000111001000000100111110101110110001010001100100100100110
011101101001000001111100001101101101111001010001111101111100000111101100111100011000110001001001011000000100000111001000000100111110100110100111111101110111000000110
011101101001000001111100001101101101111001010001111101111100000111101100111100011000110001001001011000000100000111001000000110100111110100010101000101001111111100110
011101101001000001111100001101101101111001010001111101111100000111101100111100011000110001001001011000000100000111001000000100111110000101001010000011010000010000110
011101101001000001111100001101101101111001010001111101111100000111101100111100011010101011100000111100010110100001001101111100001000110111100001011001000110101100110
011101101001000001111100001101101101111001010001111101111100000111101100111100011010101011100000111100010110100001001101100011100001110111100001011001000110101100110
011101101001000001111100001101101101111001010001111101111100000111101100111100011000110001001001011000000100000111001000000100111110000011010101000101001111111100110
011101101001000001111100001101101101111001010001111101111100000111101100111100011000110001001001011000000100000111001000000100111110100100010010011111101111111100110
011101101001000001111100001101101101111001010001111101111100000111101100111100011000110001001001011000000100000111001000000100001011100111010000000101001111111100110
011101101001000001111100001101101101111001010001111101111100000111101100111100011000110001001001011000000100000111001000000100111110100010010001111000011001000100110
011101101001000001111100001101101101111001010001111101111100000111101100111100011000110011111000011000111001111000001011101101110000011000000110000000011001000100110
011101101001000001111100001101101101111001010001111101111100000111101100111100011000110001001001011000000100000111001000000100111110010011100101000101001111111100110
011101101001000001111100001101101101111001010001111101111100000111101100111100011000110001001001011000000100000111001000000100111110010110011000000101001111111100110
011101101001000001111100001101101101111001010001111101111100000111101100111100011000110001001001011000000100000111001000000100111110110010110010011111101111111100110
011101101001000001111100001101101101111001010001111101111100000111101100111100011000110001001001011000000100000111001000000100010010010110011000000101001111111100110
011101101001000001111100001101101101111001010001111101111100000111101100111100011000110001001001011000000100000111001000000100111000011010100101000101001111111100110
011101101001000001111100001101101101111001010001111101111100000111101100111100011000110001001001011000000100000111001000000100111110100110100111111101110111001100111
