000010011110101000010110011111101101100011111110101101011100111101011100101111011101100000001011100100100001101010001101101111010011100011100110001111010101101001111
000010011110101000010110011111101101100011111110101101011100111101011100101111011101100000001000011100100001101010001101101111010011100011100110001111010101101001111
000010011110101000010110011111101101100011111110101101011100111101011100101111011101100000011100011100100001101010001101101111010011100011100110001111010101101001111
000010011110101000010110011111101101100011111110101101011100111101011100101111011101100000011001100100100001101010001101101111010011100011100110001111010101101001111
000010011110101000010110011111101101100011111110101101011100111101011100101111011101100000001000100100100001101010001101101111010011100011100110001111010101101001111
000010011110101000010110011111101101100011111110101101011100111101011100101111011101100000011011100100100001101010001101101111010011100011100110001111010101101001111
000010011110101000010110101011101100100011111110101101011100111101011100101111011101100000001011100100100001101010001101101111010011100011100110001111010101101001111
000010011110101000010110011111101101100011111110101101011100111101011100101111011101100000010111100100100001101010001101101111010011100011100110001111010101101001111
000010011110101000010110011111101101100011111110101101011100111101011100101111011101100000010011100100100001101010001101101111010011100011100110001111010101101001111
000010011110101000010110011111101101100011111110101101011100111101011100101111011101100000011000011100100001101010001101101111010011100011100110001111010101101001111
000010011110101000010110011111101101100011111110101101011100111101011100101111011101100000011101000100100001101010001101101111010011100011100110001111010101101001111
000010011110101000010110011111101101100011111110101101011100111101011100101111011101100000110111100100100001101010001101101111010011100011100110001111010101101001111
000010011110101000010110101011101100100011111110101101011100111101011100101111011101100000001000011100100001101010001101101111010011100011100110001111010101101001111
000010011110101000010110011111101101100011111110101101011100111101011100101111011101100000001000001010100100111101011011101100010011100011100110001111010101101001111
000010011110101000010110011111101101100011111110101101011100111101011100101111011101100000011110011100100001101010001101101111010011100011100110001111010101101001111
000010011110101000010110101011101100100011111110101101011100111101011100101111011101100000011100011100100001101010001101101111010011100011100110001111010101101001111
000010011110101000010110011111101101100011111110101101011100111101011100101111011101100000001011100100100001101010001101101111010011100011100110001111010101101001111
