010111110110001110100101101101100110101001110100000111111000001100110100011110110100000101010110111010111101110100101110110110001101000101010110110001000111111110110
010111110110001110100101101101100110101001110100000111111000001100110100011110110100000101010110111010111101110100101110110110001101000101010110110001001111110111010
010111110110001110100011110010001010111101100110110011011000001100110100011110110100000101010110111010111101110100101110110110001101000101010110110001000111111110110
010111110110001110100011110010001010111101100110110011011000001100110100011110110100000101010110111010111101110100101110110110001101000101010110110001001111110111010
010111110110001110100011000101100110101001110100000111111000001100110100011110110100000101010110111010111101110100101110110110001101000101010110110001000111111110110
010111110110001110100000111100001010111101100110110011011000001100110100011110110100000101010110111010111101110100101110110110001101000101010110110001000111111110110
010111110110001110100010010100000100110011011100011010110101000100110100011110110100000101010110111010111101110100101110110110001101000101010110110001000111111110110
010111110110001110100101101101100100011010001001110000010101000100110100011110110100000101010110111010111101110100101110110110001101000101010110110001000111111110110
010111110110001110100101101101100110101001110100000111111000001100110100011110110100000101010110111010111101110100101110110110001101000101010110110001001101000010110
010111110110001110100011110010001010111101100110110011011000001100110100011110110100000101010110111010111101110100101110110110001101000101010110110001001101000010110
010111110110001110100010010100000100110011011100011000101110010000100100011110110100000101010110111010111101110100101110110110001101000101010110110001000111111110110
010111110110001110100000111100001110011101100110110011011000001100110100011110110100000101010110111010111101110100101110110110001101000101010110110001000111111110110
010111110110001110100011000101100110101001110100000111111000001100110100011110110100000101010110111010111101110100101110110110001101000101010110110001001111110111010
010111110110001110100000111100001110011101010101001110101101101110111110011110110100000101010110111010111101110100101110110110001101000101010110110001000111111110110
010111110110001110100101101101100110101001110100000111111000001100110100011110110100000101010110111010111101110100101110110110001101000101010110111011111110000110110
010111110110001110100000111100001010111101100110110011011000001100110100011110110100000101010110111010111101110100101110110110001101000101010110110001001111110111010
010111110110001110100010010100000100110011011100011010110111100110110100011110110100000101010110111010111101110100101110110110001101000101010110110001001111110111010
