000000010010110100100010101100000110111100011000001110100011111000101010001000110111110100101101110110111100001110100000010101111011001010010000001011010011100101010
000000010010110100100010101100000110111100011000001110100011111000101010001000110111110100101101110110111100001110100000010101111011001010010000001011010010101101010
000000010010110100100010101100000110111100011000001110100011111000101010001000110111110100101101110110111100001110100000010101111011001010010000001011010010110010101
000000010010110100100010101100000110111100011000001110100011111000101010001000110111110100101101110110111100001110100000010101111011001010010011001010000101000101010
000000010010110100100010101100000110111100011000001110100011111000101010001000110111110100101101110110111100001110100000010101111011001010010000001011010000000101010
000000010010110100100010101100000110111100011000001110100011111000101010001000110111110100101101110110111100001110100000010101111011001010010000001010000101000101010
000000010010110100100010101100000110111100011000001110100011111000101010001000110111110100101101110110111100001110100000010101111011000111111001110101110100000001110
000000010010110100100010101100000110111100011000001110100011111000101010001000110111110100101101110110111100001110100000010101111011001010010110010100111100100101010
000000010010110100100010101100000110111100011000001110100011111000101010001000110111110100101101110110111100001110100000010101111011001010010000001000011100100101010
000000010010110100100010101100000110111100011000001110100011111000101010001000110111110100101101110110111100001110100000010101111011001010010000001011010010101100010
000000010010110100100010101100000110111100011000001110100011111000101010001000110111110100101101110110111100001110100000010101111011000111111001000011011000010001010
000000010010110100100010101100000110111100011000001110100011111000101010001000110111110100101101110110111100001110100000010101111011000111111001110100001111100101010
000000010010110100100010101100000110111100011000001110100011111000101010001000110111110100101101110110111100001110100000010101111011001010010001010101011000010001010
000000010010110100100010101100000110111100011000001110100011111000101010001000110111110100101101110110111100001110100000010101111011000111111001110100001111111101010
000000010010110100100010101100000110111100011000001110100011111000101010001000110111110100101101110110111100001110100000010101111011000111111001110100001111101010101
011100010011011101100010101100000110111100011000001110100011111000101010001000110111110100101101110110111100001110100000010101111011001010010000001011010010110010101
000000010010110100100010101100000110111100011000001110100011111000101010001000110111110100101101110110111100001110100000010101111011001010010000001011010010110010101
