011010010011101011000001000100011001110111110111000011000001011100101110110110100111111100101010100100100011000001011111111010010010001000011101001110100100110110010
011010010011101011000001000100011001110111110111000011000001011100101110110110100111111100101010100100100011000001011111111010010010001000011101001110100100110110100
011010010011101011000001000100011001110111110111000011000001011100101110110110100111111100101010100100100011000001011111111010010010001000011101001110100100110100100
011010010011101011000001000100011001110111110111000011000001011100101110110110100111111100101010100100100011000001011111111010010010001000011101001110100100110011010
011010010011101011000001000100011001110111110111000011000001011100101110110110100111111100101010100100100011000001011111111010010010001000011101001110100100110100010
011010010011101011000001000100011001110111110111000011000001011100101110110110100111111100101010100100100011000001011111111010010010001000011101001110100100011100010
011010010011101011000001000100011001110111111111001011000001011100101110110110100111111100101010100100100011000001011111111010010010001000011101001110100100110110010
011010010011101011000001000100011001110111110111000011000001011100101110110110100111111100101010100100100011000001011111111010010010001000011101001110100100110000010
011010010011101011000001000100011001110111110111000011000001011100101110110110100111111100101010100100100011000001011111111010010010001111000111000010111101101101010
011010010011101011000001000100011001110111110111111110100011100100101110110110100111111100101010100100100011000001011111111010010010001000011101001110100100110110010
011010010011101011000001000100011001110111111111001011000001011100101110110110100111111100101010100100100011000001011111111010010010001000011101001110100100110110100
011010010011101011000001000100011001110111110111000011000001011100101110110110100111111100101010100100100011000001011111111010010010001000011101001110100100011100100
011010010011101011000001000100011001110111110111000011000001011100101110110110100111111100101010100100100011000001011111111010010010001000011101000011011101000011100
011010010011101011000001000100011001110111110111000011000001011100101110110110100111111100101010100100100011000001011111111010010010001000011101111101011001110100100
011010010011101011000001000100011001110111110111111110100011100100101110110110100111111100101010100100100011000001011111111010010010001000011101001110100100110110100
011010010011101011000001000100011001110111110111000011000001011100101110110110100111111100101010100100100011000001011111111010010010001000011101000011011111110100100
011010010011101011000001000100011001110111110111000011000001011100101110110110100111111100101010100100100011000001011111111010010010001000011101001110100100110110100
