110111101100111110110010000001110101111010101110001010010010001100000111010010101110000101101011000001011111011100011110011011110011000001101001110100011011110111101
110111101100111110110010000001110101111010101110001010010010001100000111010010101110000101101011000001011111011100011110011011110011000001101001110100011000101111001
110111101100111110110010000001110101111010101110001010010010001100000111010010101110000101101011000001011111011100011110011011110011000001101011100101000111101011101
110111101100111110110010000001110101111010101110001010010010001100000111010010101110000101101011000001011111011100011110011011110011000001101011110101001111111011101
110111101100111110110010000001110101111010101110001010010010001100000111010010101110000101101011000001011111011100011110011011110011000001101001110100011000101100010
110111101100111110110010000001110101111010101110001010010010001100000111010010101110000101101011000001011111011100011110011011110011000001101001000111100101011011101
110111100001110001111110010000100000111010101110001010010010001100000111010010101110000101101011000001011111011100011110011011110011000001101001110100011011110111101
110111101100111110110010000001110101111010101110001010010010001100000111010010101110000101101011000001011111011100011100000001000110100011110011000001110110111011101
110111101100111110110010000001110101111010101110001010010010001100000111010010101110000101101011000001011111011100011110011011110011000001101001110101001100001111101
110111100001110001111110010000100000111010101110001010010010001100000111010010101110000101101011000001011111011100011110011011110011000001101001110100011000101111001
110111100001110001111110010000100000111010101110001010010010001100000111010010101110000101101011000001011111011100011110011011110011000001101011100101000111101011101
110111100001110001111110010000100000111010101110001010010010001100000111010010101110000101101011000001011111011100011110011011110011000001101011110101001111111011101
110111101100111110110010000001110101111010101110001010010010001100000111010010101110000101101011000001011111011100011110011011110011000001101001110100001111111011101
110111100001110001111110110100100000111010101110001010010010001100000111010010101110000101101011000001011111011100011110011011110011000001101001110100011011110111101
110111101100111101110110001001110101111010101110001010010010001100000111010010101110000101101011000001011111011100011110011011110011000001101001110100011011110111101
110111101100111110110010000001110101111010101110001010010010001100000111010010101110000101101011000001011111011100011110011011110011000001101001110100011011110111001
110111101010110100110010000001110101111010101110001010010010001100000111010010101110000101101011000001011111011100011110011011110011000001101001110100011000101100010
