01110010100010011101100010111001111110110101010010100100111100000011100100011101100110010001111111100011011011101010110110101110010101011010101000010101010100011001
01110010100010011101100010111001111110110101010010100100111101000000100010111111001110110011100010011010000110111010111101101001001001101100001001001011001100011001
01110010100010011101100010111001111110110101010010100100111100000011100100011101100110010000111010011010000110111010111101101001001001101100001001001011001100011001
01110010100010011101100010111001111110110101010010100100111100001001011110010100101000000100101000111110000110111010111101101001001001101100001001001011001100011001
01110010100010011101100010111001111110110101010010100100111010000100101000010000111011101000100110010011101000011010010000111101100010001010100110110100101011111001
01110010100010011101100010111001111110110101010010100100111100001010000100110110001011110100000010011010000110111010111101101001001001101100001001001011001100011001
01110010100010011101100010111001111110110101010010100100111111010010001100111010100111111000100110010011101000011010010000111101100010001010100110110100101011111001
01110010100010011101100010111001111110110101010010100100111010000100101000010000111011101000100110010011101000011010010000111101100010001010111101101001001100011001
01110010100010011101100010111001111110110101010010100100111010000100101000010000111011101000100110010011101000011010010000111101100010001010111110000111101010011001
01110010100010011101100010111001111110110101010010100100111111010010001100111010100111111000100110010011101000011010010000111101100010001010111101101001001100011001
01110010100010011101100010111001111110110101010010100101000111011111000001101011010010111100001010011010000110111010111101101001001001101100001001001011001100011001
01110010100010011101100010111001111110110101010010100100111111010010001100111010100111111000100110010011101000011010010000111101100010001010111110000111101010011001
01110010100010011101100010111001111110110101010010100100111100000011100100011101100110010001111111100011011011101010110110101110010101011010101000010101110110011001
01110010100010011101100010111001111110110101010010100101000110011101110011111100111011101000100110010011101000011010010000111101100010001010100110110100101011111001
01110010100010011101100010111001111110110101010010100100111100000011100100011101100111111010110101111010110100011101101100011001110111111011010111101011000111011001
01110010100010011101100010111001111110110101010010100100010111100001101110010000111011101000100110010011101000011010010000111101100010001010100110110100101011111001
01110010100010011101100010111001111110110101010010100100101000011100010100001110000010111100101000111110000110111010111101101001001001101100010001110111111001000100
