10111010101010010001100111000110000111001101111101000011001110101010001110110011100110001100000101111100001101100100000101110001110110110000000110110000011000101001
10111010101010010001100111000110000110011000000010011111001110101010001110110011100110001100000101111100001101100100000101110001110110110000000110110000011000101001
10111010101010010001100111000110000111001101111101000011001110101010001110110011100110001100000100100100001101100100000101110001110110110000000110110000011000101001
10111010101010010001100010110100101011101101111101000011001110101010001110110011100110001100000101111100001101100100000101110001110110110000000110110000011000101001
10111010101010010001100111000110000000111000000010011111001110101010001110110011100110001100000101111100001101100100000101110001110110110000000110110000011000101001
10111010101010010001100010110100100100110000111101111111001110101010001110110011100110001100000101111100001101100100000101110001110110110000000110110000011000101001
10111010101010010001100010110100101000100100010001000011001110101010001110110011100110001100000101111100001101100100000101110001110110110000000110110000011000101001
10111010101010010001100111000110000110011000000010011110000110001010001010101011001100001100000101111100001101100100000101110001110110110000000110110000011000101001
10111010101010010001100010110100101001110111000010011111001110101010001110110011100110001100000101111100001101100100000101110001110110110000000110110000011000101001
10111010101010010001100111000110000110011000000010011111001110101010001110110011100110001100000100100100001101100100000101110001110110110000000110110000011000101001
10111010101010010001100111000110000111001101000010011111001110101010001110110011100110001100000101111100001101100100000101110001110110110000000110110000011000101001
10111010101010010001100111000110000110011111111101000011001110101010001110110011100110001100000101111100001101100100000101110001110110110000000110110000011000101001
10111010101010010001100010110100101000100100010000100010110011100001111111011100011110111111100110111010111101100100000101110001110110110000000110110000011000101001
10111010101010010001100010110101110000011101111101000011001110101010001110110011100110001100000101111100001101100100000101110001110110110000000110110000011000101001
10111010101010010001100111000110000110011000000010011111000111101010001110110011100110001100000101111100001101100100000101110001110110110000000110110000011000101001
10111010101010010001100111000110000111001101111101000011001110101010001110110011100110001100000101111100001101100100000101110001110110110000000110110000011011111100
10111010101010010001100111000110000111001101111101000011001110101010001110110011100110001100000101111100001101100100000101110001110110110000000110110000011000101001
