01000110001001101010011110111011011111010011100111010100001101001100101001011000100101011111110011101010010010000101000011100000111110001000010101001111011110101011
01000110001101001000000110111011011111010011100111010100001101001100101001011000100101011111110011101010010010000101000011100000111110001000010101001111011110101011
01000110001001101010011110111011011111010011100111010100001101001100101000110110111011011111110011101010010010000101000011100000111110001000010101001111011110101011
01000110001001101010011110111011011111010011101100010000100111010000000101010101100101011111110011101010010010000101000011100000111110001000010101001111011110101011
01000110001001101010011110111011011111010011101100011000101110101011001001011000100101011111110011101010010010000101000011100000111110001000010101001111011110101011
01000110001001101010011110111011011111010011101100011100110001111110101110110110111011011111110011101010010010000101000011100000111110001000010101001111011110101011
01011000001001101010011110111011011111010011100111010100001101001100101001011000100101011111110011101010010010000101000011100000111110001000010101001111011110101011
01000110001001101010011110111011011111010011101100010100001101001100101001011000100101011111110011101010010010000101000011100000111110001000010101001111011110101011
01000110001001101010011110111011011111010011100111010100001101001100101001011000100101011111111110010101010001101110000011100000111110001000010101001111011110101011
01000110001001101010011110111011011111010011100111010100001101001101011010010110111011011111110011101010010010000101000011100000111110001000010101001111011110101011
01000110001001101010011110111011011111010011100111010100001101001100101001011000100101011111110011101010010010000101000011100000111110001100010101001111011110101011
01000110001001101010011110111011011111010011101100010000100111010000000100111000100101011111110011101010010010000101000011100000111110001000010101001111011110101011
01000110010001101010011110111011011111010011100111010100001101001100101001011000100101011111110011101010010010000101000011100000111110001000010101001111011110101011
01000110001001101010011110111011011111010011100111010100001101001100101001011000100101011111110011101010010010000101000011100000111110001000101000110100110110101011
01000110001001101010011110111011011111010011100111010100001101001100101001011000100101011111110011101010010010000101000011100000111110001000101011100001101111101011
01000110001001101010011110111011011111010011100111010100001101001100101001011000100101011111110011101010010010000101000011100000111110001001111101001111011110101011
01000110001001101010011110111011011111010011100111010100001101001100101001011000100101011111110011101010010010000101000011100000111110001000010101001111011110101011
