11100001110001101000010000011100011101111011110100110101100111101011010001100101100110000111110110001001101110111100001000101101010111010110111001010001110010110111
10011010010111010101100100010110100010111101101000111101110001111001100011110010001000100110100111001011011100101011100110001100000011110110111001010001110010110111
11100001111111000000010011000110100010111101101000111101110001111001100011110010001000100110100111001011011100101011100110001100000011110110111001010001110010110111
10011010010111010101100100010110100010111101101000111101110001111001100011110010001000100110101000010110011100110101101011011101111000011110111001010001110010110111
11100001111111000000010011000110100010111101101000111101110001111001100011110010001000100110101000010110011100110101101011011101111000011110111001010001110010110111
11100001110001101000010000011100011101111011110100110101100111101011010001100101100110000111110010010111101010010001100110001100000011110110111001010001110010110111
11111001000010001001010011000110100010111101101000111101110001111001100011110010001000100110100111001011011100101011100110001100000011110110111001010001110010110111
11100001110001101000010000011100011101111011110100110101100111101011010001100101100110000111110110001001101110111100001000101101010111010111111001010001110010110111
11100001110001101000010000011100011101111011110100110101100111101011010001100101100110000111111111011101001110010111100110001100000011110110111001010001110010110111
11111001000010001001010011000110100010111101101000111101110001111001100011110010001000100110101000010110011100110101101011011101111000011110111001010001110010110111
11100001110001101000010011000110100010111101101000111101110001111001100011110010001000100110100111001011011100101011100110001100000011110110111001010001110010110111
11100001110001101000010000011100011101111011110100110101100111101011010001100101100110000111111111011101001110010111101110011010010001001011001111000101001110110111
11100001110001101000010000011100011101111011110100110101100111101011010001100101100110000111111111011101001110010111101110011010010001001011001111010100000110110111
10011010010111010101100100010110100010111101101000111101110001111001100011110010001000100110101000001101000000000010100110001100000011110110111001010001110010110111
11100001111111000011001000000101101100110100001000001001101111111101000011011000101100100011111010000001111000101110110101011001011111000000010110101010011010001011
11100001111111011101110010000101101100110100001000001001101111111101000011011000101100100011111010000001111000101110110101011001011111000000010110101010011010001011
01010111101111000101011110010000111001001100010010111000010010001000010000111101101111101010100110000111010010001111011000111000111110011101011111100010001100100010
