11011010100100001101001111101110101000011011110010011101110111111010001001010000011101010101000001001111011110110011111111100010001100000111100111010111100001000011
11011010100100001101001111101110101000011011110010011101110111111010001001010000011101010101000001001111011110110011111001000011010101000111100111010111100001000011
11011010100100001101001111101110101000011011110010011101110111111010001001010000011101010101000001001111011110110011111111100010001100000111101100110110111101010000
11011010100100001101001111101110101000011011110010011101110111111010001001010000011101010101000001001111011110110011111111100001110011000001100111010111100001000011
11011010100100001101001111101110101000011011110010011101110111111010001001010000011101010101000001001111011110110011111000110101110011000001100111010111100001000011
11011010100100001101001111101110101000011011110010011101110111111010001001010000011101010101000001001111011110110011111111100010010011000001100111010111100001000011
11011010100100001101001111101110101000011011110010011101110111111010001001010000011101010101000001001111011110110011111000110010000011100100010111110010010100111100
11011010100100001101001111101110101000011011110010011101110111111010001001010000011101010101000001001111011110110011111111111001010000011111001101101100000101011011
11011010100100001101001111101110101000011011110010011101110111111010001001010000011101010101000001001111011110110011111010101011010101000111100111010111100001000011
11011010100100001101001111101110101000011011110010011101110111111010001001010000011101010101000001001111011110110011111111100010000101100110001001110110111101010000
11011010100100001101001111101110101000011011110010011101110111111010001001010000011101010101000001001111011110110011111010100101110011000001100111010111100001000011
11011010100100001101001111101110101000011011110010011101110111111010001001010000011101010101000001001111011110110010101101100000100101100110001001110110111101010000
11011010100100001101001111101110101000011011110010011101110111111010001001010000011101010101000001001111011110110011111000111100010011010100001001101100000101011011
11011010100100001101001111101110101000011011110010011101110111111010001001010000011101010101000001001111011110110011111010100110111000010010001001101100000101011011
11011010100100001101001111101110101000011011110010011101110111111010001001010000011101010101000001001111011110110011111111100010011101100000111001110110111101010000
11011010100100001101001111101110101000011011110010011101110111111010001001010000011101010101000001001111011110110011111111100011100101100010010111110010010100111100
11011010100100001101001111101110101000011011110010011101110111111010001001010000011101010101000001001111011110110011111111100010000101100110001001110110111101010000
