00111110101101000011010011101011101110011010111100000111111111100111100000101100001100111101001010000111100001000011110101100100101001110111100010110110100001100001
00111110101101001111100111011111100011110100000110000111111111100111100000101100001100111101001010000111100001000011110101100100101001110111100010110110100001100001
00111110101101001111100010100001101110011010111100000111111111100111100000101100001100111101001010000111100001000011110101100100101001110111100010110110100001100001
00111110101101001111100010100001010000111010111100000111111111100111100000101100001100111101001010000111100001000011110101100100101001110111100010110110100001100001
00111110101101001111100101111100010011110100000110000111111111100111100000101100001100111101001010000111100001000011110101100100101001110111100010110110100001100001
00111110101101001111100111010001101110011010111100000111111111100111100000101100001100111101001010000111100001000011110101100100101001110111100010110110100001100001
00111110101101001111101001101011101110011010111100000111111111100111100000101100001100111101001010000111100001000011110101100100101001110111100010110110100001100001
00111110101101001111100010100001100011010101100001000001000001001010101011100101111100111101001010000111100001000011110101100100101001110111100010110110100001100001
00111110101101001111100111010000011001001010111100000111111111100111100000101100001100111101001010000111100001000011110101100100101001110111100010110110100001100001
00111110101101001111100010100001100010100000111100000111111111100111100000101100001100111101001010000111100001000011110101100100101001110111100010110110100001100001
00111110101101000110100011101011101110011010111100000111111111100111100000101100001100111101001010000111100001000011110101100100101001110111100010110110100001100001
00111110101101001111100101111100010010000010111100000111111111100111100000101100001100111101001010000111100001000011110101100100101001110111100010110110100001100001
00111110101101001110111011111010011101000100000110000111111111100111100000101100001100111101001010000111100001000011110101100100101001110111100010110110100001100001
00111110101101001111100010100011101110011010111100000111111111100111100000101100001100111101001010000111100001000011110101100100101001110111100010110110100001100001
00111111011000010011010011101011101110011010111100000111111111100111100000101100001100111101001010000111100001000011110101100100101001110111100010110110100001100001
00111110101101000000000001101110000001010111000000010010000101010000100111001011011101100000101011111000011001110000000010000100101001110111100010110110100001100001
00111110101101000011010011101011101110011010111100000111111111100111100000101100001100111101001010000111100001000011110101100100101001110111100010110110100001100001
