00100101010001011110010001111100011101110001001001011001111011111100010101101001111010011001111000011111110010001101011010101010000010000101101011100000010010110110
00100101010001011110010001111100000011011100001101110110111010110101001000100000110000111101111100001111000011001101011010101010000010000101101011100000010010110110
00100101010001011110010001111100011101110001001001011001111011111100010101101001111010011001111000011110000100001101011010101010000010000101101011100000010010110110
00100101010001011110010001111100011101110000110101001110111001101011110101101010010011001101011001110100011011001101011010101010000010000101101011100000010010110110
00100101010001011110010001111100011101110001001001011001111011111100010101101001111010011001111001011111000011001101011010101010000010000101101011100000010010110110
00100101010001011110010001111100011101110001001001011001111011100111001101110000001011001001011011100101100011001101011010101010000010000101101011100000010010110110
00100101010001011110010001111100011100000101000010001011000110001001101111110001101001010001010010110001010010001101011010101010000010000101101011100000010010110110
00100101010001011110010001111100000011011100001101110110111010110101001000100000110111001000000000010010110011001101011010101010000010000101101011100000010010110110
00100101010001011110010001111100000011100110100111110110111010110101001000100000110000111101111100001111000011001101011010101010000010000101101011100000010010110110
00100101010001011110010001111100000011011100001101110110111010110101001000100000110000111101111100001101000100001101011010101010000010000101101011100000010010110110
00100101010001011110010001111100000011011100001101110110111010110101001000100000110111001000000000011110000100001101011010101010000010000101101011100000010010110110
00100101010001011110010001111100011100000101001011110100111110111011111011001000100011110101010110110100011011001101011010101010000010000101101011100000010010110110
00100101010001011110010001111100000011100110110010101110101011110011010000100010000010101010011110100100000100001101011010101010000010000101101011100000010010110110
00100101010001011110010001111100011101110001001001011001111011111100010101101001111010011001111001001011010010001101011010101010000010000101101011100000010010110110
00100101010001011110010001111100011101110111101011000001110101001110000101100000100101000000101110000000001000100000110000001001111000011011101101000011100011110110
00100101010001011110010001111100000011100110110010101110101011110011010000100010000010101010010010101100010011100001001110100010010100010111010111000011100011110110
00100101010001011110010001111100011101110001000000000010110110010011000110001000110000111101111100000010010010111100110000100000110001000101101011100000010010110110
