11111100001011000001110111011010000100111101111101010111111011101100100001110111110000001101001100100000011111011100000101100011101110011100110010010101010111001010
11111100001011000001110111011010000100111101111101010111111011101100100001110111110000001001011100100000011111011100000101100011101110011100110010010101010111001010
11111100001011000001110111011010000100111101111101010111111011101100101110001011111111101111010100001001011111011100000101100011101110011100110010010101010111001010
11111100001011000001110111011010000100111101111101010111111011101100100001110111110000001000000100001001011111011100000101100011101110011100110010010101010111001010
11111100001011000001110111011010000100111101111101010111111011101100101110001011111111100010001100001001011111011100000101100011101110011100110010010101010111001010
11111100001011000001110111011010000100111101111101010111111011101100100001110111110000001100111100100000011111011100000101100011101110011100110010010101010111001010
11111100001011000001110111011010000100111101111101010111111011101100100001110111110000001000010100001001011111011100000101100011101110011100110010010101010111001010
11111100001011000001110111011010000100111101111101010111111011101100100001110111110000001100100110011101011101011100000101100011101110011100110010010101010111001010
11111100001011000001110111011010000100111101111101010111111011101100100001110111110000001000000100100000011111011100000101100011101110011100110010010101010111001010
11111100001011000001110111011010000100111101111101010111111011101100101110001011111111101011010110011101011101011100000101100011101110011100110010010101010111001010
11111100001011000001110111011010000100111101111101010111111011101100101110001011111111100010011101100000110101011100000101100011101110011100110010010101010111001010
11111100001011000001110111011010000100111101111101010111111011101100100001110111110000001100000100001001011111011100000101100011101110011100110010010101010111001010
11111100001011000001110111011010000100111101111101010111111011101100100001110111110000001101001100100000011111011100000101100011101110011100110010010101010111000000
11111100001011000001110111011010000100111101111101010111111011101100100001110111110000001100111100001001011111011100000101100011101110011100110010010101010111001010
11111100001011000001110111011010000100111101111101010111111011101100100001110111110000001001011100100000011111011100000101100011101110011100110010010101010111000000
11111100001011000001110111011010000100111101111101010111111011101100100001110111110000001110010100001001011111011100000101100011101110011100110010010101010111001010
11111100001011000001110111011010000100111101111101010111111011101100101110001011111111101011110100100000011111011100000101100011101110011100110010010101010111001100
