10010101100101011110110000011111110010100101111000001100101100010111011111000111010101100101111001001100010010100011100110101000000010110101011101101010000011101110
10010101100101011110110000011111110010100101111000001100101100011010100111000111010101100101111001001100010010100011100110101000000010110101011101101010000011101110
10010101100101011110110000011111110010100101111000001100101100010111011111000111010101100101111001001100010010100011100110101000000010111101001011111000111110010011
10010101100101011110110000011111110010100101111000001100101100001111011111000111010101100101111001001100010010100011100110101000000010110101011101101010000011101110
10010101100101011110110000011111110010100101111000001100101100010111011111000111010101100101111001001100010010100011100110101000000010110101011101101010000010010011
10010101100101011110110000011111110010100101111000001100101100011010100111000111010101100101111001001100010010100011100110101000000010111101001011111000111110010011
10010101100101011110110000011111110010100101111000001100100101001111011111000111010101100101111001001100010010100011100110101000000010110101011101101010000011101110
10010101100101011110110000011111110010100101111000001100101100001010100111000111010101100101111001001100010010100011100110101000000010110101011101101010000011101110
10010101100101011110110000011111110010100101111000001100101100001111011111000111010101100101111001001100010010100011100110101000000010111101001011111000111110010011
10010101100101011110110000011111111010110011101010110000111000101011101011000111010101100101111001001100010010100011100110101000000010110101011101101010000011101110
10010101100101011110110000011111110010100101111000001100101100011010100111000111010101100101111001001100010010100011100110101000000010110101011101101010000010010011
10010101100101011110110000011111110010100101111000000010101111001111011111000111010101100101111001001100010010100011100110101000000010110101011101101010000011101110
10010101100101011110110000011111110010100101111000001100101100010101001111000111010101100101111001001100010010100011100110101000000010110101011101101010000011101110
10010101100101011110110000011111110010100101111000001100101100010111011111000111010101100101111001001100010010100011100110101000000010110101011101101010000011100111
10010101100101011110110000011111110010100101111000001100100101001111011111000111010101100101111001001100010010100011100110101000000010111101001011111000111110010011
10010101100101011110110000011111110010100101111000001100101100001111011111000111010101100101111001001100010010100011100110101000000010110101011101101010000010010011
10010101100101011110110000011111110010100101111000001100101100010111011111000111010101100101111001001100010010100011100110101000000010110101011101101010000011101110
