01111010101111101000010101100110111000010100100011010011011111000011111101010011001010000011110110001001000100101111010010011111010101010000011111010001000001000001
01110000001011101100101110110010011000111110110010110100011101110001101110111000010010011011110110001001000100101111010010011111010101010000011111010001000001000001
01111010101111101000010101100110111000010100100011010011011110110110010101010011001010000011110110001001000100101111010010011111010101010000011111010001000001000001
01110010011110011010110111000010001011101011100101001111001101111101101000010011000111000011110110001001000100101111010010011111010101010000011111010001000001000001
01110010011110011010110111000010001011101011100101001111001110010101010101010011001010000011110110001001000100101111010010011111010101010000011111010001000001000001
01110010011110011010110111000010001010000011000110111111101000000100100011111111000111000011110110001001000100101111010010011111010101010000011111010001000001000001
01110000001011101100101110110010011000111110110010110100011101110001101110010011000111000011110110001001000100101111010010011111010101010000011111010001000001000001
01110010011110011010110111000010001011101011100101001110001011100111000100111101101110001011110110001001000100101111010010011111010101010000011111010001000001000001
01110010011110011010110111000010001011101011100101001111001110010110011111000011001010000011110110001001000100101111010010011111010101010000011111010001000001000001
01110010011110011010110111000010001011101011100101001111001110010101000100111101101110001011110110001001000100101111010010011111010101010000011111010001000001000001
01110000001011101100101110110010011000111110110010110100011111010100101101010111100001000000000100111110011100101101010010011111010101010000011111010001000001000001
01110000001011101100101110110010011000110011001010010100000111111011010010100101010000100100100101110000100110101101010010011111010101010000011111010001000001000001
01110000001011101100101110110010011000110011001011110011000111111011010010100101010000100100100101110000100110101101010010011111010101010000011111010001000001000001
01110000001011101100101110110010011000110011001000000011100010010001010010100101010000100100100101110000100110101101010010011111010101010000011111010001000001000001
01110010011110011010110111000010001010000011000110111111101000000100101101010111100001000000000100111110011100101101010010011111010101010000011111010001000001000001
01110010011110011010110111000010001011101011100101001111000000100001110010100101010000100100100101110000100110101101010010011111010101010000011111010001000001000001
01110101101011100110101111101101000000111010101010110001101100100101111110010011000111000011110110001001000100101111010010011111010101010000011111010001000001000001
