11011101011111111011110001111011000001000111000110011011010000000001011011011000111001101001011101001101100101110111000111101100011010111100001001101100000000100001
11011101011111111011110001111011000001000111000110011011010000000001011011011000111001101001011101001101100101110111111001000010100111001000001001101100000000100001
11011101011111111011110001111011000001000111000110011011010000000001011011011000111001101001011101001100100110100100000110000010100111001000001001101100000000100001
11011101011111111011110001111011000001000111000110011011010000000001011011011000111001101001011101001101100110100100000110000010100111001000001001101100000000100001
11011101011111111011110001111011000001000111000110011011010000000001011011011000111001101001011101001101100101110101010110011000010010000000001001101100000000100001
11011101011111111011110001111011000001000111000110011011010000000001011011011000111001101001011101001100101000000100000110000010100111001000001001101100000000100001
11011101011111111011110001111011000001000111000110011011010000000001011011011000111001101001011101001101100101110111000111101100011010111100111010111100000000100001
11011101011111111011110001111011000001000111000110011011010000000001011011011000111001101001011101001100101000000001011100011010111011001000001001101100000000100001
10000101011111111011110001111011000001000111000110011011010000000001011011011000111001101001011101001101100101110111000111101100011010111100001001101100000000100001
11011101011111111011110001111011000001000111000110011011010000000001011011011000111001101001011101001101100101110111000111101100010111011001101001101100000000100001
11011101011111111011110001111011000001000111000110011011010000000001011011011000111001101001011101001101100101110111000111101100000111001000001001101100000000100001
11011101011111111011110001111011000001000111000110011011010000000001011011011000111001101001011101001100101000001000001011110111000100001111111011010100100000100001
11011101011111111011110001111011000001000111000110011011010000000001011011011000111001101001011101001101101110100100000110000010100111001000001001101100000000100001
11011101011111111011110001111011000001000111000110011011010000000001011011011000111001101001011101000101110011100101000100110000110000101110101001101100000000100001
11011101011111111011110001111011000001000111000110011011010000000001011011011000111001101001011101001100101000001000001011110100010011110001101010001101001100100001
11011101011111111011110001111011000001000111000110011011010000000001011011011000111001101001011101001100101000001000001011110100010011111000101011011010010101101001
11011101011111111011110001111011000001000111000110011011010000000001011011011000111001101001011101001101100110100100000110000010100111001000001001101100000000100001
