11010111111011100000111010110110100010000000001110011111111010001111110001111101000100100111100010100001010011100110100000101100011111100010010011110101100000111111
11001110001010110000101111011011100111111110111110111000011100111111110001010001000100100111100010100001010011100110100000101100011111100010010011110101100000111111
11010111111011100000111010110110100010000000001110011111111010001111110001010001000100100111100010100001010011100110100000101100011111100010010011110101100000111111
00101110001010110000101111011011100111111110111110111000011100111111110001010001000100100111100010100001010011100110100000101100011111100010010011110101100000111111
11010111111011100000111010110110100011001110111110111000011100111111110001010001000100100111100010100001010011100110100000101100011111100010010011110101100000111111
11001110001010110000101111011010100101110100111110111000011100111111110001010001000100100111100010100001010011100110100000101100011111100010010011110101100000111111
11001110001010110000101111011010010011001110111110111000011100111111110001010001000100100111100010100001010011100110100000101100011111100010010011110101100000111111
00101110001010110000101111011010100101110100111110111000011100111111110001010001000100100111100010100001010011100110100000101100011111100010010011110101100000111111
11010111111011100000111010110110100010000000001110011111111010001111110001111101011100011011111000100001010011100110100000101100011111100010010011110101100000111111
11001110001010110000101111011011100111111110111110111101011110110100111000011001000100100111100010100001010011100110100000101100011111100010010011110101100000111111
00101110001010110000101111011010010011001110111110111000011100111111110001010001000100100111100010100001010011100110100000101100011111100010010011110101100000111111
11001011111011100000111010110110100010000000001110011111111010001111110001111101000100100111100010100001010011100110100000101100011111100010010011110101100000111111
11010111111011100000111010110110100010000000001110011111111010001111010001010001000100100111100010100001010011100110100000101100011111100010010011110101100000111111
11010111111011100000111010110110100010000000001110011111111010001111110010101101011100011011111000100001010011100110100000101100011111100010010011110101100000111111
11001110001010110000101111011011100111111110111110111101011110110100101001111000100100100111100010100001010011100110100000101100011111100010010011110101100000111111
11001110001010110000110111110110100010000000001110011111111010001111110001111101000100100111100010100001010011100110100000101100011111100010010011110101100000111111
11010111111011100000111010110110100010000000001110011111111010001111110001111101000100100111100010100001010011100110100000101100011111100010010011110101100000111111
