00010001001110100001101111000000001001010110100010111100101001101000111000011000101010000110101011010010010000000111001111101011101011010010000011100011110000011100
00010001001110100001101100001111001111100100110010111100101001101000111000011000101010000110101011010010010000000111001111101011101011010010000011100011110000011100
00010001001110100001101100001000111010010110100010111100101001101000111000011000101010000110101011010010010000000111001111101011101011010010000011100011110000011100
00010001001110100011101111000000001001010110100010111100101001101000111000011000101010000110101011010010010000000111001111101011101011010010000011100011110000011100
00010001001110100001101111000000001001010110100010111100101001101000111000011000101010000110101011010010010000000111001111101011101011010010000010100001100000011100
00000101101010011001101111000000001001010110100010111100101001101000111000011000101010000110101011010010010000000111001111101011101011010010000011100011110000011100
00010001001110100001101111000000001001111100001100011110101001101000111000011000101010000110101011010010010000000111001111101011101011010010000011100011110000011100
00010001001110100001101111000000001001010110100010111100101001101000111000011000101010000110101011010010010000000111001111101010110011001010000011100011110000011100
00010001001110100001101111000000001001010110100010111100101001101000111000011000101010000110101011010010010000000111001111101011101011010010000011100011110000000011
00010001001110100001101100001111001111101100100010111100101001101000111000011000101010000110101011010010010000000111001111101011101011010010000011100011110000011100
00010001001110100001101111000000001001010110100010111100101001101000111000011000101010000110101011010010010000000111001111101011101011010001011110111111100100110011
00010001001110100001101111000000001000011001100010111100101001101000111000011000101010000110101011010010010000000111001111101011101011010010000011100011110000011100
00010001001110100001101111010100110000010011100010111100101001101000111000011000101010000110101011010010010000000111001111101011101011010010000011100011110000011100
00010001001110100001101111000001011001010110100010111100101001101000111000011000101010000110101011010010010000000111001111101011101011010010000011100011110000011100
00010001001110100001101111000000001001010110100010111100101001101000111000011000101010000110101011010010010000000111001111101011101010101110000011100011110000011100
00010001001110100001101111000000001001010110011011111100101001101000111000011000101010000110101011010010010000000111001111101011101011010010000011100011110000011100
00010001001110100001101111000000001001010110100010111100101001101000111000011000101010000110101011010010010000000111001111101011101011010010000011100011110000011100
