11000011010010001001110110101010100100100011011111110001001000000001010000101011011100100000010101000011000111101010101100110111000010000000010011110001000100001011
11000011010010001001110110101010100100100011011111110001001000000001010000101011011100100000010101000011000111101000011010110111000010000000010011110001000100001011
11000011010010001001110110101010100100100011011111110001001000000001010000101011011100100000010101000011000111100100001111110111000010000000010011110001000100001011
11000011010010001001110110101010100100100011011111110001001000000001010000101011011100100000010101000011011001010010011010110111000010000000010011110001000100001011
11000011010010001001110110101010100100100011011111110001001000000001010000101011011100100000010101000000010111100100001111110111000010000000010011110001000100001011
11000011010010001001110110101010100100100011011111110001001000000001010000101011011100100000010101000010110100000100011010110111000010000000010011110001000100001011
11000011010010001001110110101010100100100011011111110001001000000001010000101011011100100000010101000011001000000100011010110111000010000000010011110001000100001011
11000011010010001001110110101010100100100011011111110001001000000001010000101011011100100000010101000011000111101010101100000111101001011111101100010001000100001011
11000011010010001001110110101010100100100011011111110001001000000001010000101011011100100000010101000000010111101010101100110111000010000000010011110001000100001011
11000011010010001001110110101010100100100011011111110001001000000001010000101011011100100000010101000011000111010110110100100111000010000000010011110001000100001011
11000011010010001001110110101010100100100011011111110001001000000001010000101011011100100000100001010100110100000100011010110111000010000000010011110001000100001011
11000011010010001001110110101010100100100011011111110001001000000001010000101011011100100000010101000011001011010001111111110111000010000000010011110001000100001011
11000011010010001001110110101010100100100011011111110001001000000001010000101011011100100000010101000010000000111111111011110101110000010110011001110001000100001011
11000011010010001001110110101010100100100011011111110001001000000001010000101011011100100000010101000001001011010001111111110111000010000000010011110001000100001011
11000011010010001001110110101010100100100011011111110001001000000001010000101011011100100000010101000010101000101001111111110111000010000000010011110001000100001011
11000011010010001001110110101010100100100011011111110001001000000001010000101011011100100000010101000011000111101010101110100100010111001110101000100100011011101000
11000011010010001001110110101010100100100011011111110001001000000001010000101011011100100000010101000011000111101000011010110111000010000000010011110001000100001011
