11101000111101101110001011101110001101110011011101010010100111010000011110100011000110010111110111000111110001101111110101110000111000101111010010110100100000000011
11101000111101101110001011101110001101110011011101010010100111010000011110100011000110010111110111000111110001101111110101110000111000101111111001110100100000000011
11101000111101101110001011101110001101110011011101010010100111010000011110100011000110010111110111000111110001101111110101110000111000101111111001101111010000000011
11101000111101101110001011101110001101110011011101010010100111010000011110100011000111100111110111000111110001101111110101110000111000101111010010110100100000000011
11101000111101101110001011101110001101110011011101010010100111010000011110100011000110010111110111000111110001101111110101110000111000101111111000000100100000000011
11101000111101101110001011101110001101110011011101010010100111010000011110100011000110010111110111000111110001101111110101110000111000101111111010001000000111111011
11101000111101101110001011101110001101110011011101010010100111010000011110100011000110010111110111000111110001101111110101110000111000101111111010010100101101101011
11101000111101101110001011101110001101110011011101010010100111010000011110100011000110010111110111000111110001101111110101110000111001100111111000000100100000000011
11101000111101101110001011101110001101110011011101010010100111010000011110100011000110010111110111000111110001101111110101110000111001100111111010001000000111111011
11101000111101101110001011101110001101110011011101010010100111010000011110100011000110010111110111000111110001101111110101110000111000101111010010110100101101101011
11101000111101101110001011101110001101110011011101010010100111010000011110100011000110010111110111000111110001101111110101110000111000101111110100111110100000000011
11101000111101101110001011101110001101110011011101010010100111010000011110100011000110010111110111000111110001101111110101110000111000101111011100001110101010011011
11101000111101101110001011101110001101110011011101010010100111010000011110100011000110010111110111000111110001101111110101110000111001100111011100001110101010011011
11101000111101101110001011101110001101110011011101010010100111010000011110100011000110010111110111000111110001101111110101110000111000101111110100110010101010011011
11101000111101101110001011101110001101110011011101010010100111010000011110100011000110010111110111000111110001101111110101110000111000101111111010110100100000000011
11101000111101101110001011101110001101110011011101010010100111010000011110100011000110010111110111000111110001101111110101110000111000101111111010011100100000000011
11101000111101101110001011101110001101110011011101010010100111010000011110100011000110010111110111000111110001101111110101110000111000101111111001101100011110001010
