10001011100000100001100001001000110110111101010001000010110111101010010100101111110010110111100000111011010001100110111111110010110100001111000010011100110000001001
10001011100000100001100001001000110110111101010001000010110111101010010100101111110010110111100000111011111100100100110011001100111111000001111000011101010000001001
10001011100000100001100001001000110110111101010001000010110111101010010100101111110010110111100000111011111001011101111100111100111111000001111000011101010000001001
10001011100000100001100001001000110110111101010001000010110111101010010100101111110010110111100000111011010001100100010110110000000110011000101100111101110000001001
10001011100000100001100001001000110110111101010001000010110111101010010100101111110010110111100000100011111010000110111111110010110100001111000010011100110000001001
10001011100000100001100001001000110110111101010001000010110111101010010100101111110010110111100000111011111100100100110100111100111111000001111000011101010000001001
10001011100000100001100001001000110110111101010001000010110111101010010100101111110010110111100000111011010001100110111111110010110100001111000010011100101000110101
10001011100000100001100001001000110110111101010001000010110111101010010100101111110010110111100000111011111010100011010111110101000101110111001001011101110000001001
10001011100000100001100001001000110110111101010001000010110111101010010100101111110010110111100000111011010001100100010110111101101100010100100111010011010000001001
10001011100000100001100001001000110110111101010001000010110111101010010100101111110010110111100000111011111110011010110100111100111111000001111000011101010000001001
10001011100000100001100001001000110110111101010001000010110111101010010100101111110010110111100000111011010001100100010110110011111001011100100111010011010000001001
10001011100000100001100001001000110110111101010001000010110111101010010100101111110010110111100101100100011111001001110001011110001011111100000111100111110000001001
10001011100000100001100001001000110110111101010001000010110111101010010100101111110010110111100101100100011111001001110010101110000101110111001001011101110000001001
10001011100000100001100001001000110110111101010001000010110111101010010100101111110010110111100101100100011111001001110111011110001011111100000111100111110000001001
10001011100000100001100001001000110110111101010001000010110111101010010100101111110010110111100000111011010001100110111111110010110100001111000010011100100100001000
10001011100000100001100001001000110110111101010001000010110111101010010100101111110010110111100000111011010001100100010111100111011001110110111111010000110100001000
10001011100000100001100001001000110110111101010001000010110111101010010100101111110010110111100000111011010001100110111111110010110100001111000010011100110000001001
