11011001100011101011110011111100100110111100110010010110110001001110100100010110010011110010010000100010000111100110110001000111011000010111000100111001000000110011
11011001100011101011110011111100100110111100100011100001011010101010100100010110010011110010010000100010000111100110110001000111011000010111000100111001000000110011
11011001100011101011110011010011111111000011110100011010001101010000100100010110010011110010010000100010000111100110110001000111011000010111000100111001000000110011
11011001100011101011110011111100100110111100100011100001011011011010101011011110001110110100110101011001011110110110001111011111101000010111000100111001000000110011
11011001100011101011110011111100100110111100100011100001011000111111001011011110001110110100110101011001011110110110001111011111101000010111000100111001000000110011
11011001100011101011110011111100100110111100110010010110110001001111011011111111100110011001100000100110110111010111101100101110100011111100000010101100001100100011
11011001100011101011110011111100100110111100110010010110110001001111011011111111100110011001100000100110110111010111010110000000011001111101100100110010100100100011
11011001100011101011110011111100100010101100101101010010011000111111001011011110001110110100110101011001011110110110001111011111101000010111000100111001000000110011
11011001100011101011110011111100100110111100100011100001011111101110011001011001100011100100000010011111001111010100010111011111101000010111000100111001000000110011
11011001100011101011110101101011111111000011110100011010001101010000100100010110010011110010010000100010000111100110110001000111011000010111000100111001000000110011
11011001100011101011110011111100100010101100101101010011111111111101110101110001101101101000011000001010111010101100010110011000010111100101110010101100001100100011
11011001100011101011110011111100100110111100110010010110110001001111011011111111100110011001100000100110110110100011110101110110010101010111100100110010100100100011
11011001100011101011110011111100100011001000111001001111000111000100000111100100010111100010001001110010010110111111000000010010100100001010110100110010100100100011
11011001100011101011110011111100100110111100110010010110110001001111011011111111100110011001100000100110110110010100000110111010100011100101110010101100001100100011
11011001100011101011110011111100100110111100100011100001011111101110011001001101110001111001101100010011011000000011001100000101111011100101110010101100001100100011
11011001100011101011110011111100100110111100100011100001011011011010101011011110001110110100110101011001010011111111000000010010100100001010110100110010100100100011
11011001100011101011110011111100100110111100100011100001011000111111001011011110001110110100110101011001011110110110001111011111101000010111000100111001000000110011
