01010010111110001100010011111000010110000111011101111000110100110100011010110001001011110010111110010111001010001100111110010001011010010101111111110000000010100111
01010010111110001100010010100110001001010101111101111000110100110100011010110001001011110010111110010111001010001100111110010001011010010101111111110000000010100111
01010010111110001101000101110111001101000011011101111000110100110100011010110001001011110010111110010111001010001100111110010001011010010101111111110000000010100111
01010010111110101111010000001001110110010101111101111000110100110100011010110001001011110010111110010111001010001100111110010001011010010101111111110000000010100111
01010010111110001100010010110001010001010101111101111000110100110100011010110001001011110010111110010111001010001100111110010001011010010101111111110000000010100111
01010010111110001100010011110000000000011111010000110111101101010100000000110011110101111001001110010111001010001100111110010001011010010101111111110000000010100111
01010010111110001110011111001000000000011111010000110111101101010100000000110011110101111001001110010111001010001100111110010001011010010101111111110000000010100111
01010010111110001101000110010011000001010101111101111000110100110100011010110001001011110010111110010111001010001100111110010001011010010101111111110000000010100111
01010010111110000101000010001010100100111101011101111000110100110100011010110001001011110010111110010111001010001100111110010001011010010101111111110000000010100111
01010010111110000101001000110011010110101010001100000111100001101100110011010001000100010010010011110111001010001100111110010001011010010101111111110000000010100111
01011000110001100101001011110100100001010101111101111000110100110100011010110001001011110010111110010111001010001100111110010001011010010101111111110000000010100111
01010010111110001100010010110011000001010101111101111000110100110100011010110001001011110010111110010111001010001100111110010001011010010101111111110000000010100111
01010010111110001100010010100110000001010101111101111000110100110100011010110001001011110010111110010111001010001100111110010001011010010101111111110000000010100111
01011000101010110110100000010010010110010101111101111000110100110100011010110001001011110010111110010111001010001100111110010001011010010101111111110000000010100111
01010010111110000101000000010010010110010101111101111000110100110100011010110001001011110010111110010111001010001100111110010001011010010101111111110000000010100111
01010010111110100111001010101010001100110000110011011001111010110001011010110001001011110010111110010111001010001100111110010001011010010101111111110000000010100111
10010111101001111111100000010010010110010101111101111000110100110100011010110001001011110010111110010111001010001100111110010001011010010101111111110000000010100111
