10101000011011001101011000000101100010001100111010110010010011101011111001100011000111000010000011111000010100111011000011010000000000010110001000011000001011000110
10101000011011001101011000000101100010001100111010110010010011100000110111110100101110010110100111110000000010101000111001000010101001010110001000011000001011000110
10101000011011001101011000000101100010001100111010110010010011101010000101100011000111000010000011111000010100111011000011010000000000010110001000011000001011000110
10101000011011001101011000000101100010001100111010110010010011101011111001100011000111000010000111011000111111100010011101001001001001010110001000011000001011000110
10101000011011001101011000000101100010001100111010110010010011101000100001100110011100000001001101111100110100010000011011001001111001010110001000011000001011000110
10101000011011001101011000000101100010001100111010110010010011101011111001100011000111000010000011111000010100111011000011010010101001010110001000011000001011000110
10101000011011001101011000000101100010001100111010110010010011101000100001100110011100000001001101111100110100010000011011001011010001010110001000011000001011000110
10101000011011001101011000000101100010001100111010110010010011101010000101100011000111000010000111011000111111100010011101001001001001010110001000011000001011000110
10101000011011001101011000000101100010001100111010110010010011101011111001100011000111000010000011111000010100111011000011010000001001010110001000011000001011000110
10101000011011001101011000000101100010001100111010110010010011101010000101100011000111000010000011111000010100111011000011010010101001010110001000011000001011000110
10101000011011001101011000000101100010001100111010110010010011101011111001111110110100111100000111011000111111100010011101001001001001010110001000011000001011000110
10101000011011001101011000000101100010001100111010110010010011101010000101100011000111000010000011111000010100111011000011010000001001010110001000011000001011000110
10101000011011001101011000000101100010001100111010110010010011101011000111010001011100000001001101111100110100010000011011001001111001010110001000011000001011000110
10101000011011001101011000000101100010001100111010110010010011100000110111110100101110010110101100111110001000100101001100110000000000010110001000011000001011000110
10101000011011001101011000000101100010001100111010110010001000111100000011110001110101010101101010101100110100010000011011001001111001010110001000011000001011000110
10101000011011001101011000000101100010001100111010110010010011101011000111010001011100000001001101111100110100010000011011001011010001010110001000011000001011000110
10100110101110010011011100111100100100110010001101101111100010100001100111011111101000101001101100100001110100111101101001000101110000111110101000110010011010001100
