10010001111111110010111111101000011111100110011110100000110000001111001111010011001011110000001101011111001011010101110101000000110100011101101000111110011100011011
10010001111111110010111111111101011001100110011110100000110000001111001111010011001011110000001101011111001011010101110101000000110100011101101000111110011100011011
10010001111111110010111111100110111010101000011110100000110000001111001111010011001011110000001101011111001011010101110101000000110100011101101000111110011100011011
10010001111111110010111111111101011100001011000101101011001101000100101110110100000111110000001101011111001011010101110101000000110100011101101000111110011100011011
10010001111111110010111111101001101001010111110011010001001101000100101110110100000111110000001101011111001011010101110101000000110100011101101000111110011100011011
10010001111111110010111111111100011011010100110111101011001101000100101110110100000111110000001101011111001011010101110101000000110100011101101000111110011100011011
10010001111111110010111111100110111100101000011110100000110000001111001111010011001011110000001101011111001011010101110101000000110100011101101000111110011100011011
10010001111111110010111111100111110110101111000000111011001101000100101110110100000111110000001101011111001011010101110101000000110100011101101000111110011100011011
10010001111111110010111111101000001001001010001101101011001101000100101110110100000111110000001101011111001011010101110101000000110100011101101000111110011100011011
10010001111111110010111111111101010110000010101111101101100000001111001111010011001011110000001101011111001011010101110101000000110100011101101000111110011100011011
10010001111111110010111111100110001111001010001101101011001101000100101110110100000111110000001101011111001011010101110101000000110100011101101000111110011100011011
10010001111111110010111111101000011111000011101101011111010111101111001000000011001011110000001101011111001011010101110101000000110100011101101000111110011100011011
10010001111111110010111111100110111001001010001101101011001101000100101110110100000111110000001101011111001011010101110101000000110100011101101000111110011100011011
10010001111111110010111111100110000011110011101101011111010111101111001000000011001011110000001101011111001011010101110101000000110100011101101000111110011100011011
10010001111111110010111111100110110011010000100011010101001101000100101110110100000111110000001101011111001011010101110101000000110100011101101000111110011100011011
10010001111111110010111111100110110000101100000111100001111000001111001111010011001011110000001101011111001011010101110101000000110100011101101000111110011100011011
10010001111111110010111111111111101010001011010000101010100000001111001111010011001011110000001101011111001011010101110101000000110100011101101000111110011100011011
