00101111111111111000111011000011001010000111011110000100110001011000000010001110110111110000101010100111100011001101011010110011010110110101100010000001110100000000
00101111011100110011100100010111001010000111011110000100110001011000000010001110110111110000101010100111100011001101011010110011010110110101100010000001110100000000
00111010110111111000111011000011001010000111011110000100110001011000000010001110110111110000101010100111100011001101011010110011010110110101100010000001110100000000
00111101000000101000111011000011001010000111011110000100110001011000000010001110110111110000101010100111100011001101011010110011010110110101100010000001110100000000
00101111010101100000110001000011001010000111011110000100110001011000000010001110110111110000101010100111100011001101011010110011010110110101100010000001110100000000
00101111110110101110111011000011001010000111011110000100110001011000000010001110110111110000101010100111100011001101011010110011010110110101100010000001110100000000
00101111000000101000111011000011001010000111011110000100110001011000000010001110110111110000101010100111100011001101011010110011010110110101100010000001110100000000
00101110000101011110001011000011001010000111011110000100110001011000000010001110110111110000101010100111100011001101011010110011010110110101100010000001110100000000
01001001000000101000111011000011001010000111011110000100110001011000000010001110110111110000101010100111100011001101011010110011010110110101100010000001110100000000
00101111001010001110111110000011001010000111011110000100110001011000000010001110110111110000101010100111100011001101011010110011010110110101100010000001110100000000
00101111010101100000110001000010111101010111011110000100110001011000000010001110110111110000101010100111100011001101011010110011010110110101100010000001110100000000
11011110010001110110001011000011001010000111011110000100110001011000000010001110110111110000101010100111100011001101011010110011010110110101100010000001110100000000
01001001110111010101000100010111001010000111011110000100110001011000000010001110110111110000101010100111100011001101011010110011010110110101100010000001110100000000
00101111111111111000111011000011001010000111011110000100110001011000000010001110110111110000101010100111100011001101011010110011010110110101100010000001110111101111
00101111111111111000111011000011001010000111011110000100110001011000000010001110110111110000101010100111100011001101011010110011010110110101100111101010101111110111
00101100110000110011100100010111001010000111011110000100110001011000000010001110110111110000101010100111100011001101011010110011010110110101100010000001110100000000
00101111111111111000111011000011001010000111011110000100110001011000000010001110110111110000101010100111100011001101011010110011010110110101100010000001110100000000
