01111011001010101100111010101010001011111100001010101111011111110110101100101100000111110011001010001100100010010011100000110100000000001011000010110001000111001110
01111011001010101100111010101010001011111100001010101111011111110110101100101100000111110011001010001100100010010010110011100010100000001000011001001100111001110100
01111011001010101100111010101010001011111100001010101111011111110110101100101100000111110011110110100000000001111101100000000011100010111010001110101100111001110100
01111011001010101100111010101010001011111100001010101111011111110110101100101100000111110011001010001100100010010011000000000111001110111110100001101100011001110100
01111011001010101100111110000101000011101010011000010010101011110110001110110010101100100100001011010111100101100011111011100010100000001000011001001100111001110100
01111011001010101100111010101010001011111100001010101111011111110110101100101100000111110011001010001100000100000010101100110010100000001000011001001100111001110100
01111011001010101100111010101010001011111100001010101111011111110110101100101100000111110011001010001100000100000001011100101010101101001100111100111100111001110100
01111011001010101100111010101010001011111100001010101111011111110110101100101100000111110011001010001100000100000001011011011100101100101011111110101100111001110100
01111011001010101100111010101010001011111100001010101111011111110110101100101100000111110011001010001100100010010011000001110110110010011100100000010101010010110110
01111011001010101100111010101010001011111100001010101111011111110110101100101100000111110011001010001100100010010011100000110100000000001011000010110010110011110100
01111011001010101100111010101010001011111100001010101111011111110110101100101100000111110011001010001100100010010011101011100010100000001000011001001100111001110100
01111011001010101100111010101010001011111100001010101111011111110110101100101100000111110011001010001100100001110111011011011100101100101011111110101100111001110100
01111011001010101100111010101010001011111100001010101111011111110110101100101100000111110011001010001100100010010011110010010000101100101011111110101100111001110100
01111011001010101100111010101010001011111100001010101111011111110110101100101100000111110011001010001100100010010011111011100010100000001000011001001100111001110100
01111011001010101100111010101010001011111100001010101111011111110110101100101100000111110011001010001100100010010011100000110100000000001011000010110010110010100110
01111011001010101100111010101010001011111100001010101111011111110110101100101100000111110011001011010111100101100011111011100010100000001000011001001100111001110100
01111011001010101100111010101010001011111100001010101111011111110110101100101100000111110011001010001101110110110110010000001001001011101001111011011011011000101001
