10101011101000110110100110000110110001000101101000001001111111111111001010100111110000101110011110100010110101100100111111011001100101000001100100111100101101000010
10101011101000110011001001100100110010011110000110010001010111110000010100010101101100000001100011100010110101100100111111011001100101000001100100111100101101000010
10101011101000110011001001100100110010011110100110010001010111110000010100010101101100000001100011100010110101100100111111011001100101000001100100111100101101000010
10101011101000110011001001100100110010011110000110010001010111110000010100010101110101001110011110100010110101100100111111011001100101000001100100111100101101000010
10101011101000110011001100001110111100000001010100101001110001010101011100011111010010100011000000011000110100101001010011101010110001000010000111111100101101000010
10101011101000110011001100001110111100000001010100101001110001010101011100011111010010101110011110100010110101100100111111011001100101000001100100111100101101000010
10101011101000110110100110000110110001000101101000001001111111111111001010100111110000101110011110100010110101100100111111011001100101000100011110111100101101000010
10101011101000110110100110000110110001000101101000001001111111111111001010100111110000101110011110100010110101100100111111011001100101000001100100111101011011101010
10101011101000110011001100001110111100000001010100101001110001010101011100011111011100111000111000000111001011111100011011100001101111000000100100111100101101000010
10101011101000110011001001100100110010011110000110010001010111110000010100010101110100000001100011100010110101100100111111011001100101000001100100111100101101000010
10101011101000110011001100001110111100000001010100101001110001010101011100011111010010100011000000011000110100111011010101101011000010010111010101011100101101000010
10101011101000110011001100001110111100000001010100101001110001010101011100011111011100111000111000000111001011111101001001110111101101000110110000000010010111000010
10101011101000110011001001100100110010011110000110010001010111110000010100010100101000110001100011100010110101100100111111011001100101000001100100111100101101000010
10101011101000110011001100001110111100000001010100101001110001010101011100010111001010101010000101011111011101111101110011000000100100100000011110111100101101000010
10101011101000110110100110010111101001100011111101001101100011110101000111111000100011010000000111000001010110110000011000001100000110001100001101111100101101000010
10101011101000110110100110000110110001000101101000001001111111111111001010100111110000101110011110100010110101100100111111011001100101000001100100100110000000001010
10101011101000110011001100001110111100000001010100101001110001010101011100011111010010101110011110100010110101100100111111011001100101000001100100111100101101000010
