01100110101001001110011000111010100110110001001000100001101011001000000000101000100111001010111110010001100010110101001110100001011111101001010001001010011001001110
01100110101001001110011000111010100110110001000110010111101011010000000000101000100111001010111110010001100010110101001110100001011111101001010001001010011001001110
01100110101001001110011000111010100110110001001000100001101011001000110101101110001010111011111110010001100010110101001110100001011111101001010001001010011001001110
01100110101001001110011000111010100110110001001000100001101011001000000000101000100111001010111110010001100010110101001110100001011111101011001010100001100011010011
01100110101001001110011000111010100110110001001000100001101011001000000000101000100111001010111110010001100010110101001110010000000111100011110110111010100001111001
01100110101001001110011000111010100110110001001000100001101011001000000000101000100111001010111110010001100010110101001110100001011111101011110100001101110001101101
01100110101001001110011000111010100110110001001000100001101011000010010001101000100111001010111110010001100010110101001110100001011111101001010001001010011001001110
01100110101001001110011000111010100110110001001000100001101011001001101001000010010001001010111110010001100010110101001110100001011111101001010001001010011001001110
01100110101001001110011000111010100110110001001000100001101011001000000000101000100111001010111110010001100010110101001110100001011111101011111100110100101010101110
01100110101001001110011000111010100110110001001000100001101011001011101110000101110000001000001100000110000111101000011000011101100101111011100000101010010001111001
01100110101001001110011000111010100110110001001000100001101011000000000000101000100111001010111110010001100010110101001110100001011111101001010001001010011001001110
01100110101001001110011000111010100110110001001000100001101011001000011001011001111000001011111110010001100010110101001110100001011111101001010001001010011001001110
01100110101001001110011000111010100110110001001000100001101111111111110111111000100111001010111110010001100010110101001110100001011111101001010001001010011001001110
01100110101001001110011000111010100110110001001000100001101011001011101110000101001110100111101101000101111100110001100000101111101001010110111110101010101111010111
01100110101001001110011000111010100110110001001000100001101011001000000000101000100111001010111110010001100010110101001110100001011111101001001110100011000111010111
01100110101001001110011000111010100110110001001000100001010001010000000000101000100111001010111110010001100010110101001110100001011111101001010001001010011001001110
01100110101001001110011000111010100110110001001000100001101011001000000000101000100111001010111110010001100010110101001110100001011111101001010001001010010011110001
