11110110100110010110111110000010110000111010111100101100100100000001010101100101100100100001101111110010100010010111100001111101000111010100000010001001000100110000
11110110100110010110111110000010110000111010111100101100100100000001010101100101100100100001101111110010100010010111100001111101000111010100000000101100010100110000
11110110100110010110111110000010110000111010111100101100100100000001010101100101100100100001101111110010100010010111100001111101000111010101100000101100010100110000
11110110100110010110111110000010110000111010111100101100100100000001010101100101100100100001101111110010100010010111100001111101000111010011100101010111111110110000
11110110100110010110111110000010110000111010111100101100100100000001010101100101100100100001101111110010100010010111100001111101000111010100011110111111111110110000
11110110100110010110111110000010110000111010111100101100100100000001010101100101100100100001101111110010100010010111100001111101000111010101110101011001000100110000
11110110100110010110111110000010110000111010111100101100100100000001010101100101100100100001101111110010100010010111100001111101000111010011101001000010111101000000
11110110100110010110111110000010110000111010111100101100100100000001010101100101100100100001101111110010100010010111100001111101000111010100001101100001000100110000
11110110100110010110111110000010110000111010111100101100100100000001010101100101100100100001101111110010100010010111100001111101000111010011110111110111111110110000
11110110100110010110111110000010110000111010111100101100100100000001010101100101100100100001101111110010100010010111100001111101000111010010000000101100010100110000
11110110100110010110111110000010110000111010111100101100100100000001010101100101100100100001101111110010100010010111100001111101000111010011100101011001000100110000
11110110100110010110111110000010110000111010111100101100100100000001010101100101100100100001101111110010100010010111100001111101000111010100000010001001110101110000
11110110100110010110111110000010110000111010111100101100100100000001010101100101100100100001101111110010100010010111100001111101000111010011100100000111111110110000
11110110100110010110111110000010110000111010111100101100100100000001010101100101100100100001101111110010100010010111100001111101000111010011111001100001000100110000
11110110100110010110111110000010110000111010111100101100100100000001010101100101100100100001101111110010100010010111100001111101000111010011110101011001000100110000
11110110100110010110111110000010110000111010111100101100100100000001010101100101100100100001101111110010100010010111100001111101000111010100001101000111111110110000
11110110100110010110111110000010110000111010111100101100100100000001010101100101100100100001101111110010100010010111100001111101000111010100000010001001000100110000
