01011111000011101001010001100101010100000001100001100001001110000101101010001100000101110110000100000011011100011100101110111010101100111100111001110000100010011010
01011111000011101001010001100101010100000001100001100001001110000101101010001100000101110110000100000011011100011100101110111010101100111100111001110000101010111100
01011111000011101001010001100101010100000001100001100001001110000101101010001100000101110110000100000011011100011100101110111010101100111100111001011000010000111100
01011111000011101001010001100101010100000001100001100001001110000101101010001100000101110110000100000011011100011100101110111010101100110010001110010100010000111100
01011111000011101001010001100101010100000001100001100001001110000101101010001100000101110110100010000011011100011100101110111010101100111100111001110000100010011010
01010111110000000101010001100101010100000001100001100001001110000101101010001100000101110110000100000011011100011100101110111010101100111100111001110000100010011010
01011111000011101001010001100101010100000001100001100001001110000101101111000100011001010010011101110011011100011100101110111010101100111100111001110000100010011010
01011111000011111100110001100101010100000001100001100001001110000101101010001100000101110110000100000011011100011100101110111010101100111100111001110000100010011010
01011111000011101001010001100101010100000001100001100001001110000101101010001100000101110110000111110011011100011100101110111010101100111100111001110000100010011010
01010111110000000101011111100101010100000001100001100001001110000101101010001100000101110110000100000011011100011100101110111010101100111100111001110000100010011010
01011111000011101001010001100101010100000001100001100001001110000101101010001100000101110100110101000011011100011100101110111010101100111100111001110000100010011010
01011111000011101001010001100101010100000001100001100001001110000101101010001100000101110101100001000011011100011100101110111010101100111100111001110000100010011010
01011111000011101001010001100101010100000001100001100011001110000101101010001100000101110110000100000011011100011100101110111010101100111100111001110000100010011010
01011111000011101001010001100101010100000001100001100001001110000101101010001100000101110110000100000011011100011100101110111010101100111100111001110000100010010101
01011111000011101001010001100101010100000001100001100001001110000101101010001100000101110110000100000011011100011100101110111010101100110011011010110100010000111100
01011111000011101001010001100101010100000001100001100001001110000101101010001100000101110110000100000011011100011100101110111010101100111101101101111000111101011001
01011111000011101001010001100101010100000001100001100001001110000101101010001100000101110110000100000011011100011100101110111010101100111100111001110000100010011010
