011011101000001010000111000001000000101111100100001101000100110101001010010010110101001010010111100100010111111011111011000111110011001111111101111110001101111110100001100010011111
011011101000001010000111000001000000101111100100001101000100110101001010010010110101001010010011111111100000010011011100110111010000011011000010000101110111111110010000010101000101
011011101000001010000111000001000000101111100100001101000100110101001010010010110101001010010011011110110100100000010001011001011101011000001000000100101101001110011001100001000111
011011101000001010000111000001000000101111100100001101000100110101001010010010110101001010110101110101001010111000010000011100110000101111011110101011011110101011011010000110111101
011011101000001010000111000001000000101111100100001101000100110101001010010010110101001010010111100100010111111011111011000111110010010011100101101011011110101011011010000110111101
011011101000001010000111000001000000101111100100001101000100110101001010010010110101001010010011011110101101011000011110010100011101101011010111111010100111011011000001101111110111
011011101000001010000111000001000000101111100100001101000100110101001010010010110101001010010010001010010101110110110110110111011000011110011000000011011001010110101101111000110011
011011101000001010000111000001000000101111100100001101000100110101001010010010110101000101011110011000111100110001111000101100010110010100111110100001110110000000001011000010011101
011011101000001010000111000001000000101111100100001101000100110101001010010010110101001010010011011110110100101011000001111101000000110100100011100110110001000111110000101010111101
011011101000001010000111000001000000101111100100001101000100110101001010010010110101000101011110011000111100110001110110110100010010100110111111000001000011000100011011010101000101
011011101000001010000111000001000000101111100100001101000100110101001010010010110101000101011110011000111100110001110110110100010010100110111111000001000011000100011011010000111111
011011101000001010000111000001000000101111100100001101000100110101001010010010110101000001110101111001111100000111001110010000111110110000000100001010100100110111110010111111110111
011011101000001010000111000001000000101111100100001101000100110101001010010010110101001010010011101001001111011000110000010110011101010011101100000001100111010011011001100001000111
011011101000001010000111000001000000101111100100001101000100110101001010010010110101001010010111101010001000110101000101111000100000101001101010110000000100110101011010010001111101
011011101000001010000111000001000000101111100100001101000100110101001010010010110101001010110101110101010011000000010100101011010001110111011010111100010111101100010111001010110011
011011101000001010000111000001000000101111100100001101000100110101001010010010110101001010101110110011000100100000010100101011010001110111011010111100010111101100010111001010110011
011011101000001010000111000001000000101111100100001101000100110101001010010010110101001010010001111111001011010001111110100000100110100101100101101011011001000101110110001011100000
