001100101101000100011011001111001000110111001010101011000011001000001000110001101111010100100011101111010100110010101110011110000001010001100110111100100010101111111111111010010011
001100101101000100011011001111001000110111001010101011000011001000001000110001101111010100100011101111010100110010101110011110000001010001100110111100100010101111100010011010010011
001100101101000100011011001111001000110111001010101011000011001000001000110001101111010100100011101111010100110010101110011110000001010001010010010010110110010011100000001000100001
001100101101000100011011001111001000110111001010101011000011001000001000110001101111010100100011101111010100110010101110011110000001010001100110111100100010101111111110000001010011
001100101101000100011011001111001000110111001010101011000011001000001000110001101111010100100011101111010100110010101110011110000001010001100110111100100010101111111111110110111011
001100101101000100011011001111001000110111001010101011000011001000001000110001101111010100100011101111010100110010101110011110000001010001100110111100100010101111111111111011001011
001100101101000100011011001111001000110111001010101011000011001000001000110001101111010100100011101111010100110010101110011110000001010001010010010010101000010100111100111010010011
001100101101000100011011001111001000110111001010101011000011001000001000110001101111010100100011101111010100110010101110011110000001010001100110111100100010101110101010011010010011
001100101101000100011011001111001000110111001010101011000011001000001000110001101111010100100011101111010100110010101110011110000001010001100110111100100010101111111111000100100001
001100101101000100011011001111001000110111001010101011000011001000001000110001101111010100100011101111010100110010101110011110000001010001010010010010101000010100111110000011011011
001100101101000100011011001111001000110111001010101011000011001000001000110001101111010100100011101111010100110010101110011110000001010001010010010010110110010011111000011010010011
001100101101000100011011001111001000110111001010101011000011001000001000110001101111010100100011101111010100110010101110011110000001010001100110111100100110100010100101100001000111
001100101101000100011011001111001000110111001010101011000011001000001000110001101111010100100011101111010100110010101110011110000001010001100001001001010100001111000110111010010011
001100101101000100011011001111001000110111001010101011000011001000001000110001101111010100100011101111010100110010101110011110000001010001100110111100100010101111100001111100010011
001100101101000100011011001111001000110111001010101011000011001000001000110001101111010100100011101111010100110010101110011110000001010001100110111100100010000001111000011010010011
001100101101000100011011001111001000110111001010101011000011001000001000110001101111010100100011101111010100110010101110011110001001010101000100010010110001100101111011110011011011
001100101101000100011011001111001000110111001010101011000011001000001000110001101111010100100011101111010100110010101110011110000001010001100110111100100010101111111111000110111110
