100101000011110001001100101000000010010000110011011000001000001010010111111100011010100101101010000110101111110100101110000111111000001111110001111110110000110011001000100010101000
100101000011110001001100101000001010010111000101011111100000001001101100111110100100101011100101001111000111110100101110000111111000001111110001111110110000110011001000100010101000
100101000011110001001100100101101001010000010010001011010100001010010111111100011010100101101010000110101111110100101110000111111000001111110001111110110000110011001000100010101000
100101000011110001001100101000001010010111011010011000001000001010010111111100011010100101101010000110101111110100101110000111111000001111110001111110110000110011001000100010101000
100101000011110001001100101000001010010111011110001001101000001010010111111100011010100101101010000110101111110100101110000111111000001111110001111110110000110011001000100010101000
100101000011110001001100101000000001001110110001011000001000001010010111111100011010100101101010000110101111110100101110000111111000001111110001111110110000110011001000100010101000
100101000011110001001100101000000010010000110011000011010100001010010111111100011010100101101010000110101111110100101110000111111000001111110001111110110000110011001000100010101000
100101000011110001001100101000001010010111000101000000010100001010010111111100011010100101101010000110101111110100101110000111111000001111110001111110110000110011001000100010101000
100101000011110001001100101000001010010111011110010101011100001001101100111110100100101011100101001111000111110100101110000111111000001111110001111110110000110011001000100010101000
100101000011110001001100101000000010010000110010111100110010110100000000100010010110000101110000100100001101111110111100100011010011000111110001111110110000110011001000100010101000
100101000011110001001100101000001010111110110001011000001000001010010111111100011010100101101010000110101111110100101110000111111000001111110001111110110000110011001000100010101000
100101000011110001001100101000000010001100101110001011010100001010010111111100011010100101101010000110101111110100101110000111111000001111110001111110110000110011001000100010101000
100101000011110001001100101000000010010000101000010101011100001001101100111110100100101011100101001111000111110100101110000111111000001111110001111110110000110011001000100010101000
100101000011110001001100101000001010010111000101011000001000001010010111111100011010100101101010000110101111110100101110000111111000001111110001111110110000110011001000100010101000
100101000011110001001100101000011101110001010110001011010100001010010111111100011010100101101010000110101111110100101110000111111000001111110001111110110000110011001000100010101000
100101000011110001001100101000001101111000010010001011010100001010010111111100011010100101101010000110101111110100101110000111111000001111110001111110110000110011001000100010101000
100101000011110001001100101000001010001110101110001011010100001010010111111100011010100101101010000110101111110100101110000111111000001111110001111110110000110011001000100010101000
