100000101011001000101101111001110110100111110010100011001100010110110000011110100101110100111011011110100001111000000111000001000110011011001011111001010101101010000000111100100000
100000101011001000101101111001110110100111110010100011001100010110010101010111101100110000001100111110100001111000000111000001000110011011001011111001010101101010000000111100100000
100000101011001000101101111001110110100111110010100011001100010111010010010101010010111110000011010010000000100110100000000101001001101101011101110110000101101010000000111100100000
100000101011001000101101111001110110100111110010100011001100010110010101010111100011111000010100111110100001111000000111000001000110011011001011111001010101101010000000111100100000
100000101011001000101101111001110110100111110010100010100000100000010000111010100100011110000011010010000000100110100000000101001001101101011101110110000101101010000000111100100000
100000101011001000101101111001110110100111110010100011001100010111011001011011011010010100010000110110011001111000000111000001000110011011001011111001010101101010000000111100100000
100000101011001000101101111001110110100111110010100011001100010110110000011101011010010100010000110110011001111000000111000001000110011011001011111001010101101010000000111100100000
100000101011001000101101111001110110100111110010100011001100010110010101010000000110111110000011010010000000100110100000000101001001101101011101110110000101101010000000111100100000
100000101011001000101101111001110110100111110010100011001100010110111101011111010111111000010100111110100001111000000111000001000110011011001011111001010101101010000000111100100000
100000101011001000101101111001110110100111110010100011001100010111011001011011011010010100010000110110011001111000000101110100101110101001011111110110000101101010000000111100100000
100000101011001000101101111001110110100111110010100011001100010110110000011101011010010100010000110110011001111000000101110100101110101001011111110110000101101010000000111100100000
100000101011001000101101111001110110100111110010100011001100010110111100000000010101011000010100111110100001111000000111000001000110011011001011111001010101101010000000111100100000
100000101011001000101101111001110110100111110010100011001100011111001010000111100011111000010100111110100001111000000111000001000110011011001011111001010101101010000000111100100000
100000101011001000101101111001110110100111110010100011001100010110110000011110101010010110010110010001011011110110001000111111000100110111111010001000110001001000110001101011111000
100000101011001000101101111001110110100111110010100011001100010110110000011110101010010110010111011010011101110010011111001100110001101010011011111100011111101100111010111000100000
100000101011001000101101111001110110100111110010100011001100010110111100101000010101011000010100111110100001111000000111000001000110011011001011111001010101101010000000111100100000
100000101011001000101101111001110110100111110010100011001100010110010101010111100011111000010100111110100001111000000111000001000110011011001011111001010101101010000000111100100000
