000110010010000000110110111101110110101011001010110101110111001000010001100001000111100010111100000111011100101000110011100101111011110101000010101111010110001001010111111010100011
000110010010000000110110111101110110101011001010110101110111001000010001100001000111100010111100000111011100101000110011111001001011100010000010101111010110001001010111111010100011
000110010010000000110110111101110110101011001010110101110111001000010001100001000111100010111100000111011100101000110011101110001011110101000010101111010110001001010111111010100011
000110010010000000110110111101110110101011001010110101110111001000010001100001000111100010111100000111011100101000111011110110101000111100000010101111010110001001010111111010100011
000110010010000000110110111101110110101011001010110101110111001000010001100001000111100010111100000111011100101000110010101010100000101000110001000100100100111110110000101001111101
000110010010000000110110111101110110101011001010110101110111001000010001100001000111100010111100000111011100101000111010100001100011010001000100101111010110001001010111111010100011
000110010010000001111000001000001000011111001010110101110111001000010001100001000111100010111100000111011100101000110011100101111011110101000010101111010110001001010111111010100011
000110010010000000110110111101110110101011001010110101110111001000010001100001000111100010111100000111011100101000000011101100000100111010011100000010110100111110110000101001111101
000110010010000000110110111101110110101011001010110101110111001000010001100001000111100010111100000111011100101000101001110101111110000101110101101010110100111110110000101001111101
000110010010000000110110111101110110101011001010110101110111001000010001100001000111100010111100000111011100101000101000110110101000111100000010101111010110001001010111111010100011
000110010010000000110110111101110110101011001010110101110111001000010001100001000111100010111100000111011100101000110011111001010011010001000010101111010110001001010111111010100011
000110010010000000110110111101110110101011001010110101110111001000010001100001000111100010111100000111011100101000110011100101111011110101000010101111010110001000100101011000110011
000110010010000000110110111101110110101011001010110101110111001000010001100001000111100010111100000111011100101000110011111001001011100000001101101110000011110000100101011000110011
000110010010000000110110111101110110101011001010110101110111001000010001100001000111100010111100000111011100101000110000001101100110001001110101101010110100111110110000101001111101
000110010010000000110110111101110110101011001010110101110111001000010001100001000111100010111100000111011100101000111000001001111100101101100100101111010110001001010111111010100011
000110010010000000110110111101110110101011001010110101110111001110001010111110100100111101000011111011100111111101101110010101111011110101000010101111010110001001010111111010100011
000110010010000000110110111101110110101011001010110101110111001000010001100001000111100010111100000111011100101000110011100101111011110101000010101111010110001001010111111010100011
