000101101000011011010100000011100000010111111000011001110111010100011101110001010111010101111001011100010011100110111011010110001010000010111110110001110001101001010000000011110100
000101101000011011010100000011100000010111111000011001110111010100010000011011010000111010010110110100010011100110111011010110001010000010111110110001110001101001010000000011110100
000101101000011011010100000011100000010111111000011001110111010100010001000101011100100011001100011011000001101011111101100110001010000010111110110001110001101001010000000011110100
000101101000011011010100000011100000010111111000011001110111010100010000011011010000111010010111011101001111110011111001000100001010110010111100111010000000110100000011111000001110
000101101000011011010100000011100000010111110001100101101100000010011010101111100111011110110110100111001100011110101001001011011110110010111100111010000000110100000011111000001110
000101101000011011010100000011100000010111111000011001110111010100010000011011010000111010010110100110010000100101011010100110001010000010111110110001110001101001010000000011110100
000101101000011011010100000011100000010111110001100101101100000010011010101111100111011110110110100111001100011110101001001001101001111011101101111100101001011001010000000011110100
000101101000011011010100000011100000010111111000011001110111010100010111010000010000011011100110011110010011011111101000110101110010110010111100111010000000110100000011111000001110
000101101000011011010100000011100000010111111000011001110111010100011101110011100011100101110110010100110100110100101111100110001101001101100001111010000000110100000011111000001110
000101101000011011010100000011100000010111111000011001110111010100010001000101011100100011001100010111110111010100111001000100001010110010111100111010000000110100000011111000001110
000101101000011011010100000011100000010111111000011001110111010100010001000101011100111111100111000001010100111101100010111010000111001111000001111010000000110100000011111000001110
000101101000011011010100000011100000010111111000011001110111010100010001000101011100100011001100011011010101000110000001000100001010110010111100111010000000110100000011111000001110
000101101000011011010100000011100000010111111000011001110111010100010001000101101111100100011011010011001010011001100110010111101011110010111110110001110001101001010000000011110100
000101101000011011010100000011100000010111111000011001110111010100010000011011010000111010010111011101001111110011111011011110110110100010111100111010000000110100000011111000001110
000101101000011011010100000011100000010111111000011001110111010100011101110011100011100101111011001101111101110010011110011110011011011111000001111010000000110100000011111000001110
000101101000011011010100000011100000010111111000011001110111010100011101110001010111010101111001011100010011100110111011010101100000010010100110111101111101111110011000110001001110
000101101000011011010100000011100000010111111000011001110111010100011101110001010111010101111001011100010011100110111011010110001010000010111110110001110001101001010000000011110100
