110101101101110100001111100000001100111010011000101001110011111111111111000110100000000101001101111010110111111110001000011001011010001101001110011111011101100011110101111101001011
110100011010110000011011111010110010101101101000111000011100010111110001101000001000011100001010011100000111010001001110111011101000000100100010110101011000101100001011000011101011
100101011100000011111110010011001110110000000011100100100001110010100011101011100100111001111100000001101100101101111000011001010111011001010101111100001010101000001110111110101011
100101011100000011111110010011001110111000011001010011101011000010010010101111011000000100010110001000010011001110001000011001011010001101001110011111011101100011110101111101001011
110100011010110000011011111010110010101101110001110101101010001110110110000100000111100110100000011101100010000101100001011001011010001101001110011111011101100011110101111101001011
100101011100000011111110010011001110110001000001111110110111000111101101010101101001011110110101101100000101010101111001000101010101001101110000010101011000101100001011000011101011
110100011010110000011011111010110010001101010000111000011100010111110001101000001000011100001010011100000111010001001110111011101000000100100010110101011000101100001011000011101011
110101101101110100001111100000001100111010011011111011011010101110100110110100010000100101101101110010010011101010001111101111101110101100011111111110111100010010100011001100000110
100101011100000011111110010011001110110001011000110010100010000001011011110100010010011010100000111100101111001110110110101001010111011001010101111100001010101000001110111110101011
110101101101110100001111100000001100111010011011111011011010101110100110110100010000100101101101110010010011101010001001110000010001101110011011000101101000101100001011000011101011
110101101101110100001111100000001100111010011011111011011010101110100110110100010000100101101101110010010011101010001111101111000000110000001001100101111110010001110001001100000011
110101101101110100001111100000001100111010011000101001110011111111111111000110100000000101001010010000110001101110001000011001011010001101001110011111011101100011110101111101001011
100101011100000011111110010011001110110000000000110111110010111100101001111111101010100110100000011101100010000101100001011001011010001101001110011111011101100011110101111101001011
100101011100000011111110010011011101111111110111010000111000110010101111011101011011111111001010001101001100111010001001110000010001101110011011000101101000101100001011000011101011
110100011010110010100001111101010100010011010110011000000111000001110110001110111000001101010001010110111111110110001100100001111010110000000001111110111100010010100011001100000110
110101111010100100011110111011100111000110101100010010011000111011100110011000111001111000111100110101000110000101100001011001011010001101001110011111011101100011110101111101001011
110100011010110000011011111010110010101101110001110101100000000000110001100000100000011001101011110100110001011101010011100111011001010110001101001101101000010000101101101101001000
