101011110011011110111000011000100011101011100011100110011100011100101110110011000101000000010010001111001101000001011001110100100100001100010111001111010000111111001101101101101000
001001000011101111100011010010001100101110011000001100100110001010011001111100000001000001101110101101001101000001011001110100100100001100010111001111010000111111001101101101101000
101011110010000111010100000010010111101110111111101101100100010110000010010011000010101111111010111111001101000001011001110100100100001100010111001111010000111111001101101101101000
101011110011011110111000011000100011101011100011100110011100011100101110110011101111010001010000010000110100100010110001110100100100001100010111001111010000111111001101101101101000
011001011011000111000111010011001100110001000011101100001101110100111010011111110000000000010010001111001101000001011001110100100100001100010111001111010000111111001101101101101000
110111001011011110111000011000100011101011100011100110011100011100101110110011000101000000010010001111001101000001011001110100100100001100010111001111010000111111001101101101101000
010001000100101111100011010010001100101110011000001100100110001010011001111100000001000001101110101101001101000001011001110100100100001100010111001111010000111111001101101101101000
001110000001000011001000110000010000100111110001000111111100111101000000000110111001100110100111001111001101000001011001110100100100001100010111001111010000111111001101101101101000
101011110010110110001111001000110101001000000011101100001101110100111010011111110000000000010010001111001101000001011001110100100100001100010111001111010000111111001101101101101000
001001000011101111100011010010001100101110011000001100100110001010011001111100000100010011100111001111001101000001011001110100100100001100010111001111010000111111001101101101101000
001110101111000000100011001100011100110001000011101100001101110100111010011111110000000000010010001111001101000001011001110100100100001100010111001111010000111111001101101101101000
001110100101011111001100010010111101001001110001011111000000111010001101001000011011011000100111000001010100100010110001110100100100001100010111001111010000111111001101101101101000
101010000001000011001000110000010000100111110001000111111100111101000000000110111001100110100111001111001101000001011001110100100100001100010111001111010000111111001101101101101000
001110101111000000100011011010011111111111100100101110001110111110111001101101001001000110110101111111001101000001011001110100100100001100010111001111010000111111001101101101101000
001110000000111110001010111011100110011111111011111000010100010010110011001001001110111100100111011111001101000001011001110100100100001100010111001111010000111111001101101101101000
101011110011011110111000011000100011101011100011100110011100011100101110110011000101000000010010001111001101000001011001110100100100001100010111001111010000111111001101110110000101
001001000011101111100011010010001100101110011000001100100110001010011001111100000001000001101110101101001101000001011001110100100100001100010111001111010000111111001101101101101000
