010101110001010110011110010000100011011100111100000110010001001011101011000011000010100111010010101001010010110011100010111101010001100101110101101001001111110011101001011010001010
010101110001010110011110010000100011011100111100000110010011111111111110001001011111011000010010101001010010110011100010111101010001100101110101101001001111110011101001011010001010
010101110001001111110011101110100111000000011110010110010001001011101011000011000010100111010010101001010010110011100010111101010001100101110101101001001111110011101001011010001010
010101110001010110011110010000100011011011111101011100010000001100110000100011000010100111010010101001010010110011100010111101010001100101110101101001001111110011101001011010001010
010101110001010110011110010000100011011011111101011100010000001100110000100011000111010111010010101001010010110011100010111101010001100101110101101001001111110011101001011010001010
010101110001010110011110010000100011011011111110010111111100001111110011000011000010100111010010101001010010110011100010111101010001100101110101101001001111110011101001011010001010
010101110001010110011110010000100011011100111100110101001111000010000010001100000010100111010010101001010010110011100010111101010001100101110101101001001111110011101001011010001010
010101110001010110011110010000100011010011011011010101010001001011101011000011000010100111010010101001010010110011100010111101010001100101110101101001001111110011101001011010001010
010101110001010110011110010000100011011100111100000110000010001111111010001011110100011000010010101001010010110011100010111101010001100101110101101001001111110011101001011010001010
010101110001010110011110010000100011011100111100110011000100100100100010001100000010100111010010101001010010110011100010111101010001100101110101101001001111110011101001011010001010
010101110001010110011110010000100011011100111100000110010001001011101011000011000010100111010010101001010010110011100010111101010001100101110101101001001111110011101001011010001000
010101110001010110011110010000100011011100111100000111111111000010011100110010100010100111010010101001010010110011100010111101010001100101110101101001001111110011101001011010001010
010101110001010110011110010000100011011100111100000110010111101010101110001100000010100111010010101001010010110011100010111101010001100101110101101001001111110011101001011010001010
010101110001010110011110010000100011011100111100000110010100111000001100111100010111011000010010101001010010110011100010111101010001100101110101101001001111110011101001011010001010
010101110001010110011110010000100011011100111100000110011000011000100010100001100001110111100001111111001001001110100010101011011110010101010101110010111111011111010110111111001010
010101110001010110011110010000100011011100111100101100010111001011101011000011000010100111010010101001010010110011100010111101010001100101110101101001001111110011101001011010001010
010101110001010110011110010000100011011100111100000110010001001011101011000011000010100111010010101001010010110011100010111101010001100101110101101001001111110011101001011010001010
