011000000000011001100100010011001011001010001011111101110001001110100100010010000111110100100010001101111111010000001011101010111011000101101110111001001001011100011
011000000000011001100100010011001011001010001011111101110001001110100100010010000111110100100010001101111111010000001011101010111011000101100110111001001001011100011
011000000000011001100100010011001011001010001011111101110001001110100100010010000111110100100010001101111111010000001011101010111011011001000110111001001001011100011
011000000000011001100100010011001011001010001011111101110001001110100100010010000111110100100010001101111111010000001011101010111011000111111010111000011001011100011
011000000000011001100100010011001011001010001011111101110001001110100100010010000111110100100010001101111111010000001011101010111011000101111010111000011001011100011
011000000000011001100100010011001011001010001011111101110001001110100100010010000111110100100010001101111111010000001011101010111011000111100101011100011001011100011
011000000000011001100100010011001011001010001011111101110001001110100100010010000111110100100010001101111111010000001011101010111011000101100101011100011001011100011
011000000000011001100100010011001011001010001011111101110001001110100100010010000111110100100010001101111111010000001011101010111011000101010011011100011001011100011
011000000000011001100100010011001011001010001011111101110001001110100100010010000111110100100010001101111111010000001011101010111011000101011010111000011001011100011
011000000000011001100100010011001011001010001011111101110001001110100100010010000111110100100010001101111111010000001011101010111011000101110110111001001001011100011
011000000000011001100100010011001011001010001011111101110001001110100100010010000111110100100010001101111111010000001011101010111011000101110111011100011001011100011
011000000000011001100100010011001011001010001011111101110001001110100100010010000111110100100010001101111111010000001011101010111011000101010000000111010110011100011
011000000000011001100100010011001011001010001011111101110001001110100100010010000111110100100010001101111111010000001011101010111011000101010101011100011001011100011
011000000000011001100100010011001011001010001011111101110001001110100100010010001000001101100011011001110010110000110110110011101010100010101110111001001001011100011
011000000000011001100100010011001011001010001011111101110001001110100100010010000111110100100010001101111111010000001011101010111011000101111110111001001001011100011
011000000000011001100100010011001011001010001011111101110001001110100100010010000111110100100010001101111111010000001011101010111001101100100110111001001001011100011
011000000000011001100100010011001011001010001011111101110001001110100100010010001000111000100010001101111111010000001011101010111011000111000110111001001001011100011
