101111111110000001001000100000011001111101010101110111000001001000001110100110101000001111110001101000000001000111101010101011111110011100100110100010101010010010101
101111111110000001001000100000011001111101010101110111000001001000001110100110101000001111110001101000000001000111101010101011111110011100100110100010101010010001010
101111111110000001001000100000011001111101010101110111000001001000001110100110101000001111110001101000000001000111101010101011111110011100100011001001010100111101010
101111111110000001001000100000011001111101010101110111000001001000001110100110101000001111110001101000000001000111101010101011111110011100100110111101000100100111010
101111111110000001001000100000011001111101010101110111000001001000001110100110101000001111110001101000000001000111101010101011111110011100100110101001010010001011011
101111111110000001001000100000011001111101010101110111000001001000001110100110101000001111110001101000000001000111101010101011111110000011010010001000110010111101101
101111111110000001001000100000011001111101010101110111000001001000001110100110101000001111110001101000000001000111101010101011111110000011010000111101000100100111010
101111111110000001001000100000011001111101010101110111000001001000001110100110101000001111110001101000000001000111101010101011111110011100100000111101000100100111010
101111111110000001001000100000011001111101010101110111000001001000001110100110101000001111110001101000000001000111101010101011111110011100100110111011011011001001110
101111111110000001001000100000011001111101010101110111000001001000001110100110101000001111110001101000000001000111101010101011111110011100100110101000110010111101101
101111111110000001001000100000011001111101010101110111000001001000001110100110101000001111110001101000000001000111101010101011111110011100100110100001000011110111111
101111111110000001001000100000011001111101010101110111000001001000001110100110101000001111110001101000000001000111101010101011111110011100100000100010101010010010101
111000011001010010001000100000011001111101010101110111000001001000001110100110101000001111110001101000000001000111101010101011111110011100100110100010101010010010101
101111111110000001001000100000011001111101010101110111000001001000001110100110101000001111110001101000000001000111101010101011111110011100100110111101010010111101101
101111111110000001001000100000011001111101010101110111000001001000001110100110101000001111110001101000000001000111101010101011111110011100100000100000010000111001110
111001010010010010001000100000011001111101010101110111000001001000001110100110101000001111110001101000000001000111101010101011111110011100100110100010101010010010101
101111111110000001001000100000011001111101010101110111000001001000001110100110101000001111110001101000000001000111101010101011111110011100100110101001010010001011000
