001101001011010110001100100011001101010100100100001111000100110101001111101000100010101001101110011000100001001010101111100100110000011011110011010100111010110111100
001101001011010110001100100011001101010100100100001111000100110101001111101000100010101001101110011000100001001010101111100010111101010010011110111001010101100101001
001101001011010110001100100011001101010100100100001111000100110101001111101000100010101001101110011000100001001010101101011010111101010010011110111001010101100101001
001101001011010110001100100011001101010100100100001111000100110101001111101000100010101001000011110000111100010010111101010000000100111010011110111001010101100101001
001101001011010110001100100011001101010100100100001111000100110101001111101000100010101001101110011000100001001010101111100010101101010010011110111001010101100101001
001101001011010110001100100011001101010100100100001111000100110101001111101000100010101001101110011000100001001010111110001011111101010010011110111001010101100101001
001101001011010110001100100011001101010100100100001111000100110101001111101000100010101001000011110000111100010010111101010000000001111010011110111001010101100101001
001101001011010110001100100011001101010100100100001111000100110101001111101000100010101001101110011000100001001010101111100100110000011010011110111001010101100101001
001101001011010110001100100011001101010100100100001111000100110101001111101000100010101001101110011000100001001010101101100011111101010010011110111001010101100101001
001101001011010110001100100011001101010100100100001111000100110101001111101000100010101001000011110000111100001110000101100011111101010010011110111001010101100101001
001101001011010110001100100011001101010100100100001111000100110101001111101000100010101001101110011000100001001010101111100010111110010010011110111001010101100101001
001101001011010110001100100011001101010100100100001111000100110101001111101000100010101001101110011000100001001010101000011100111101010010011110111001010101100101001
001101001011010110001100100011001101010100100100001111000100110101001111101000100010101001000011110000111100010010111101010001101101010010011110111001010101100101001
001101001011010110001100100011001101010100100100001111000100110101001111101000100010101001000011110000111100001110111011001111011101010010011110111001010101100101001
001101001011010110001100100011001101010100100100001111000100110101001111101000100010101001110110011000100001001010101111100100110000011011110011010100111010110111100
001101001011010110001100100011001101010100100100001111000100110101001111101000100010101001000011110000111100010010111101010011111101010010011110111001010101100101001
001101001011010110001100100011001101010100100100001111000100110101001111101000100010101001101110011000100001001010101111100010111101010010011110111001010101100101001
