000101101010011000000111010000010110001000100111101110010000010100001000111101110011010101111010001010111000111101001011000001010100000101001000011010111101111100101
000101101010011000000111010000010110001000100111101110010000010100001000111101110011010101111010001010111000111100001011000001010100000101001000011010111101111100101
000101101010011000000111010000010110001000100111101110010000010100001000111101110011010101111010001010111000111101001011000001010100000101001000011010111110110010101
000101101010011011101000010000010110001000100111101110010000010100001000111101110011010101111010001010111000111101001011000001010100000101001000011010111101111100101
000101101010011000000111010000010110001000100111101110010000010100001000111101110011010101111010001010111000111101001011000001010100000101001000001011011101111100101
000101101010011000000111010000010110001000100111101110010000010100001000110010111001010101111010001010111000111101001011000001010100000101001000011010111101111100101
000101101010011000000111010000010110001000100111101110010000010100001000111101110011010101111010001010111000111101001011000001010100000101000000011010111101111100101
000101101010011000000111010001010110001000100111101110010000010100001000111101110011010101111010001010111000111101001011000001010100000101001000011010111101111100101
000101101010011000000111010000010110001000100111101110010000010100001000111101110101011011011110001010111000111101001011000001010100000101001000011010111101111100101
000101101010011000000111010000010110001000100111101110010000010100001000111101110011010101111010001010111000111101001011000001010100000101001000011010100100001101100
000101101010011000000111010000010110001000100111101110010000010100001000111101111001010101111010001010111000111101001011000001010100000101001000011010111101111100101
000101101010011000000111010000010110001000100111101110010000010100001000111101110011010101111010001010111000111101001011000001010100000101001000011010111101111100100
000101101010011000000111100011101011001000100111101110010000010100001000111101110011010101111010001010111000111101001011000001010100000101001000011010111101111100101
000101101010011011100111010000010110001000100111101110010000010100001000111101110011010101111010001010111000111101001011000001010100000101001000011010111101111100101
000101101010011000000111010000010110001000100111101110010000010100001000111101110011010101111010001010111000111101001011100001010100000101001000011010111101111100101
000101101010011000000111010000010110001000100111101110010000010100001000111101110011010101111010001010111000111101001011000001010100000101001000011010111110110011010
000101101010011000000111010000010110001000100111101110010000010100001000111101110011010101111010001010111000111101001011000001010100000101001000011010111101111100101
