010001110000111000110010001011100010100010011011011101100011001000101001100101111001011100000000111010011000100011001110000000010110010010110100110111100000100101110
010001110000111000110010001011100010100010011011011101100011001000101001100101111101010101010001010000101000010010001100110101110011111010011110001111100000101110110
010001110000111000110010001011100010100010011011011101100011001000101001100101111001011100000000111010011000100010110101010111010011000011101000110111100000100101110
010001110000111000110010001011100010100010011011011101100011001000101001100101111001011100000000111010011000100010011101010111010011000011101000110111100000100101110
010001110000111000110010001011100010100010011011011101100011001000101001100101111001011100000000001100110100110000100000110101101000101010110000110111100000100101110
010001110000111000110010001011100010100010011011011101100011001000101001100101111001011100000000111010011000100010111011110101101000101010110000110111100000100101110
010001110000111000110010001011100010100010011011011101100011001000101001100100110100001001100011000010111111101110010101010111010011000011101000110111100000100101110
010001110000111000110010001011100010100010011011011101100011001000101001100100100000111100000000001100110100110000100000110101101000101010110000110111100000100101110
010001110000111000110010001011100010100010011011011101100011001000101001100101111101110110001100000111111010111001100000110101101000101010110000110111100000100101110
010001110000111000110010001011100010100010011011011101100011001000101001100101111101111100000000001100110100110000100000110101101000101010110000110111100000100101110
010001110000111000110010001011100010100010011011011101100011001000101001100101111001011100000000111010011000100011101110010111010011000011101000110111100000100101110
010001110000111000110010001011100010100010011011011101100011001000101001100101111101010101010001010000101000010001100000110101101000101010110000110111100000100101110
010001110000111000110010001011100010100010011011011101100011001000101001100101111001011100000000111010011000100011010101010111010011000011101000110111100000100101110
010001110000111000110010001011100010100010011011011101100011001000101001100111110101111100000000001100110100110000100000110101101000101010110000110111100000100101110
010001110000111000110010001011100010100010011011011101100011001000101001100100100011010100101001010101000111111010111011110101101000101010110000110111100000100101110
010001110000111000110010001011100010100010011011011101100011001000101001100101111001011100000000111010011000100011001110000000010110010010110100110000100110110010010
010001110000111000110010001011100010100010011011011101100011001000101001100100111011101001010001010110011101100100100100011111000100001101001101001001001100111110110
