011001011110110110110110001100001011110001000100010100110100001101001001010111001111011100001010110011001111100001101100010111111100000101001101001011010011100100001
011001011110110110110110001100001011110001000100010100110100001101001001010111001111011100001010110011001111010000101000010111111100000101001101001011010011100100001
011001011110110110110110001100001011110001000100010100110100001101001001010111001111011100001010110111100101011100001000010111111100000101001101001011010011100100001
011001011110110110110110001100001011110001000100010100110100001101001001010111001111011100001010110011001111011101001100010111111100000101001101001011010011100100001
011001011110110110110110001100001011110001000100010100110100001101001001010111001111011100001010110011001111100001101100010111111100000101001101001011010011100100010
011001011110110110110110001100001011110001000100010100110100001101001001010111001111011100001010110011001111100010110100010111111100000101001101001011010011100100001
011001011110110110110110001100001011110001000100010100110100001101001001010111001111011100001010110111100101101110001010101111111100000101001101001011010011100100001
011001011110110110110110001100001011110001000100010100110100001101001001010111001111011100001010110011001111010000101000010111111100000101001101001011010011100100010
011001011110110110110110001100001011110001000100010100110100001101001001010111001111011100001010110011001111100000000010101111111100000101001101001011010011100100001
011001011110110110110110001100001011110001000100010100110100001101001001010111001111011100001010110011001111100001010101010111111100000101001101001011010011100100001
011001011110110110000110001100001011110001000100010100110100001101001001010111001111011100001010110011001111100001101100010111111100000101001101001011010011100100001
011001011110110110110110001100001011110001000100010100110100001101001001010111001111011100001010110011001111100001101010101111111100000101001101001011010011100100001
011001011110110110000110001100001011110001000100010100110100001101001001010111001111011100001010110011001111010000101000010111111100000101001101001011010011100100001
011001011110110110110110001100001011110001000100010100110100001101001001010111001111011100001010110111100101101110001000010111111100000101001101001011010011100100001
101010011110110110110110001100001011110001000100010100110100001101001001010111001111011100001010110011001111100001101100010111111100000101001101001011010011100100001
011001011110110110110110001100001011110001000100010100110100001101001001010111001111011100001010110011001111100100101000010111111100000101001101001011010011100100001
011001011110110110110110001100001011110001000100010100110100001101001001010111001111011100001010110011001111100001101100010111111100000101001101001011010011100100001
