110000000101101010001000110111011111000100000011110010101100110010000100101010011001000010100100101100011011011110111100100100110110101000101111010110011011001100101
110000000101101010001000110111011111000100000011110010101100110010000100101010011001000010100100101100011011011110111100100100110110101000101110010110011011001100101
110000000101101010001000110111011111000100000011110010101100110010000100101010011001000010100100101100011011011110111100100100110110101000101111010110011001011101000
110000000101101010001000110111011111000100000011110010101100110010000100101010011001000010100100101100011011011110111100100100110110101000101000100101100110101000100
110000000101101010001000110111011111000100000011110010101100110010000100101010011001000010100100101100011011011110111100100100110110101000100010001111101010010110101
110000000101101010001000110111011111000100000011110010101100110010000100101010011001000010100100101100011011011110111100100100110110101000101010010110011011001100101
110000000101101010001000110111011111000100000011110010101100110010000100101010011001000010100100101100011011011110111100100011110011110010100011110110011101001011100
110000000101101010001000110111011111000100000011110010101100110010000100101010011001000010100100101100011011011110111100100011110011110011011000110101110111001011100
110000000101101010001000110111011111000100000011110010101100110010000100101010011001000010100100101100011011011110111100100011110011110000111000110101110111001011100
110000000101101010001000110111011111000100000011110010101100110010000100101010011001000010100100101100011011011110111100100100110110101000101110010110011001011101000
110000000101101010001000110111011111000100000011110010101100110010000001101100100001000010100100101100011011011110111100100100110110101000101111010110011011001100101
110000000101101010001000110111011111000100000011110010101100110010000001101100100001000010100100101100011011011110111100100100110110101000101111010110011001011101000
110000000101101010001000110111011111000100000011110010101100110010000100101010011001000010100100101100011011011110111100100100110110101000100010001010101010010110101
110000000101101010001000110111011111000100000011110010101100110010000001101100100001000010100100101100011011011110111100100100110110101000101110010110011011001100101
110000000101101010001000110111011111000100000011110010101100001111000001010110010000000001111010010001010110111111100101010101100100000110011110101010011101001011100
110000000101101010001000110111011111000100000011110010101100001110100111011110000001101100110100001100011011011110111100100100110110101000101111010110011011001100101
110000000101101010001000110111011111000100000011110010101110010110110101101100100001000010100100101100011011011110111100100011110011110001010011001001000100001100011
