110111100101111011000110010000101100100111111010000011000000100011000000111000111001010111101011110010110000000110001101101101011010000010100110010000010101111000001
110111100101111011000110010000101100100111111010100011000000100011000000111000111001010111101011110010110000000110001101101101011010000010100110010000010101111000001
110111100101111011000110010000101100100111111010000011000000100011000000111000111001010111101011110010110001110011110101110010101101100100001110010000010101111000001
110111100101101101000110010000101100100111111010000011000000100011000000111000111001010111101011110010110000000110001101101101011010000010100110010000010101111000001
110111100101111011000110010000101100100111111010000011000000100011000000111000111001010111101011110010110000011110001101101101011010000010100110010000010101111000001
110111100101111011000110010000101100100111111010000011000000100011000000111000111001010111101011110010110001110011110101110110111110000010100110010000010101111000001
110111100101111011000110010000101100100111111010000011000000100011000000111000111001010111101011110010110011000110001101101101011010000010100110010000010101111000001
110111100101111011000110010000101100100111111010000011000000100011000000111000111001010111101011110010110101010011110101110010101101100100001110010000010101111000001
110111100101111011000110010000101100100111111010000011000000100011000000111000111001010111101011110010110000000110001101101100101111100100001110010000010101111000001
110111100101111011000110010000101100100111111010000011000000100011000000111000111001010111101000011101110000000110001101101101011010000010100110010000010101111000001
110111100101111011000110010000101100100111111010000011000000100011000000111000111001010111101011110010110101010111101101011111010010010010100110010000010101111000001
110111100101111011000110010000101100100111111010000011000000100011000000111000111001010111101011110010111110010111101101011111010010010010100110010000010101111000001
110111100101111011000110010000101100100111111010000011000000100011000000111000111001010111101011110010110101010011110101110110111110000010100110010000010101111000001
110111100101111011000110010000101100100111111010000011000000100011000000111000111001010111101011110111111101010111101101011111010010010010100110010000010101111000001
110111100101111011000110010000101100100111111010000011000000100011000000111000111001010111101011110010110001011100111101110110111110000010100110010000010101111000001
110111100101111011000110010000101100100111111010000011000000100011000000111000111001010111101011110010110000000110101101011111010010010010100110010000010101111000001
110111100101111011000110010000101100100111111010000011000000100011000000111000111001010111101011110010110000000110001101101101011010000010100110010000010101111000001
