100110110100100000001101001011011111011000110110111110100011110011101101111000110001110110000001100011110111000110100000000001011001111010010101110111011100010110101000000110111010
110010011101000111101101001011011111011000110110111110100011110011101101111000110001110110000001100011110111000110100000000001011001111010010101110111011100010110101000000110111010
100110110101000111101101001011011111011000110110111110100011110011101101111000110001110110000001100011110111000110100000000001011001111010010101110111011100010110101000000110111010
100110110100100000000111101111011111011000110110111110100011110011101101111000110001110110000001100011110111000110100000000001011001111010010101110111011100010110101000000110111010
100110110101000111001101001011011111011000110110111110100011110011101101111000110001110110000001100011110111000110100000000001011001111010010101110111011100010110101000000110111010
100110110100100001011101011110010111011000110110111110100011110011101101111000110001110110000001100011110111000110100000000001011001111010010101110111011100010110101000000110111010
100110110101000100001101001011011111011000110110111110100011110011101101111000110001110110000001100011110111000110100000000001011001111010010101110111011100010110101000000110111010
100110111111101110101101001011011111011000110110111110100011110011101101111000110001110110000001100011110111000110100000000001011001111010010101110111011100010110101000000110111010
100110110100100001001101001011011111011000110110111110100011110011101101111000110001110110000001100011110111000110100000000001011001111010010101110111011100010110101000000110111010
100110110101110001001101001011011111011000110110111110100011110011101101111000110001110110000001100011110111000110100000000001011001111010010101110111011100010110101000000110111010
100110110100010011011101011110010111011000110110111110100011110011101101111000110001110110000001100011110111000110100000000001011001111010010101110111011100010110101000000110111010
100110110100100000001001001011011111011000110110111110100011110011101101111000110001110110000001100011110111000110100000000001011001111010010101110111011100010110101000000110111010
100110110100100011101101001011011111011000110110111110100011110011101101111000110001110110000001100011110111000110100000000001011001111010010101110111011100010110101000000110111010
011000001101000111101101001011011111011000110110111110100011110011101101111000110001110110000001100011110111000110100000000001011001111010010101110111011100010110101000000110111010
100110111111100100001101001011011111011000110110111110100011110011101101111000110001110110000001100011110111000110100000000001011001111010010101110111011100010110101000000110111010
100110110100000111101101001011011111011000110110111110100011110011101101111000110001110110000001100011110111000110100000000001011001111010010101110111011100010110101000000110111010
100110110100110110001101001011011111011000110110111110100011110011101101111000110001110110000001100011110111000110100000000001011001111010010101110111011100010110101000000110111010
100110111111111000001101001011011111011000110110111110100011110011101101111000110001110110000001100011110111000110100000000001011001111010010101110111011100010110101000000110111010
100110110101110101101101001011011111011000110110111110100011110011101101111000110001110110000001100011110111000110100000000001011001111010010101110111011100010110101000000110111010
100110110100010011011001100111000101011000110110111110100011110011101101111000110001110110000001100011110111000110100000000001011001111010010101110111011100010110101000000110111010
100110111111100100101101001011011111011000110110111110100011110011101101111000110001110110000001100011110111000110100000000001011001111010010101110111011100010110101000000110111010
100110110100100101101101001011011111011000110110111110100011110011101101111000110001110110000001100011110111000110100000000001011001111010010101110111011100010110101000000110111010
100110110101110100001101001011011111011000110110111110100011110011101101111000110001110110000001100011110111000110100000000001011001111010010101110111011100010110101000000110111010
100110110100100000101101001011011111011000110110111110100011110011101101111000110001110110000001100011110111000110100000000001011001111010010101110111011100010110101000000110111010
100110110110110001001101001011011111011000110110111110100011110011101101111000110001110110000001100011110111000110100000000001011001111010010101110111011100010110101000000110111010
100110110100110101101101001011011111011000110110111110100011110011101101111000110001110110000001100011110111000110100000000001011001111010010101110111011100010110101000000110111010
100110110101110111101101001011011111011000110110111110100011110011101101111000110001110110000001100011110111000110100000000001011001111010010101110111011100010110101000000110111010
110010011101000111101101001011011111011000110110111110100011110011101101111000110001110110000001100011110111000110100000000001011001111010010101110111011100010110101000000100111010
110010011101000111101101001011011111011000110110111110100011110011101101111000110001110110000001100011110111000110100000000001011001111010010011111100001100010110101000000110111010
001100100100110110001101001011011111011000110110111110100011110011101101111000110001110110000001100011110111000110100000000001011001111010010101110111011100010110101000000110111010
110010011111101110101101001011011111011000110110111110100011110011101101111000110001110110000001100011110111000110100000000001011001111010010101110111011100010110101000000110111010
110010011101000111001101001011011111011000110110111110100011110011101101111000110001110110000001100011110111000110100000000001011001111010010101110111011100010110101000000110111010
