101011000010100010001011100101000010011011001101101100111111100101101110001010110111011010011011111010010011110111000001000010011010110111111111010011110111000111111011000011011110
101011000010100010001011100101000010011011001101101100111111100101101110001010110111011010011011111010010011110111000001000010011010110111111111010011110111110101111011000011011110
101011000010100010001011011111011010011011001101101100111111100101101110001010110111011010011011111010010011110111000001000010011010110111111111010011110111000111111011000011011110
101011000010100010001011100101000011111110100101101100111111100101101110001010110111011010011011111010010011110111000001000010011010110111111111010011110111000111111011000011011110
101011000010100010001011011111011010011011001101101100111111100101101110001010110111011010011011111010010011110111000001000010011010110111111111010011110111110101111011000011011110
101011000010100010001011011111011100111100011000101100111111100101101110001010110111011010011011111010010011110111000001000010011010110111111111010011110111000111111011000011011110
101011000010100010001011100110111110111011001101101100111111100101101110001010110111011010011011111010010011110111000001000010011010110111111111010011110111000111111011000011011110
101011000010100010001011100101000110011011001101101100111111100101101110001010110111011010011011111010010011110111000001000010011010110111111111010011110111000111111011000011011110
101011000010100010001011100100011100111100011000101100111111100101101110001010110111011010011011111010010011110111000001000010011010110111111111010011110111000111111011000011011110
101011000010100010001011011111011100111100011000101100111111100101101110001010110111011010011011111010010011110111000001000010011010110111111111010011110111110101111011000011011110
101011000010100010001011011111011000100110110001101100111111100101101110001010110111011010011011111010010011110111000001000010011010110111111111010011110111000111111011000011011110
101011000010100010001011011111011101100110110110011111110010110111000101011011101101001101111101001001111011100000100001001101011011111111101001111011100011001101011011000011011110
101011000010100010001011011111011010111011001101101100111111100101101110001010110111011010011011111010010011110111000001000010011010110111111111010011110111000111111011000011011110
101011000010100010001011011111011101101000111000101100111111100101101110001010110111011010011011111010010011110111000001000010011010110111111111010011110111000111111011000011011110
101011000010100010001011011111011101100110110110011111110010110111000101011011101101001101111101001001111011100000100001001101011011111111101001111011100011001110010101000011011110
101011000010100010001011011111011010101001100100101100111111100101101110001010110111011010011011111010010011110111000001000010011010110111111111010011110111000111111011000011011110
101011000010100010001011011111011000100110110001101100111111100101101110001010110111011010011011111010010011110111000001000010011010110111111111010011110111110101111011000011011110
101011000010100010001011011111011010011011001101101100111111100101101110001010110111011010011011111010010011110111000001000010011010110111111111010011110111000110011100101000101100
101011000010100010001011011111011101100110110110011111110010110111000101011011101101001101111101001001111011100000100001001101011011111111101001111011100011001110010110001101010110
101011000010100010001011011111011101100110110110011111110010110111000101011011101101001101111101001001111011100000100001001101011011111111101001111011100011001111011011000011011110
101011000010100010001011100101000011111110100101101100111111100101101110001010110111011010011011111010010011110111000001000010011010110111111111010011110111110101111011000011011110
101011000010100010001011011111011010001001100100101100111111100101101110001010110111011010011011111010010011110111000001000010011010110111111111010011110111000111111011000011011110
101011000010100010001011011100011100111100011000101100111111100101101110001010110111011010011011111010010011110111000001000010011010110111111111010011110111000111111011000011011110
101011000010100010100100100100110110101100001101101100111111100101101110001010110111011010011011111010010011110111000001000010011010110111111111010011110111000111111011000011011110
101011000010100010001011011111011010111011001101101100111111100101101110001010110111011010011011111010010011110111000001000010011010110111111111010011110111110101111011000011011110
101011000010100010110100000010000010011011001101101100111111100101101110001010110111011010011011111010010011110111000001000010011010110111111111010011110111000111111011000011011110
101011000010100010110010011000101110011011001101101100111111100101101110001010110111011010011011111010010011110111000001000010011010110111111111010011110111000111111011000011011110
101011000000001011001010111110000010011011001101101100111111100101101110001010110111011010011011111010010011110111000001000010011010110111111111010011110111000111111011000011011110
101011101001111101101111010100101000001011001101101100111111100101101110001010110111011010011011111010010011110111000001000010011010110111111111010011110111000111111011000011011110
101011000000001011001010110100000010011011001101101100111111100101101110001010110111011010011011111010010011110111000001000010011010110111111111010011110111000111111011000011011110
101011000000001011001010111110000010011011001101101100111111100101101110001010110111011010011011111010010011110111000001000010011010110111111111010011110111110101111011000011011110
101011000000001011001010111100110011100010000111001000111111100101101110001010110111011010011011111010010011110111000001000010011010110111111111010011110111000111111011000011011110
