000101110011001000000110000011000111101101000111001110100101101011111101011111100110110101110110001000001000000111111010010000011111101011101101001000110111000001000100110010000010
000101110011001000000110000011011101100101101000010100100101101011111101011111100110110101110110001000001000000111111010010000011111101011101101001000110111000001000100110010000010
000101110011001000000110000011011100110011110010110100001011101010100100011111001001100001010001001000001000000111111010010000011111101011101101001000110111000001000100110010000010
000101110011001000000110000011011100110011110010110011000100110111100010000000101001111010111010001000001000000111111010010000011111101011101101001000110111000001000100110010000010
000101110011001000000110000011011100110011110010110100000100110111100010000000101001111010111010001000001000000111111010010000011111101011101101001000110111000001000100110010000010
000101110011001000000110000011011100110011101001011010111111010111111001101101011101100111110010001000001000000111111010010000011111101011101101001000110111000001000100110010000010
000101110011001000000110000011011100110011101001011010111111010111111001101101011101100111110110001000001000000111111010010000011111101011101101001000110111000001000100110010000010
000101110011001000000110000011011101100101101001001000101110111111111011010011110111000111110110001000001000000111111010010000011111101011101101001000110111000001000100110010000010
000101110010100001111100100101110010001010011001101000000100110111100010000000101001111010111010001000001000000111111010010000011111101011101101001000110111000001000100110010000010
000101110011001000000110000011011100110011110010011011111110010111111101111101111111110001010001001000001000000111111010010000011111101011101101001000110111000001000100110010000010
000101110011001000000110000011011111001101011010001010010011101011111101011111100110110101110110001000001000000111111010010000011111101011101101001000110111000001000100110010000010
000101110011001000000110000011011100110011101001011010111111010111111001101101011100111010111010001000001000000111111010010000011111101011101101001000110111000001000100110010000010
000100011111001101010100000011000111101101000111001110100101101011111101011111100110110101110110001000001000000111111010010000011111101011101101001000110111000001000100110010000010
000101001011101101111001010111000111101101000111001110100101101011111101011111100110110101110110001000001000000111111010010000011111101011101101001000110111000001000100110010000010
000001110111110000011011000000100111101101000111001110100101101011111101011111100110110101110110001000001000000111111010010000011111101011101101001000110111000001000100110010000010
000101110011001000000110000011011100110011101001011010111111010111111001101101011101000001010001001000001000000111111010010000011111101011101101001000110111000001000100110010000010
000101110011001000000110000011011100110011110010110100001011101010100100011111011000110111001010101000001000000111111010010000011111101011101101001000110111000001000100110010000010
000101111000111000011110000001000101100010101101111000000000110000010100110100010001000001010001001000001000000111111010010000011111101011101101001000110111000001000100110010000010
001100010101011001011010010111000111101101000111001110100101101011111101011111100110110101110110001000001000000111111010010000011111101011101101001000110111000001000100110010000010
000101110011001000000110000011011100110011110010110100000101111100111000101100011000011101000110001000001000000111111010010000011111101011101101001000110111000001000100110010000010
000101110011001000000110000011011100110011110010110100001011101010100100011111001001100011110110001000001000000111111010010000011111101011101101001000110111000001000100110010000010
010010010100001000110010010001000101001100110100000010011011110001000000010100111101011101000110001000001000000111111010010000011111101011101101001000110111000001000100110010000010
000101110011001000000110000011011100110011101001011010111111010111111001101101011101101011011010001000001000000111111010010000011111101011101101001000110111000001000100110010000010
000100011111001101010100000001101010110001011011110101010001100000101011110100010010110111001010101000001000000111111010010000011111101011101101001000110111000001000100110010000010
000101110011001000000110000011011100110011110010011011111110010111111101111101111111110011110110001000001000000111111010010000011111101011101101001000110111000001000100110010000010
000101110011001000000110000011011100110011110010110010010101011011000110110000000101000001010001001000001000000111111010010000011111101011101101001000110111000001000100110010000010
000101110011001000000110000011011100110011101001011010111111010111111001101101011101110111001010101000001000000111111010010000011111101011101101001000110111000001000100110010000010
000100010101111100100100000011000111101101000111001110100101101011111101011111100110110101110110001000001000000111111010010000011111101011101101001000110111000001000100110010000010
010101110010100001111100100101110010001010011001101000000100110111100010000000101001111010111010001000001000000111111010010000011111101011101101001000110111000001000100110010000010
010010010100001000110010010001000101001100110100000010011011110001000000010100111101000001010001001000001000000111111010010000011111101011101101001000110111000001000100110010000010
000001110101011001011010010111000111101101000111001110100101101011111101011111100110110101110110001000001000000111111010010000011111101011101101001000110111000001000100110010000010
000101110011001000000110000011011100110011101001011010111111010111111001101101011101111010111010001000001000000111111010010000011111101011101101001000110111000001000100110010000010
