110010000011001011000111010111101110101110111011110000001100100011001010101101010101001010110000100010010010001101111011000011111011000010000110100001100011111000010010000110000100
110010000011001011000111010111101110101110111011110000001100100011001010101101010101001010110000100010010010001101111011000011111011000010000100010000101101001000010010000110000100
110010000011001011000111010111101110101110111011110000001100100011001010101101010101001010110000100010010010001101111011000011111011000101110100010000101101001000010010000110000100
110010000011001011000111010111101110101110111011110000001100100011001010101101010101001010110000100010010010001101111011000011111010100101001110100001100000100100010111010100000100
110010000011001011000111010111101110101110111011110000001100100011001010101101010101001010110000100010010010001101111011000011111010110011001011000001001001101000010010000110000100
110010000011001011000111010111101110101110111011110000001100100011001010101101010101001010110000100010010010001101111011000011111011000010000100000101100101001000010010000110000100
110010000011001011000111010111101110101110111011110000001100100011001010101101010101001010110000100010010010001101111011000011111010100000111010100001100011111000010010000110000100
110010000011001011000111010111101110101110111011110000001100100011001010101101010101001010110000100010010010001101111011000011111010100000001011000001001001101000010010000110000100
110010000011001011000111010111101110101110111011110000001100100011001010101101010101001010110000100010010010001101111011000011111011000101110100000101100101001000010010000110000100
110010000011001011000111010111101110101110111011110000001100100011001010101101010101001010110000100010010010001101111011000011111010110100111110100001100000100100010111010100000100
110010000011001011000111010111101110101110111011110000001100100011001010101101010101001010110000100010010010001101111011000011111011000101110100101111101001111000010010000110000100
110010000011001011000111010111101110101110111011110000001100100011001010101101010101001010110000100010010010001101111011000011111010100010110111101011000110001000010010000110000100
110010000011001011000111010111101110101110111011110000001100100011001010101101010101001010110000100010010010001101111011000011111011000111010111000001001001101000010010000110000100
110010000011001011000111010111101110101110111011110000001100100011001010101101010101001010110000100010010010001101111011000011111010100101001110100001100011111000010010000110000100
110010000011001011000111010111101110101110111011110000001100100011001010101101010101001010110000100010010010001101111011000011111010011100010011101011000110001000010010000110000100
110010000011001011000111010111101110101110111011110000001100100011001010101101010101001010110000100010010010001101111011000011111011100000001011000001001001101000010010000110000100
110010000011001011000111010111101110101110111011110000001100100011001010101101010101001010110000100010010010001101111011000011111010100010110100010000101101001000010010000110000100
110010000011001011000111010111101110101110111011110000001100100011001010101101010101001010110000100010010010001101111011000011111011010001110111000001001001101000010010000110000100
110010000011001011000111010111101110101110111011110000001100100011001010101101010101001010110000100010010010001101111011000011111011000110011001011010000110101000010010000110000100
110010000011001011000111010111101110101110111011110000001100100011001010101101010101001010110000100010010010001101111011000011111011000111010011101011000110001000010010000110000100
110010000011001011000111010111101110101110111011110000001100100011001010101101010101001010110000100010010010001101111011000011111011000101010011101011000110001000010010000110000100
110010000011001011000111010111101110101110111011110000001100100011001010101101010101001010110000100010010010001101111011000011111011000101010111000001001001101000010010000110000100
110010000011001011000111010111101110101110111011110000001100100011001010101101010101001010110000100010010010001101111011000011111011000010000101000001001001101000010010000110000100
110010000011001011000111010111101110101110111011110000001100100011001010101101010101001010110000100010010010001101111011000011111011000110011001001111000011101000010010000110000100
110010000011001011000111010111101110101110111011110000001100100011001010101101010101001010110000100010010010001101111011000011111010000100101001001111000011101000010010000110000100
110010000011001011000111010111101110101110111011110000001100100011001010101101010101001010110000100010010010001101111011000011111011000011001011000001001001101000010010000110000100
110010000011001011000111010111101110101110111011110000001100100011001010101101010101001010110000100010010010001101111011000011111010010011001011000001001001101000010010000110000100
110010000011001011000111010111101110101110111011110000001100100011001010101101010101001010110000100010010010001101111011000011111010101111001011000001001001101000010010000110000100
110010000011001011000111010111101110101110111011110000001100100011001010101101010101001010110000100010010010001101111011000011111011000010000110100001100000100100010111010100000100
110010000011001011000111010111101110101110111011110000001100100011001010101101010101001010110000100010010010001101111011000011111010010001000001100101001100001000010010000110000100
110010000011001011000111010111101110101110111011110000001100100011001010101101010101001010110000100010010010001101111011000011111010000101000010100001100011111000010010000110000100
110010000011001011000111010111101110101110111011110001100111101110110001101010100101011000010001001001000110111101100001111101010000011110010011101011000110001000010010000110000100
