111001110011001111010110000000100110100001000010111101000000000011000011010010110011010111001011110111001110100001010000001000110100011110011100001111011000010110000001101011010101
111001110011001111010110000000100110100001000010111101000000000011000011010010110011010111001011110111001110100001010000001000110100011110011100001000100001101101110001101011010101
111001110011001111010110000000100110100001000010111101000000000011000011010010110011010111001011110111001110100001010000001000110100011110011100001000111000010110000001101011010101
111001110011001111010110000000100110100001000010111101000000000011000011010010110011010111001011110111001110100001010000001000110100100001101100111000011110110000101100001011010101
111001110011001111010110000000100110100001000010111101000000000011000011010010110011010111001011110111001110100001010000001000110100001000100011001101111100011000011100001011010101
111001110011001111010110000000100110100001000010111101000000000011000011010010110011010111001011110111001110100001010000001000110100001000100011000000101111000000110001101011010101
111001110011001111010110000000100110100001000010111101000000000011000011010010110011010111001011110111001110100001010000001000110100100001100010010101110000010110000001101011010101
111001110011001111010110000000100110100001000010111101000000000011000011010010110011010111001011110111001110100001010000001000110100001000100011000000101111000000001100001011010101
111001110011001111010110000000100110100001000010111101000000000011000011010010110011010111001011110111001110100001010000001000110100011110011100001000100100110110000001101011010101
111001110011001111010110000000100110100001000010111101000000000011000011010010110011010111001011110111001110100001010000001000110100001000100011001101111100101011111100001011010101
111001110011001111010110000000100110100001000010111101000000000011000011010010110011010111001011110111001110100001010000001000110100001000100011001111001101011010110001101011010101
111001110011001111010110000000100110100001000010111101000000000011000011010010110011010111001011110111001110100001010000001000110100011100010011010101100111001010110001101011010101
111001110011001111010110000000100110100001000010111101000000000011000011010010110011010111001011110111001110100001010000001000110100001000100011000000101111000001100001101011010101
111001110011001111010110000000100110100001000010111101000000000011000011010010110011010111001011110111001110100001010000001000110100001000100010010101110000010110000001101011010101
111001110011001111010110000000100110100001000010111101000000000011000011010010110011010111001011110111001110100001010000001000110100001000100101011101100111001010110001101011010101
111001110011001111010110000000100110100001000010111101000000000011000011010010110011010111001011110111001110100001010000001000110100011110011100000100011001001000110001101011010101
111001110011001111010110000000100110100001000010111101000000000011000011010010110011010111001011110111001110100001010000001000110100011000111000100100111000100101100001101011010101
111001110011001111010110000000100110100001000010111101000000000011000011010010110011010111001011110111001110100001010000001000110100001000100011000000101111000001110111101011010101
111001110011001111010110000000100110100001000010111101000000000011000011010010110011010111001011110111001110100001010000001000110100001000001111011111111110110000101100001011010101
111001110011001111010110000000100110100001000010111101000000000011000011010010110011010111001011110111001110100001010000001000110100011110011100001000100001101101100000001011010101
111001110011001111010110000000100110100001000010111101000000000011000011010010110011010111001011110111001110100001010000001000110100011101010010001110110001111011111100001011010101
111001110011001111010110000000100110100001000010111101000000000011000011010010110011010111001011110111001110100001010000001000110100011110011100001111011000011110101010110111011001
111001110011001111010110000000100110100001000010111101000000000011000011010010110011010111001011110111001110100001010000001000110100001010101001100100110011010010110111110111011001
111001110011001111010110000000100110100001000010111101000000000011000011010010110011010111001011110111001110100001010000001000110100001000100011000000101111000001101111111101111101
111001110011001111010110000000100110100001000010111101000000000011000011010010110011010111001011110111001110100001010000001000110100011110011100001000100100110110100111101011010101
111001110011001111010110000000100110100001000010111101000000000011000011010010110011010111001011110111001110100001010000001000110100011110011100001000100001101101111000011011010101
111001110011001111010110000000100110100001000010111101000000000011000011010010110011010111001011110111001110100001010000001000110100001000100011000000101111000001011000110111011001
111001110011001111010110000000100110100001000010111101000000000011000011010010110011010111001011110111001110100001010000001000110100100001101100111000011110110000101110101011010101
111001110011001111010110000000100110100001000010111101000000000011000011010010110011010111001011110111001110100001010000001000110100011110011100001111011000010110000000111101111101
111001110011001111010110000000100110100001000010111101000000000011000011010010110011010111001011110111001110100001010000001000110100011110011100001000100100001110101010110111011001
111001110011001111010110000000100110100001000010111101000000000011000011010010110011010111001011110111001110100001010000001000110100011110011100001000100001101101100100110001001110
111001110011001111010110000000100110100001000010111101000000000011000011010010110011010111001011110111001110100001010000001000110100011110011100001111011000101101110010111101111101
