011100101010000101011110001110100110001110100110000110011001010001111001101110010111101100110111001000101010001110101100110101011011001011011101101101111110111111100001101011011111
011100101010000101011110001110100110001110100110000110011001010001111001101110010111101100110111001000101010001111101100110101011011001011011101101101111110111111100001101011011111
011100101010000101011110001110100100001001011000000010010110111111011011000110011010111110111100001100011100111110101100110101011011001011011101101101111110111111100001101011011111
011100101010000101011110001110100110001110100110000110011001000011001011000110011010111110111100001100011100111110101100110101011011001011011101101101111110111111100001101011011111
011100101010000101011110001110100110001110100110000110011001010001111001101110010111101100110111000100000001111000001000000110000100011010000101101101111110111111100001101011011111
011100101010000101011110001110100110001110100110000110011001010001111001101110010111101100110111001000101010001001111101010010010100110001001001101101111110111111100001101011011111
011100101010000101011110001110100100001001011000000010010110111111011011000110011010111110111100010100010011001111101100110101011011001011011101101101111110111111100001101011011111
011100101010000101011110001110100100001001011000000010010110111101110101010010001111011010000000101010101101101011001000000110000100011010000101101101111110111111100001101011011111
011100101010000101011110001110111011001000100111011101000101001000111111001000100111111001111111001000101010001110101100110101011011001011011101101101111110111111100001101011011111
011100101010000101011110001110100110001110100110000110011001010001111001101110010111101100110111001000101010001100110000000110000100011010000101101101111110111111100001101011011111
011100101010000101011110001110100100001001011000000010010110111111011011000110011010111110111100010100010011001110101100110101011011001011011101101101111110111111100001101011011111
011100101010000101011110001110100110001110100110000110011001000011001011000110011010111110111100010100010011001111101100110101011011001011011101101101111110111111100001101011011111
011100101010000101011110001110100100001001011000000010010110111111011011000110011010111110111100010100010010101100011000000011011001100010011101101101111110111111100001101011011111
011100101010000101011110001110111011001000100111011101000101001000111111001000100111111001111111001000101010001111101100110101011011001011011101101101111110111111100001101011011111
011100101010000101011110001110100100001001011000000010010110111111011011000110011010111110111100001100011100100000111101010010010100110001001001101101111110111111100001101011011111
011100101010000101011110001110100100001001011000000010010110111111011011000110011010111110111100001100011100100000001000000110000100011010000101101101111110111111100001101011011111
011100101010000101011110001110100110001110100110000110011001010001111001101110010111101100110111000100000001111000000111011110100000101101011000001010001001101001101000000001000001
011100101010000101011110001110100110001110100110000110011001010001111001101110010111101100110111001000101010000100000011000010001101000010110010110111100000100110101110010001000001
011100101010000101011110001110100110001110100110000110011001010001111001101110010111101100110111000100000001111000010111011110100000101101011000001010001001101001101000000001000001
011100101010000101011110001110100110001110100110000110011001010001111001101110010111101100110111001000101010000100000011000010001101000010110010111001001000111101001000101011011111
011100101010000101011110001110100110001110100110000110011001010001111001101110010111101100110111001000101010001010000011000010001101000010110010110111100000100110101110010001000001
011100101010000101011110001110100110001110100110000110011001000110101001000111101101000000010101010110110101100100000011000010001101000010110010110111100000100110101110010001000001
011100101010000101011110001110100110001110100110000110011001010001111001101110010111101100110111001000101010000000000011000010001101000010110010110111100000100110101110010001000001
011100101010000101011110001110100110001110100110000110011001010001111001101110010111101100110111001000101010001010000011000010001101000010110010111001001000111101001000101011011111
011100101010000101011110001110100110001110100110000110011001000110101001000111101101000000010101010110110101100100000011000010001101000010110010111001001000111101001000101011011111
011100101010000101011110001110100110001110100110000110011001010001111001101110010111101100110111001000101010001001111101010010010100110001001001011100001111110111101001101011011111
011100101010000101011110001110100110001110100110000110011001010001111001101110010111101100110111001000101010000110000011000010001101000010110010110111100000100110101110010001000001
011100101010000101011110001110100100001001011000000010010110111111011011000110011010111110111100010100010010101100011000000011011001100010011100111100100101100111111111100101000100
011100101010000101011110001110100110001110100110000110011001000011001011000110011010111110111100010100010010101100011000000011011001100010011100111100100101100111111111100101000100
011100101010000101011110001110100110001110100110000110011001000110101001000111101101000000010101010110110101100100010100111011010010011010101011000111001110100011001001010101011111
011100101010000101011110001110100100001001011000000010010110111111011011000110011010111110111100010100010010101100010100111011010010011010101011000111001110100011001001010101011111
011100101010000101011110001110100110001110100110000110011001010001111001101110010111101100110111001000101010001100011000000011011001100010011100111100100101100111111111100101000100
