010110011100100000011001010111001001001011001011001110000110111111010001010010010001010011000000010010000111100001001101000011010010111100100010010011101101011001000010101100011000
010110011100100000011001011100000011001011001011001110000110111111010001010010010001010011000000010010000111100001001101000011010010111100100010010011101101011001000010101100011000
100001011101000110011001010001011110010010010110010110011100001101111110100010100100100010100110000000100100001111000010011010000110100101111001000100100111100101010010101100011000
010110011100100000011001010111001001001011001011001110000110111111010001010010010001010011000000010010000111100001001101000011010010111100100010010011101101011000011010100110111100
010110011100100000011001010111001001001011001011001110000110111111010001010010010001010011000000010010000111100001001101000011010010111100100010010011101101100000111000101100011000
100001011101000110011001010001011110010010010110010110011100001101111110100010100100100010100110000000100100001111000010011010000110100101110011100000100010110001000010101100011000
010110011100100000011001010111001001001011001011001110000110111111010001010010010001010011000000010010000111100001001101000011010010111100100010010011101101011000011101010011010000
111000101010100110111000010111001001001011001011001110000110111111010001010010010001010011000000010010000111100001001101000011010010111100100010010011101101011001000010101100011000
010110011100100000011001010111001001001011001011001110000110111111010001010010010001010011000000010010000111100001001101000011101111011101110011100000100010110001000010101100011000
010110011100100000011001011100000011101011001011001110000110111111010001010010010001010011000000010010000111100001001101000011010010111100100010010011101101011001000010101100011000
010110011100100000011001010111001001001011001011001110000110111111010001010010010001010011000000010010000111100001001101000011010010111100100010010011101101011000011101010011001000
010110011100100000011001010111001001001011001011001110000110111111010001010010010001010011000000010010000111100001001101000011010011001101001011001111100110110001110010101100011000
010110011100100000011001011100000011011011001011001110000110111111010001010010010001010011000000010010000111100001001101000011010010111100100010010011101101011001000010101100011000
010110011100100000011001011100000011001011001011001110000110111111010001010010010001010011000000010010000111100001001101000011010010111100100010010011101101011000011010100110111100
010110011100100000011001010111001001001011001011001110000110111111010001010010010001010011000000010010000111100001001101000011010010111100100010010011101101011000011101011111011000
100001011101000110011001010001011110010010010110010110011100001101111110100010100100100010100110000000100100001111000010011010000110100101111001000100100111011010110000111010100100
010110011100100000011001010111001001001011001011001110000110111111010001010010010001010011000000010010000111100001001101000011010010111100100010010011101101010011011010100110111100
010110011100100000011001010111001001001011001011001110000110111111010001010010010001010011000000010010000111100001001101000011010010111100100010010011101101011000011101010000011000
010110011100100000011001011100000011001011001011001110000110111111010001010010010001010011000000010010000111100001001101000011010010111100100010010011101101011000011101010011010000
010110011100100000011001010111001001001011001011001110000110111111010001010010010001010011000000010010000111100001001101000011010010111100100010010011101101011000011101101010101011
100001011101000110011001010001011011110010010110010110011100001101111110100010100100100010100110000000100100001111000010011010000110100101111001000100100111011010110000111010100100
100001011101000110011001010001011110010010010110010110011100001101111110100010100100100010100110000000100100001111000010011010000110100101111001000100100111011010110101101000100100
100001011101000110011001010001111001010010010110010110011100001101111110100010100100100010100110000000100100001111000010011010000110100101111001000100100111011010110000111010100100
010110011100100000011001010111001001001011001011001110000110111111010001010010010001010011000000010010000111100001001101000011010010111100100010010011101101011000011101010011000011
100001011101000110011001010001011110010010010110010110011100001101111110100010100100100010100110000000100100001111000010011010000110100101111001000100100111011010110000111010101011
010110011100100000011001011100000011001011001011001110000110111111010001010010010001010011000000010010000111100001001101000011010010111100100010010011101101011000011101010011001000
010110011100100000011001010111001001001011001011001110000110111111010001010010010001010011000000010010000111100001001101000011010010111100100010010011101101011000011101010011001011
010110011100100000011001011100000011001011001011001110000110111111010001010010010001010011000000010010000111100001001101000011010010111100100010010011101101011000011101101010101011
010110011100100000011001010111001001101010010110010110011100001101111110100010100100100010100110000000100100001111000010011010000110100101111001000100100111011010110000111010100100
100001011101000110011001010001011011110010010110010110011100001101111110100010100100100010100110000000100100001111000010011010000110100101111001000100100111011010110101101000100100
010110011100100000011001011100000011111010010110010110011100001101111110100010100100100010100110000000100100001111000010011010000110100101111001000100100111011010110000111010100100
010110011100100000011001010111001001001011001011001110000110111111010001010010010001010011000000010010000111100001001101000011010010111100100010010011101101011000011101010011001010
