100010010100111101111111101110110101110011111010101000000111111100101100100111110111110110100101111110111000001100010100010110110010011110101010101010000110010110100110000110000010
100010010100111101111111101110110101110011111010101000000111111100101100100111110111110110100101111110111000001100010100010110110010011110101010101010000110010110100110111000101110
100010010100111101111111101110110101110011111010101000000111111100101100100111110111110110100101111110111000001100010100010110110010011110101010101010000110010110100110000001101110
100010010100111101111111101110110101110011111010101000000111111100101100100111110111110110100101111110111000001100010100010110110010011110101010101010000110010110100110000001001110
100010010100111101111111101110110101110011111010101000000111111100101100100111110111110110100101111110111000001100010100010110110010011110101010101010000110010110100110101100101110
100010010100111101111111101110110101110011111010101000000111111100101100100111110111110110100101111110111000001100010100010110110010011110101010101010000110010110100110000110001110
100010010100111101111111101110110101110011111010101000000111111100101100100111110111110110100101111110111000001100010100010110110010011110101010101010000110101011101001011100101110
100010010100111101111111101110110101110011111010101000000111111100101100100111110111110110100101111110111000001100010100010110110010011110101010101010000110010110100110000000101110
100010010100111101111111100010110101110011111010101000000111111100101100100111110111110110100101111110111000001100010100010110110010011110101010101010000110010110100110000110000010
100010010100111101111111101110110101110011111010101000000111111100101100100111110111110110100101111110111000001100010100010110111110011110101010101010000110010110100110000110000010
100010010100111101111111101110110101110011111010101000000111111100101100100111110011110110100101111110111000001100010100010110110010011110101010101010000110010110100110000110000010
100010010100111101111111101110110101110011111010101000000111111100101100100111110111110110100101111110111000001100010100010110110010011110101010101010000110010110100110000010000010
100010010100111101110101001010110101110011111010101000000111111100101100100111110111110110100101111110111000001100010100010110110010011110101010101010000110010110100110000110000010
100010101011101101111111101110110101110011111010101000000111111100101100100111110111110110100101111110111000001100010100010110110010011110101010101010000110010110100110000110000010
100010010100111101111111101110110101110011111010101000000111111100101100110001110111110110100101111110111000001100010100010110110010011110101010101010000110010110100110000110000010
100010010100111101111111101110010001101111101001001000000111111100101100100111110111110110100101111110111000001100010100010110110010011110101010101010000110010110100110000110000010
100010010100111101111111101110110101110011111010101000000111111100101100100111110111110110100101111110111000001100010100010110111000111110101010101010000110010110100110000110000010
100010010100111101111111101110110101110011111010101000000111111100101100100111110111110110100101111110111000001100010100010110110010011011111000101010000110010110100110000110000010
100010010100111101111010110010100111101101000000001000000111111100101100100111110111110110100101111110111000001100010100010110110010011110101010101010000110010110100110000110000010
100010010100111101111111101110100101101111101001001000000111111100101100100111110111110110100101111110111000001100010100010110110010011110101010101010000110010110100110000110000010
100010010100111101111111101110110101110011111010101000000111111101111000000111110111110110100101111110111000001100010100010110110010011110101010101010000110010110100110000110000010
100010010100111101111111101110100100011011111010101000000111111100101100100111110111110110100101111110111000001100010100010110110010011110101010101010000110010110100110000110000010
100010010100111101111111101110110101110011111010101000000110110110111000000111110111110110100101111110111000001100010100010110110010011110101010101010000110010110100110000110000010
100010010100111000101101101110110101110011111010101000000111111100101100100111110111110110100101111110111000001100010100010110110010011110101010101010000110010110100110000110000010
100010010100111101111111101110110101110011111010101101101010100100111100100111110111110110100101111110111000001100010100010110110010011110101010101010000110010110100110000110000010
100010010100111101111111101110110101110011111010101000000111111100101100100111110111110110100101111110111000001100010100010110110010011110101010101010000110011110100110111000101110
100010010100111101111111101110110101110011111010101000000111111100101111101001110111110110100101111110111000001100010100010110110010011110101010101010000110010110100110000110000010
100010010100111100111010110010100111101101000000001000000111111100101100100111110111110110100101111110111000001100010100010110110010011110101010101010000110010110100110000110000010
100010010100111001101001101000110101110011111010101000000111111100101100100111110111110110100101111110111000001100010100010110110010011110101010101010000110010110100110000110000010
100010010100111101111111101110110101110011111010101000000111010110111100100111110111110110100101111110111000001100010100010110110010011110101010101010000110010110100110000110000010
100010010100111101111111101110110101110011111010101000000111100101101100100111110111110110100101111110111000001100010100010110110010011110101010101010000110010110100110000110000010
100010010100111101111111101110110101110011111010101000001000111111101100100111110111110110100101111110111000001100010100010110110010011110101010101010000110010110100110000110000010
