000000000100111100011111101101110000101110001111100100001001000011001101010000100000011001010111100001101110000100101010001000011011010011000101100110011110110011111111011101001000
000000000100111100011001010010011110110010100011110110001001000011001101010000100000011001010111100001101110000100101010001000011011010011000101100110011110110011111111011101001000
000000000100111100011001010010011110110010100000010100001001000011001101010000100000011001010111100001101110000100101010001000011011010011000101100110011110110011111111011101001000
000000000100111100011001010010011110110010100011100010001001000011001101010000100000011001010111100001101110000100101010001000011011010011000101100110011110110011111111011101001000
101010001111100010011111101101110000101110001111100100001001000011001101010000100000011001010111100001101110000100101010001000011011010011000101100110011110110011111111011101001000
000000000100111100011001010010011110110010100000000000001001000011001101010000100000011001010111100001101110000100101010001000011011010011000101100110011110110011111111011101001000
000000000100111100011001010010011110110010100000111001001001000011001101010000100000011001010111100001101110000100101010001000011011010011000101100110011110110011111111011101001000
000000000100111100011001010010011110110010100010111010111111010010000001001111011000011110001111111001101110000100101010001000011011010011000101100110011110110011111111011101001000
000000000100111100011001010010011110110010100000010101001001000011001101010000100000011001010111100001101110000100101010001000011011010011000101100110011110110011111111011101001000
000000000100111100011111101101110000101110001111010010001001000011001101010000100000011001010111100001101110000100101010001000011011010011000101100110011110110011111111011101001000
000000000100111100011111101101110000101110001111100010001001000011001101010000100000011001010111100001101110000100101010001000011011010011000101100110011110110011111111011101001000
000000000100111100011001010010011110110010100011000100100001100110101000010000001100101011110000110111000111000100101010001000011011010011000101100110011110110011111111011101001000
000000000100100001100110101001110101110110010101010010001001000011001101010000100000011001010111100001101110000100101010001000011011010011000101100110011110110011111111011101001000
000000000100100001100110101001110101110110010100110100001001000011001101010000100000011001010111100001101110000100101010001000011011010011000101100110011110110011111111011101001000
010110100110001000100111111110001100000011100000000000001001000011001101010000100000011001010111100001101110000100101010001000011011010011000101100110011110110011111111011101001000
101010001111100010011111101101110000101110001111010010001001000011001101010000100000011001010111100001101110000100101010001000011011010011000101100110011110110011111111011101001000
101010001111100010011111101101110000101110001111100010001001000011001101010000100000011001010111100001101110000100101010001000011011010011000101100110011110110011111111011101001000
100000100100100001100110101001110101110110010101010010001001000011001101010000100000011001010111100001101110000100101010001000011011010011000101100110011110110011111111011101001000
010101110110110111010001010110110100001000000010111010111111010010000001001111011000011110001111111001101110000100101010001000011011010011000101100110011110110011111111011101001000
101010010100101010010000111001101100111100110000110110001001000011001101010000100000011001010111100001101110000100101010001000011011010011000101100110011110110011111111011101001000
000000000100111111000111001001110101110110010101010010001001000011001101010000100000011001010111100001101110000100101010001000011011010011000101100110011110110011111111011101001000
010101110011100110110110111000010111000111110010000100100001100110101000010000001100101011110000110111000111000100101010001000011011010011000101100110011110110011111111011101001000
100000100100100001100110101001110101110110010100110100001001000011001101010000100000011001010111100001101110000100101010001000011011010011000101100110011110110011111111011101001000
000000011111100010011111101101110000101110001111100100001001000011001101010000100000011001010111100001101110000100101010001000011011010011000101100110011110110011111111011101001000
010110100110001000100111111110001100000011100011100010001001000011001101010000100000011001010111100001101110000100101010001000011011010011000101100110011110110011111111011101001000
101010001111100010011111101101110000101110001100010010001001000011001101010000100000011001010111100001101110000100101010001000011011010011000101100110011110110011111111011101001000
010101110100011110010000000101100111000111010100110100001001000011001101010000100000011001010111100001101110000100101010001000011011010011000101100110011110110011111111011101001000
000000000100111111000111001001110101110110010100110100001001000011001101010000100000011001010111100001101110000100101010001000011011010011000101100110011110110011111111011101001000
010101110011100110110110111000010111000111110010111010111111010010000001001111011000011110001111111001101110000100101010001000011011010011000101100110011110110011111111011101001000
101010001111100010011111101101110000101110001100000110001001000011001101010000100000011001010111100001101110000100101010001000011011010011000101100110011110110011111111011101001000
010110100110001000100111111110001100000011100000010100001001000011001101010000100000011001010111100001101110000100101010001000011011010011000101100110011110110011111111011101001000
101010010100101010010000111001101100111100110011100010001001000011001101010000100000011001010111100001101110000100101010001000011011010011000101100110011110110011111111011101001000
