110101010010001110111001111001000001011000111111011100100111000101000000111100100101110110011110101101010101011100101101110000111101111100000110000101101011000001010010100110010011
110101010010001110111001111001000001011000111111011100100111000101000000111100100101110110011110101101010101011100101101110000111101111100000110000101101011001001010010100110010011
110101010010001110111001111001000001011000111111011100100111000101000000111100100101110110011110101101010101011100101101110000111101111100000110000101101110100001010010100110010011
110101010010001110111001111001000001011000111111011100100111000101000000111100100101110110011110101101010101011100101101110000111101111100000110000101101011010001010010100110010011
110101010010001110111001111001000001011000111111011100100111000101000000111100100101110110011110101101010101011100101101110000111101111100000110000101101011110001010010100110010011
110101010010001110111001111001000001011000111111011100100111000101000000111100100101110110011110101101010101011100101101110000111101111100000110000101101111110001010010100110010011
110101010010001110111001111001000001011000111111011100100111000101000000111100100101110110011110101101010101011100101101110000111101111100000110000101101011011001010010100110010011
110101010010001110111001111001000001011000111111011100100111000101000000111100100101110110011110101101010101011100101101110000111101111100000110000101101011000000011100011010010011
110101010010001110111001111001000001011000111111011100100111000101000000111100100101110110011110101101010101011100101101110000111101111100000110000101101011100001010010100110010011
110101010010001110111001111001000001011000111111011100100111000101000000111100100101110110011110101101010101011100101101110000111101111100000110001001010011000001010010100110010011
110101010010001110111001111001000001011000111111011100100111000101000000111100100101110110011110101101010101011100101101110000111101111100000110000101101101011001010010100110010011
110101010010001110111001111001000001011000111111011100100111000101000000111100100101110110011110101101010101011100101101110000111101111100000110000111011101100001010010100110010011
110101010010001110111001111001000001011000111111011100100111000101000000111100100101110110011110101101010101011100101101110000111101111100000110000101101011000011111011100110010011
110101010010001110111001111001000001011000111111011100100111000101000000111100100101110110011110101101010101011100101101110000111101111100000110000101101110111001010010100110010011
110101010010001110111001111001000001011000111111011100100111000101000000111100100101110110011110101101010101011100101101110000111101111100000110010000100011000001010010100110010011
110101010010001110111001111001000001011000111111011100100111000101000000111100100101110110011110101101010101011100101101110000111101111100000110000101101010000001010010100110010011
110101010010001110111001111001000001011000111111011100100111000101000000111100100101110110011110101101010101011100101101110000111101111100000110000101101011010101010010100110010011
110101010010001110111001111001000001011000111111011100100111000101000000111100100101110110011110101101010101011100101101110000111101111100000110000101101010010001010010100110010011
110101010010001110111001111001000001011000111111011100100111000101000000111100100101110110011110101101010101011100101101110000111101111100000110001001000101100001010010100110010011
110101010010001110111001111001000001011000111111011100100111000101000000111100100101110110011110101101010101011100101101110000111101111100000110000101101011111001010010100110010011
110101010010001110111001111001000001011000111111011100100111000101000000111100100101110110011110101101010101011100101101110000111101111100000110000101101110011001010010100110010011
110101010010001110111001111001000001011000111111011100100111000101000000111100100101110110011110101101010101011100101101110000111101111100000110000101101101100001010010100110010011
110101010010001110111001111001000001011000111111011100100111000101000000111100100101110110011110101101010101011100101101110000111101111100000110000101101101001001010010100110010011
110101010010001110111001111001000001011000111111011100100111000101000000111100100101110110011110101101010101011100101101110000111101111100000110000101101011000010110010100110010011
110101010010001110111001111001000001011000111111011100100111000101000000111100100101110110011110101101010101011100101101110000111101111100000110000101101110000001010010100110010011
110101010010001110111001111001000001011000111111011100100111000101000000111100100101110110011110101101010101011100101101110000111101111100000110000101101011000011010010100110010011
110101010010001110111001111001000001011000111111011100100111000101000000111100100101110110011110101101010101011100101101110000111101111100000110000101101011000010110101011011001011
110101010010001110111001111001000001011000111111011100100111000101000000111100100101110110011110101101010101011100101101110000111101111100000110000101101011100000011100011010010011
110101010010001110111001111001000001011000111111011100100111000101000000111100100101110110011110101101010101011100101101110000111101111100000110000101101011110010110010100110010011
110101010010001110111001111001000001011000111111011100100111000101000000111100100101110110011110101101010101011100101101110000111101111100000110000101101011100010110101011011001011
110101010010001110111001111001000001011000111111011100100111000101000000111100100101110110011110101101010101011100101101110000111101111100000110000101101110100000011100011010010011
110101010010001110111001111001000001011000111111011100100111000101000000111100100101110110011110101101010101011100101101110000111101111100000110000101101011010101010111110100010011
