110111010011101111100100010101011011100011101001101110101110011010100101000100010100111010011110011110001011111111100000010111101010000110100011100111010101000010111010001000111100
110111010011101111100100010101011011100011101001101110101110011010100101000100010100111010011110011110001011111111100000010111101010000110100011101011101101110110100100000111010011
110111010011101111100100010101011011100011101001101110101110011010100101000100010100111010011110011110001011111111100000010111101010000110100011100111010101000010101100000111010011
110111010011101111100100010101011011100011101001101110101110011010100101000100010100111010011110011110001011111111100000010111101010000110100011100111010101000010000100000111010011
110111010011101111100100010101011011100011101001101110101110011010100101000100010100111010011110011110001011111111100000010111101010000100001110000111111111010010101100000111010011
110111010011101111100100010101011011100011101001101110101110011010100101000100010100111010011110011110001011111111100000010111101010000110100011100111010101000010111001000111010011
110111010011101111100100010101011011100011101001101110101110011010100101000100010100111010011110011110001011111111100000010111101010000110100011100111111111010010101100000111010011
110111010011101111100100010101011011100011101001101110101110011010100101000100010100111010011110011110001011111111100000010111101010000110100011100111010101110110100100000111010011
110111010011101111100100010101011011100011101001101110101110011010100101000100010100111010011110011110001011111111100000010111101010000110100011100111010101000010111010000111010011
110111010011101111100100010101011011100011101001101110101110011010100101000100010100111010011110011110001011111111100000010111101010000110100011110010011101110110100100000111010011
110111010011101111100100010101011011100011101001101110101110011010100101000100010100111010011110011110001011111111100000010111101010000110100011100111010101000010100001010101010011
110111010011101111100100010101011011100011101001101110101110011010100101000100010100111010011110011110001011111111100000010111101010000110100011101011101100100010000100000111010011
110111010011101111100100010101011011100011101001101110101110011010100101000100010100111010011110011110001011111111100000010111101010000110100011100111010101000010100100000111010011
110111010011101111100100010101011011100011101001101110101110011010100101000100010100111010011110011110001011111111100000010111101010000110100011100111010101000010111010010000110100
110111010011101111100100010101011011100011101001101110101110011010100101000100010100111010011110011110001011111111100000010111101010000110100011100111010101000010111010001101110111
110111010011101111100100010101011011100011101001101110101110011010100101000100010100111010011110011110001011111111100000010111101010000110100011100111010101000010111001000010110100
110111010011101111100100010101011011100011101001101110101110011010100101000100010100111010011110011110001011111111100000010111101010000110100011100111010101000010111010001101001000
110111010011101111100100010101011011100011101001101110101110011010100101000100010100111010011110011110001011111111100000010111101010000110100011100111010100010110100100000111010011
110111010011101111100100010101011011100011101001101110101110011010100101000100010100111010011110011110001011111111100000010111101010000110100011100111010101000000101100010000110100
110111010011101111100100010101011011100011101001101110101110011010100101000100010100111010011110011110001011111111100000010111101010000110100010110000001001110110100100000111010011
110111010011101111100100010101011011100011101001101110101110011010100101000100010100111010011110011110001011111111100000010111101010000110100011100111010101000111010100000111010011
110111010011101111100100010101011011100011101001101110101110011010100101000100010100111010011110011110001011111111100000010111101010000110100011100111010101001110000001010101010011
110111010011101111100100010101011011100011101001101110101110011010100101000100010100111010011110011110001011111111100000010111101010000110100011100111001100100010000100000111010011
110111010011101111100100010101011011100011101001101110101110011010100101000100011110011110011110011110001011111111100000010111101010000110100011100111010101000010111010001000111100
110111010011101111100100010101011011100011101001101110101110011010100101000100010100111010011110011110001011111111100000010111101010000110100011100111010101000010111010001000100100
110111010011101111100100010101011011100011101001101110101110011010100101000100010100111010011110011110001011111111100000010111101010000110100011001101011001110110100100000111010011
110111010011101111100100010101011011100011101001101110101110011010100101000100010100111010011110011110001011111111100000010111101010000110100011100111010101000010111100010000110100
110111010011101111100100010101011011100011101001101110101110011010100101000100010100111010011110011110001011111111100000010111101010000110100011100111010101000010111010000010011000
110111010011101111100100010101011011100011101001101110101110011010100101000100010100111010011110011110001011111111100000010111101010000110100011100111010101000010111010001001001000
110111010011101111100100010101011011100011101001101110101110011010100101000100010100111010011110011110001011111111100000010111101010000110100011100111010101000010111001001010110011
110111010011101111100100010101011011100011101001101110101110011010100101000100010100111010011110011110001011111111100000010111101010000110100011101001101101110110100100000111010011
110111010011101111100100010101011011100011101001101110101110011010100101000100010100111010011110011110001011111111100000010111101000100000010011110010011101110110100100000111010011
