100110110101000011111110011010100010111101000101110111011011100101000101111100101101000000000110010110001111110010110011000010010111010111001111011001011111111011000001010000000111
100110110101000011111110011010100010111101000111110111011011100101000101111100101101000000000110010110001111110010110011000010010111010111001111011001011111111011000001010000000111
100110110101000011111110011010100010111101001011110111011011100101000101111100101101000000000110010110001111110010110011000010010111010111001111011001011111111011000001010000000111
100110110101000011111110011010100010111101011011110111011011100101000101111100101101000000000110010110001111110010110011000010010111010111001111011001011111111011000001010000000111
100110110101000011111110011010100010111101000001110111011011100101000101111100101101000000000110010110001111110010110011000010010111010111001111011001011111111011000001010000000111
100110110101000011111110011010100010111101000101110111011011100101000101111100101101000000000110010110001111110010110011000010010111010111001111011001011111011000101110010000000111
100110110101000011111110011010100010111101000111110111011011100101000101111100101101000000000110010110001111110010110011000010010111010111001111011001011111011000101110010000000111
100110110101000011111110011010100010111101001000010111011011100101000101111100101101000000000110010110001111110010110011000010010111010111001111011001011111111011000001010000000111
100110110101000011111110011010100010111101011101010111011011100101000101111100101101000000000110010110001111110010110011000010010111010111001111011001011111111011000001010000000111
100110110101000011111110011010100010111100011101110111011011100101000101111100101101000000000110010110001111110010110011000010010111010111001111011001011111111011000001010000000111
100110110101000011111110011010100010111101000101110111011011100101000101111100101101000000000110010110001111110010110011000010010111010111001000011101101001111001101000010000000111
100110110101000011111110011010100010111101011001110111011011100101000101111100101101000000000110010110001111110010110011000010010111010111001111011001011111111011000001010000000111
100110110101000011111110011010100010111101001101110111011011100101000101111100101101000000000110010110001111110010110011000010010111010111001111011001011111111011000001010000000111
100110110101000011111110011010100010111101000101110111011011100101000101111100101101000000000110010110001111110010110011000010010111010111001111011001000110001100001110000000000111
100110110101000011111110011010100010111101000110010111011011100101000101111100101101000000000110010110001111110010110011000010010111010111001111011001011111111011000001010000000111
100110110101000011111110011010100010111101001011110111011011100101000101111100101101000000000110010110001111110010110011000010010111010111001111011001011111011000101110010000000111
100110110101000011111110011010100010111101000111010111011011100101000101111100101101000000000110010110001111110010110011000010010111010111001111011001011111111011000001010000000111
100110110101000011111110011010100010111101000101110111011011100101000101111100101101000000000110010110001111110010110011000010010111010111001000011101101001111001001110010000000111
100110110101000011111110011010100010111101000111110111011011100101000101111100101101000000000110010110001111110010110011000010010111010111001000011101101001111001101000010000000111
100110110101000011111110011010100010111101000111110111011011100101000101111100101101000000000110010110001111110010110011000010010111010111001111011001000110001100001110000000000111
100110110101000011111110011010100010111101000101110111011011100101000101111100101101000000000110010110001111110010110011000010010111010111001111011001011010111001001110010000000111
100110110101000011111110011010100010111101000100010111011011100101000101111100101101000000000110010110001111110010110011000010010111010111001111011001011111111011000001010000000111
100110110101000011111110011010100010111101000111110111011011100101000101111100101101000000000110010110001111110010110011000010010111010111001000011101101001111001001110010000000111
100110110101000011111110011010100010111101000111110111011011100101000101111100101101000000000110010110001111110010110011000010010111010111001111011001011010111001001110010000000111
100110110101000011111110011010100010111101000101110111011011100101000101111100101101000000000110010110001111110010110011000010010111010111001111011001011111111011000001010111010111
100110110101000011111110011010100010111101000110110111101110110111001010001011111001011010000000001100101100011111100101100110000100101111110100010000001001101100101110001000000111
100110110101000011111110011010100010111101000111110111011011100101000101111100101101000000000110010110001111110010110011000010010111010111001111011001011111111011000001010111010111
100110110101000011111110011010100010111101000101110111011011100101000101111100101101000000000110010110001111110010110011000010010111010111001111011001011111111011000001010001110011
100110110101000011111110011010100010111101000101110111011011100101000101111100101101000000000110010110001111110010110011000010010111010111001111011001000011111001110000111011010111
100110110101000011111110011010100010111101000111110111011011100101000101111100101101000000000110010110001111110010110011000010010111010111001111011001011111111011000001010001110011
100110110101000011111110011010100010111101000111110111011011100101000101111100101101000000000110010110001111110010110011000010010111010111001111011001000011111001110000111011010111
100110110101000011111110011010100010111101000110110111101110110111001010001011111001011010000000001100101100011111100101100110000100101110101110011110110010111111110110000010100011
