111110101001111101000111110111110001101111010000101001011100000000101010110101111110101011100000011000011000101110110101011110100100001101110000101100111011100011000111100000110000
111110101001111101000111110111110001101111010000101001011100000000101010110101111110101011100000011000011000101110110101011110100111011101110000101100111011100011000111100000110000
111110101001111101000111110111110001101111010000101001011100000000101001000101111110101011100000011000011000101110110101011110100100001101110000101100111011100011000111100000110000
111110101001111101000111110111110001101111010000101001011100000000101010110101111110101011100000011000011000101110110101011110100011001101110000101100111011100011000111100000110000
111110101001111101000111110111110001101111010000101001011100000000101001000101111110101011100000011000011000101110110101011110100111011101110000101100111011100011000111100000110000
111110101001111101000111110111110001101111010000101001011100000000101010110101111110101011100000011000011000101110110101011110101111011011000000111001110011100011000111100000110000
111110101001111101000111110111110001101111010000101001011100000000101010110101111110101011100000011000011000101110110101011110100110110010101001110100010101011110001101100001000000
111110101001111101000111110111110001101111010000101001011100000000101001000101111110101011100000011000011000101110110101011110100011001101110000101100111011100011000111100000110000
111110101001111101000111110111110001101111010000101001011100000000101010110101111110101011100000011000011000101110110101011110111010011101110000101100111011100011000111100000110000
111110101001111101000111110111110001101111010000101001011100000000101001000101111110101011100000011000011000101110110101011110101111011011000000111001110011100011000111100000110000
111110101001111101000111110111110001101111010000101001011100000000101001000101111110101011100000011000011000101110110101011110100110110010101001110100010101011110001101100001000000
111110101001111101000111110111110001101111010000101001011100000000101010110101111110101011100000011000011000101110110101011110100111101101110000101100111011100011000111100000110000
111110101001111101000111110111110001101111010000101001011100000000101010110101111110101011100000011000011000101110110101011110100100011011000000111001110011100011000111100000110000
111110101001111101000111110111110001101111010000101001000111000001111110010101111110101011100000011000011000101110110101011110100100001101110000101100111011100011000111100000110000
111110101001111101000111110111110001101111010000101001011100000000101010110101111110101011100000011000011000101110110101011110101000100011000000111001110011100011000111100000110000
111110101001111101000111110111110001101111010000101001011100000000101010110101111110101011100000011000011000101110110101011110100100011011101001110100010101011110001101100001000000
111110101001111101000111110111110001101111010000101001011100000000101010110101111110101011100000011000011000101110110101011110100100000101110000101100111011100011000111100000110000
111110101001111101000111110111110001101111010000101001011100000000101010110101111110101011100000011000011000101110110101011110100110100101110000101100111011100011000111100000110000
111110101001111101000111110111110001101111010000101001011100000000101001000101111110101011100000011000011000101110110101011110111010011101110000101100111011100011000111100000110000
111110101001111101000111110111110001101111010000101001011100000000101001000101111110101011100000011000011000101110110101011110100100011011000000111001110011100011000111100000110000
111110101001111101000111110111110001101111010000101001011100000000101010110101111110101011100000011000011000101110110101011110101000100011001010011111100111001101101011110011101010
111110101001111101000111110111110001101111010000101001011100000000101010110101111110101011100000011000011000101110110101011110100110011101110000101100111011100011000111100000110000
111110101001111101000111110111110001101111010000101001000111000001111110010101111110101011100000011000011000101110110101011110100111011101110000101100111011100011000111100000110000
111110101001111101000111110111110001101111010000101001011100000000101010110101111110101011100000011000011000101110110101011110100110110011000111110000100100010100110111101100101010
111110101001111101000111110111110001101111010000101001011100000000101001000101111110101011100000011000011000101110110101011110100111101101110000101100111011100011000111100000110000
111110101001111101000111110111110001101111010000101001011100000000101001000101111110101011100000011000011000101110110101011110101000100011001010011111100111001101101011110011101010
111110101001111101000111110111110001101111010000101001011100000000101010110101111110101011100000011000011000101110110101011110110000110011000111110000100100010100110111101100101010
111110101001111101000111110111110001101111010000101001011100000000101001000101111110101011100000011000011000101110110101011110100110110011000111110000100100010100110111101100101010
111110101001111101000111110111110001101111010000101001011100000000101010110111010101110000001100001100010111011010101111010010000110110011000111110000100100010100110111101100101010
111110101001111101000111110111110001101111010000101001011100000000101010110101111110101011100000011000011000101110110101011110100111011011000000111001110011100011000111100000110000
111110101001111101000111110111110001101111010000101001011100000000101010110101111110101011100000011000011000101110110101011110100111111101110000101100111011100011000111100000110000
111110101001111101000111110111110001101111010000101001011100000000101001000101111110101011100000011000011000101110110101011110101000100011000000111001110011100011000111100000110000
