010101000111110011011011011001101111100111010100101011000010111000110111000000100110010110100000001000100101001000111101101010111010100000111111010001100101011110011011101001011000
010101000111110011110001001000001000011000001110001000011110010011101101111101100001010010010110001000100101001000111101101010111010100000111111010001100101011110011011101001011000
010101000111110011011011011001101111100111010100101011000010111000000100011000101100110010100000001000100101001000111101101010111010100000111111010001100101011110011011101001011000
010101000111110011110001001000001000011000001011011010011100100010100000010000110101111010001111100100100000011010111110010100111010000000111111010001100101011110011011101001011000
010101000111110011011011011001101111100111010100101011000010111000000100011000100110010110100000001000100101001000111101101010111010100000111111010001100101011110011011101001011000
010101000111110011110001001000001000011000001011011010011100100010100000010000110100011001010000110111110010001101011101000000101010100000111111010001100101011110011011101001011000
010101000111110011110001001000001000011000001110000101010100100101110110100000100110010110100000001000100101001000111101101010111010100000111111010001100101011110011011101001011000
001100110110100111000000000001011010101110010110101100011111100001110011001000111111011110001010110101011011001100000101111111111110100000111111010001100101011110011011101001011000
010101000111110011111010110000001110110110100101100001010110000101110000001000110001001010000110001000100101001000111101101010111010100000111111010001100101011110011011101001011000
001100110110100111000000000001011010101110010110101100011111100001110011001000111111011110001010110101011011001100000101111111111110000101101101010001100101011110011011101001011000
001100110110100111000000000001011010101110010110101100011111100001110011001000110001001010000110001000100101001000111101101010111010100000111111010001100101011110011011101001011000
010101000111110011011011011001101111100010000101001000011110010011101101111101100001010010010110001000100101001000111101101010111010100000111111010001100101011110011011101001011000
001100110111010110101001000001100011000111001110101001010110000101110000001000110001001010000110001000100101001000111101101010111010100000111111010001100101011110011011101001011000
001100110110100111000000000001011010101110010110101100110110101111100001111001111100101010101100010111110010001101011101000000101010100000111111010001100101011110011011101001011000
001100110110100111000000000001011010101110010110100110010001101000011111001101101100111111100100011100100110110101010100011000000110100000111111010001100101011110011011101001011000
010101000111110011011011011001101111100111010100101011000010111000000100011000100101000011011010101101100110000010111111111111000010100000111111010001100101011110011011101001011000
010101000111110011011011011001101111100111010110011011010111111010000001111000110011010000111110110010101001110110110100110010010110000000111111010001100101011110011011101001011000
001100110110100000111101110100111000000110100101100001010110000101110000001000110001001010000110001000100101001000111101101010111010100000111111010001100101011110011011101001011000
010101000111110011011011011001101111100010000101001110001000011001100011010000111011101110000110001000100101001000111101101010111010100000111111010001100101011110011011101001011000
001100110110100111000000000001011010101110010110101100011111100001001000101101001011010111101100010100100110110101010100011000000110100000111111010001100101011110011011101001011000
001100110111010110101110000000000010110101011100101101011000111111000011100110010001111110111100010100100110110101010100011000000110100000111111010001100101011110011011101001011000
001100110110100111000000000001011010101110010110101100011111100001110000001000110001001010000110001000100101001000111101101010111010100000111111010001100101011110011011101001011000
010101000111110011011011011001101111100010000101001110001000011001100011010000111011101110000011101000100101001000111101101010111010100000111111010001100101011110011011101001011000
001100110110100111000000000001011010101110010110101100110110101111100001111000011001010101011101011100100110110101010100011000000110100000111111010001100101011110011011101001011000
001100110110100001111000000000001010101011001011111011010100010011010101011101001011010111101100010100100110110101010100011000000110100000111111010001100101011110011011101001011000
010101000111110011110001001000001000011000001011011010011100100010100000010000110101111010001111100110001001011011100101000000101010100000111111010001100101011110011011101001011000
010101000111110011011011011001101111100111010100101011000010111000000100011000100101000011000110001000100101001000111101101010111010100000111111010001100101011110011011101001011000
010101000111110011110001001000001000011000001011011010011100100010100000010000110101111010010110001000100101001000111101101010111010100000111111010001100101011110011011101001011000
010101000111110011110001001000001000011000001110001000011110010011101101111101100001010010001111111111011111111000101000100010111010100000111111010001100101011110011011101001011000
010101000111110011110001001000001000011000001011011010011100100010100000010000110101111010001111100100100000011010100011010110010010000000111111010001100101011110011011101001011000
010101000111110011111011000011010001000100010110100110010001101000011111001101101100111111100100011100100110110101010100011000000110100000111111010001100101011110011011101001011000
010101000111110011110001001000001000011000001110001000011110010011101101111101100001010010001111001000100101001000111101101010111010100000111111010001100101011110011011101001011000
