000101000100011011101111001000000011100010010100000010111010001110000100110010001000100111011000001100110000001000010110011001001100110100101110000101100011001101110010111101001001
000101001000111011000011001000000011100010010100000010111010001110000100110010001000100111011000001100110000001000010110011001001100110100101110000101100011001101110010111101001001
000101011000110101101111001000000011100010010100000010111010001110000100110010001000100111011000001100110000001000010110011001001100110100101110000101100011001101110010111101001001
001100011100011011101111001000000011100010010100000010111010001110000100110010001000100111011000001100110000001000010110011001001100110100101110000101100011001101110010111101001001
000101000100011011101111001000000011100010010100000010111010001110001100110010001000100111011000001100110000001000010110011001001100110100101110000101100011001101110010111101001001
000101001000111011000010000000000011100010010100000010111010001110000100110010001000100111011000001100110000001000010110011001001100110100101110000101100011001101110010111101001001
000101000111110100100001100000101001110010000001101010011011110000001101011111000101000111110010011100110000001000010110011001001100110100101110000101100011001101110010111101001001
000101001000111011000010101000101001110010000001101010011011110000001101011111000101000111110010011100110000001000010110011001001100110100101110000101100011001101110010111101001001
000101001000111011000010101000011010001001100011011101111100010001101100110010001000100111011000001100110000001000010110011001001100110100101110000101100011001101110010111101001001
000101001000111010011111001000000011100010010100000010111010001110000100110010001000100111011000001100110000001000010110011001001100110100101110000101100011001101110010111101001001
000101000111110100100001100000101001110010000001101010011010011111010000010010001000100111011000001100110000001000010110011001001100110100101110000101100011001101110010111101001001
000101001000111011000010101000101001110010000001101010011010011111010000010010001000100111011000001100110000001000010110011001001100110100101110000101100011001101110010111101001001
000101000111110100110011001000000011100010010100000010111010001110000100110010001000100111011000001100110000001000010110011001001100110100101110000101100011001101110010111101001001
000101000111110100100001100000101001110010000001101010011011110000001100010010001000100111011000001100110000001000010110011001001100110100101110000101100011001101110010111101001001
000101001000111011000010101000011010001001100011011101111100010001101101010100001000100111011000001100110000001000010110011001001100110100101110000101100011001101110010111101001001
000101001000111011000010101000101001110010000001101010011011110000001100010010001000100111011000001100110000001000010110011001001100110100101110000101100011001101110010111101001001
000101000100011111100111001000000011100010010100000010111010001110000100110010001000100111011000001100110000001000010110011001001100110100101110000101100011001101110010111101001001
000101000110110010101111001000000011100010010100000010111010001110000100110010001000100111011000001100110000001000010110011001001100110100101110000101100011001101110010111101001001
000101001000111011000011001000000011100010010100000010111010001110001100110010001000100111011000001100110000001000010110011001001100110100101110000101100011001101110010111101001001
000101001000111011000010101000011010001001100011011101111100010001101101010010001000100111011000001100110000001000010110011001001100110100101110000101100011001101110010111101001001
000101110000011100001111001000000011100010010100000010111010001110000100110010001000100111011000001100110000001000010110011001001100110100101110000101100011001101110010111101001001
000101110000011111100111001000000011100010010100000010111010001110000100110010001000100111011000001100110000001000010110011001001100110100101110000101100011001101110010111101001001
000101011110110010101111001000000011100010010100000010111010001110000100110010001000100111011000001100110000001000010110011001001100110100101110000101100011001101110010111101001001
000101011000110101101000011001010111100010010100000010111010001110000100110010001000100111011000001100110000001000010110011001001100110100101110000101100011001101110010111101001001
000101001100110010101111001000000011100010010100000010111010001110000100110010001000100111011000001100110000001000010110011001001100110100101110000101100011001101110010111101001001
000101011000110101101111001000000011100010010100000010111010001110001100110010001000100111011000001100110000001000010110011001001100110100101110000101100011001101110010111101001001
000101000111110100100001100000101001110010000001101010011000101110001100110010001000100111011000001100110000001000010110011001001100110100101110000101100011001101110010111101001001
000100011100011011101111001000000011100010010100000010111010001110000100110010001000100111011000001100110000001000010110011001001100110100101110000101100011001101110010111101001001
000101000010100101000110000000000011100010010100000010111010001110000100110010001000100111011000001100110000001000010110011001001100110100101110000101100011001101110010111101001001
001100011100011011101111001000000011100010010100000010111010001110001100110010001000100111011000001100110000001000010110011001001100110100101110000101100011001101110010111101001001
000101110000011110111101001000000011100010010100000010111010001110000100110010001000100111011000001100110000001000010110011001001100110100101110000101100011001101110010111101001001
000101000111110100100001100000101001110010000001101010011011110000001101011111101000100111011000001100110000001000010110011001001100110100101110000101100011001101110010111101001001
