010000010100111110101101110110000100111100100000110010000001011000100010000011000001001100111100011101011100110111000110101011100110110011110101101101010101111011011100111010100110
010000010100111110101101110110000100111100100000110010000001011000100010000011000101010110011110011101011100110111000110101011100110110011110101101101010101111011011100111010100110
010000010100111110101101110110000100111100100000110010000001011000100010000011000001001100100000001111111100110111000110101011100110110011110101101101010101111011011100111010100110
010000010100111110101101110110000100111100100000110010000001011000100010000011000001001110000011001011001010010111011110101011100110110011110101101101010101111011011100111010100110
010000010100111110101101110110000100111100100000110010000001011000100010000011000001001111101100011101011100110111000110101011100110110011110101101101010101111011011100111010100110
010000010100111110101101110110000100111100100000110010000001011000100010000011000001001100111000000011011100110111000110101011100110110011110101101101010101111011011100111010100110
010000010100111110101101110110000100111100100000110010000001011000100010000011000101010100111100011101011100110111000110101011100110110011110101101101010101111011011100111010100110
010000010100111110101101110110000100111100100000110010000001011000100010000011000101011000001010011101011100110111000110101011100110110011110101101101010101111011011100111010100110
010000010100111110101101110110000100111100100000110010000001011000100010000011000101010010001000111101011100110111000110101011100110110011110101101101010101111011011100111010100110
010000010100111110101101110110000100111100100000110010000001011000100010010001100010000011101111001011001010010111011110101011100110110011110101101101010101111011011100111010100110
010000010100111110101101110110000100111100100000110010000001011000100010000011000101010100011110011101011100110111000110101011100110110011110101101101010101111011011100111010100110
010000010100111110101101110110000100111100100000110010000001011000100010000000000100000000100000001111111100110111000110101011100110110011110101101101010101111011011100111010100110
010000010100111110101101110110000100111100100000110010000001011000100010000000000100000000001010011101011100110111000110101011100110110011110101101101010101111011011100111010100110
010000010100111110101101110110000100111100100000110010000001011000100010000011000001001110000011000001001100110111000110101011100110110011110101101101010101111011011100111010100110
010000010100111110101101110110000100111100100000110010000001011000100010000011000111010000101000011101011100110111000110101011100110110011110101101101010101111011011100111010100110
010000010100111110101101110110000100111100100000110010000001011000100010000011000000001011000011011011000000110111000110101011100110110011110101101101010101111011011100111010100110
010000010100111110101101110110000100111100100000110010000001011000100010000011000001001100110010001111111100110111000110101011100110110011110101101101010101111011011100111010100110
010000010100111110101101110110000100111100100000110010000001011000100010000011000001001101000010010101101100100111001011100011100110110011110101101101010101111011011100111010100110
010000010100111110101101110110000100111100100000110010000001011000100010000011000101010110011001001011001010010111011110101011100110110011110101101101010101111011011100111010100110
010000010100111110101101110110000100111100100000110010000001011000100010000011000000001011000011011011011100110111000110101011100110110011110101101101010101111011011100111010100110
010000010100111110101101110110000100111100100000110010000001011000100010000011000101010100010111001011001010010111011110101011100110110011110101101101010101111011011100111010100110
010000010100111110101101110110000100111100100000110010000001011000100010000011000001001101000010010101101100100111000110101011100110110011110101101101010101111011011100111010100110
111010000100111110101101110110000100111100100000110010000001011000100010000011000001001100111100011101011100110111000110101011100110110011110101101101010101111011011100111010100110
010000010100111110101101110110000100111100100000110010000001011000100010000011000100011111110101011011011100110111000110101011100110110011110101101101010101111011011100111010100110
010000010100111110101101110110000100111100100000110010000001011000100010000011000000001011001011001011001010010111011110101011100110110011110101101101010101111011011100111010100110
010000010100111110101101110110000100111100100000110010000001011000100010000011000101010010001000011101011100110111000110101011100110110011110101101101010101111011011100111010100110
010000010100111110101101110110000100111100100000110010000001011000100010000011000001001100110100001111111100110111000110101011100110110011110101101101010101111011011100111010100110
010000010100111110101101110110000100111100100000110010000001011000100010000011000101010110100111001011001010010111011110101011100110110011110101101101010101111011011100111010100110
010000010100111110101101110110000100111100100000110010000001011000100010000011000001001101000010011101011100110111000110101011100110110011110101101101010101111011011100111010100110
010000010100111110101101110110000100111100100000110010000001011000100010000011000101010100101000011101011100110111000110101011100110110011110101101101010101111011011100111010100110
010000010100111110101101110110000100111100100000110010000001011000100010000011000001001110000011000000101110110111000110101011100110110011110101101101010101111011011100111010100110
010000010100111110101101110110000100111100100000110010000001011000100010011010000100001100111100011101011100110111000110101011100110110011110101101101010101111011011100111010100110
