000000011101100101001011000110100111011110101011011000001000011110100100010011011101000100000011101000001100000100011111110110001010111000000011010111111110000110111000111010010011
010000011101100101001011000110100111011110101011011000001000011110100100010011011101000100000011101000001100000100011111110110001010111000000011010111111110000110111000111010010011
000000000100101000000010101101110011011110101011011000001000011110100100010011011101000100000011101000001100000100011111110110001010111000000011010111111110000110111000111010010011
011000011101100101001011000110100111011110101011011000001000011110100100010011011101000100000011101000001100000100011111110110001010111000000011010111111110000110111000111010010011
000000011101100101001011000110100111011110101011011000001000110100110100010011011101000100000011101000001100000100011111110110001010111000000011010111111110000110111000111010010011
000000011101100101001011000110100111011110101011011000001000111110100100010011011101000100000011101000001100000100011111110110001010111000000011010111111110000110111000111010010011
010000011101100101001011000110100111011110101011011000001000110100110100010011011101000100000011101000001100000100011111110110001010111000000011010111111110000110111000111010010011
010110001010111000110000101101110011011110101011011000001000011110100100010011011101000100000011101000001100000100011111110110001010111000000011010111111110000110111000111010010011
000000000100101000000010101101110011011110011001001101011010101111100000010011011101000100000011101000001100000100011111110110001010111000000011010111111110000110111000111010010011
010000011101100101001011000110100111011110101011011000001000111110100100010011011101000100000011101000001100000100011111110110001010111000000011010111111110000110111000111010010011
000011000000100001111011000110100111011110101011011000001000011110100100010011011101000100000011101000001100000100011111110110001010111000000011010111111110000110111000111010010011
001010110101100101001011000110100111011110101011011000001000011110100100010011011101000100000011101000001100000100011111110110001010111000000011010111111110000110111000111010010011
011111100110111101100010101101110011011110101011011000001000011110100100010011011101000100000011101000001100000100011111110110001010111000000011010111111110000110111000111010010011
000000011101100101001011000110100111011110101011011000001000011110100100010011011101000100000011101000001100000100011111110110001010111000000011010111111110000110111000111110100111
001111010111110000001110010110100111011110101011011000001000011110100100010011011101000100000011101000001100000100011111110110001010111000000011010111111110000110111000111010010011
010110001010111000110000101101110011011110011001001101011010101111100000010011011101000100000011101000001100000100011111110110001010111000000011010111111110000110111000111010010011
010110001010111000110000100111110000111010010010010011101000011110100100010011011101000100000011101000001100000100011111110110001010111000000011010111111110000110111000111010010011
010000011101100101001011000110100111011110101011011000001000011110100100010011011101000100000011101000001100000100011111110110001010111000000011010111111110000110111000111110100111
000000000101000001000011110110001101001001001010011001001100010001001100010011011101000100000011101000001100000100011111110110001010111000000011010111111110000110111000111010010011
010110001010111000110000100111110011011110101011011000001000011110100100010011011101000100000011101000001100000100011111110110001010111000000011010111111110000110111000111010010011
000000000100101000000010101111000110111110011001001101011010101111100000010011011101000100000011101000001100000100011111110110001010111000000011010111111110000110111000111010010011
000000000101000001000011110110001101001001001010011001001100011110100100010011011101000100000011101000001100000100011111110110001010111000000011010111111110000110111000111010010011
000001000010110111100010101101110011011110101011011000001000011110100100010011011101000100000011101000001100000100011111110110001010111000000011010111111110000110111000111010010011
001111010111110000001000001011000011011110101011011000001000011110100100010011011101000100000011101000001100000100011111110110001010111000000011010111111110000110111000111010010011
001010111111001101111011000101010011110011000110111110000011101101110000010011011101000100000011101000001100000100011111110110001010111000000011010111111110000110111000111010010011
000000011101100101001011000110100111011110101011011000001000011110100100010011011101000100000011101000001100000100011111110110001010111000000011010111111110000111011000111010010011
000000000100101000000010101101110011011110101011011000001000011110100100010011011101000100000011101000001100000100011111110110001010111000000011010111111110000110111000111110100111
011000011101100101001011000110100111011110101011011000001000011110100100010011011101000100000011101000001100000100011111110110001010111000000011010111111110000110111000111110100111
000000011101100101001011000110100111011110101011011000001000110100110100010011011101000100000011101000001100000100011111110110001010111000000011010111111110000110111000111110100111
000000011101100101001011000110100111011110101011011000001000111110100100010011011101000100000011101000001100000100011111110110001010111000000011010111111110000110111000111110100111
010000011101100101001011000110100111011110101011011000001000110100110100010011011101000100000011101000001100000100011111110110001010111000000011010111111110000110111000111110100111
010110001010111000110000101101110011011110101011011000001000011110100100010011011101000100000011101000001100000100011111110110001010111000000011010111111110000110111000111110100111
