100101001001011000100010000101100111101011111110010001111010111101001100110010110110110111010100101011000000110101011100011101110010010101100111111011111000101010000001000010000010
100101001001011000100010000101100111101011111110010001111010111101001100110010110110110111010100101011000000110101011100011101110010010101100111111001110010011010000001000010000010
100101001001011000100010000101100111101011111110010001111010111101001100110010110110110111010100101011000000110101011100011101110010010101100111111011000011010010000001000010000010
100101001001011000100010000101100111101011111110010001111010111101001100110010110110110111010100101011000000110101011100011101110010010101100111111011011010011010000001000010000010
100101001001011000100010000101100111101011111110010001111010111101001100110010110110110111010100101011000000110101011100011101110010010101100111111001111111011111101001110111010010
100101001001011000100010000101100111101011111110010001111010111101001100110010110110110111010100101011000000110101011100011101110010010101100111111011000000000010000001000010000010
100101001001011000100010000101100111101011111110010001111010111101001100110010110110110111010100101011000000110101011100011101110010010101100111111011011010100010000001000010000010
100101001001011000100010000101100111101011111110010001111010111101001100110010110110110111010100101011000000110101011100011101110010010101100111111011111000011000000001000010000010
100101001001011000100010000101100111101011111110010001111010111101001100110010110110110111010100101011000000110101011100011101110010010101100111111001101010010010000001000010000010
100101001001011000100010000101100111101011111110010001111010111101001100110010110110110111010100101011000000110101011100011101110010010101100111111011011100011111101001110111010010
100101001001011000100010000101100111101011111110010001111010111101001100110010110110110111010100101011000000110101011100011101110010010101100111111011011010010010000001000010000010
100101001001011000100010000101100111101011111110010001111010111101001100110010110110110111010100101011000000110101011100011101110010010101100111111011011001111011001001110111010010
100101001001011000100010000101100111101011111110010001111010111101001100110010110110110111010100101011000000110101011100011101110010010101100111111011001110011010000001000010000010
100101001001011000100010000101100111101011111110010001111010111101001100110010110110110111010100101011000000110101011100011101110010010101100111111011111101111010000001000010000010
100101001001011000100010000101100111101011111110010001111010111101001100110010110110110111010100101011000000110101011100011101110010010101100111111011011010101010000001000010000010
111100111001011000100010000101100111101011111110010001111010111101001100110010110110110111010100101011000000110101011100011101110010010101100111111011111000101010000001000010000010
100101001001011000100010000101100111101011111110010001111010111101001100110010110110110111010100101011000000111011001010001011101110100101101010100111101010010010000001000010000010
100101001001011000100010000101100111101011111110010001111010111101001100110010110110110111010100101011000000110101011100011101110010010101100111111011010010111010000001000010000010
100101001001011000100010000101100111101011111110010001111010111101001100110010110110110111010100101011000000110101011100011101110010010101100111111011111111011111101001110111010010
100101001001011000100010000101100111101011111110010001111010111101001100110010110110110111010100101011000000111011001010001011101110100101101101100011000000000010000001000010000010
100101001001011000100010000101100111101011111110010001111010111101001100110010110110110111010100101011000000110101011100011101110010010101100111111011011001111111101001110111010010
100101001001011000100010000101100111101011111110010001111010111101001100110010110110110111010100101011000000110101011100011101110010010101100111111011011011010110000001000010000010
100101001001011000100010000101100111101011111110010001111010111101001100110010110110110111010100101011000000110101011100011101110010010101100111111011111000111010000001000010000010
100101001001011000100010000101100111101011111110010001111010111101001100110010110110110111010100101011000000111011001010001011101110100101101010100111101111111011001001110111010010
100101001001011000100010000101100111101011111110010001111010111101001100110010110110110111010100101011000000110101011100011101110010010101100111111011011001110010000001000010000010
100101001001011000100010000101100111101011111110010001111010111101001100110010110110110111010100101011000000110101011100011101110010010101100111111011011100011010000001000010000010
100101001001011000100010000101100111101011111110010001111010111101001100110010110110110111010100101011000000110101011100011101110010010101100111000111000000000010000001000010000010
100101001001011000100010000101100111101011111110010001111010111101001100110010110110110111010100101011000000111011001010001011101110100101101010100111101111000010000001000010000010
100101001001011000100010000101100111101011111110010001111010111101001100110010110110110111010100101011000000110101011100011101110010010101100111111011011001000010000001000010000010
100101001001011000100010000101100111101011111110010001111010111101001100110010110110110111010100101011000000110101011100011101110010010101100111111011011100011011001001110111010010
100101001001011000100010000101100111101011111110010001111010111101001100110010110110110111010100101011000000110101011100011101110010010101100111111011111110100111101001110111010010
100101001001011000100010000101100111101011111110010001111010111101001100110010110110110111010100101011000000110101011100011101110010010101100111111011111110100110000001000010000010
