100011100001100100001000111010110001100100011100001010110111000101101100111101101010001001111000001100101110001101100101001101101000110101111011110110011111000010110011000011110111
100011100001100100001000111010110001100100011100001010110111000101101100111101101010001001111000001100101110001101100101001101101000100111010011010010011111000010110011000011110111
100011100001100100100100100101001011110011001000111000010101101110001011011001111011010100010011110000011001011100011011001010011011010001101011111000011011100011000110001101000111
100011100001100100100100100101001011110011001000111000010101101110001011011001111011010100010011110000011001011100011011001010011011010001101101011100011011100011000110001101000111
100011100001100111101010100000110001100100011100001010110111000101101100111101101010001001111000001100101110001101100101001101101000110101111011110110011111000010110011000011110111
100011100001100100100100111101111001100100011100001010110111000101101100111101101010001001111000001100101110001101100101001101101000110101111011110110011111000010110011000011110111
100011100001100111101010101101111001100100011100001010110111000101101100111101101010001001111000001100101110001101100101001101101000110101111011110110011111000010110011000011110111
100011100001100100001000111010110001100100011100001010110111000101101100111101101010001001111000001100101110001101100101001101101000110110000100000011010011000010110011000011110111
100011100001100100100100101000110001100100011100001010110111000101101100111101101010001001111000001100101110001101100101001101101000110101111011110110011111000010110011000011110111
100011100001100100001000111010110001100100011100001010110111000101101100111101101010001001111000001100101110001101100101001101101000100111010011000111010111000010110011000011110111
100011100001100111101010101111111001100100011100001010110111000101101100111101101010001001111000001100101110001101100101001101101000110101111011110110011111000010110011000011110111
100011100001100100100100100101001011110011001000111000010101101110001011011001111011010100010011110000011001011100011011001010011011010001101110001100011011100011000110001101000111
100011100001100100001000111010110001100100011100001010110111000101101100111101101010001001111000001100101110001101100101001101101000100111100101110011010011000010110011000011110111
100011100001100100100001001100001111110011001000111000010101101110001011011001111011010100010011110000011001011100011011001010011011010001101011111000011011100011000110001101000111
100011100001100100001000111010110001100100011100001010110111000101101100111101101010001001111000001100101110001101100101001101101000100111001000101001011111000010110011000011110111
100011100001100100100001001100001111110011001000111000010101101110001011011001111011010100010011110000011001011100011011001010011011010001101101011100011011100011000110001101000111
100011100001100111101010100000110001100100011100001010110111000101101100111101101010001001111000001100101110001101100101001101101000100111010011000111010111000010110011000011110111
100011100001100100001000111010110001100100011100001010110111000101101100111101101010001001111000001100101110001101100101001101101000100111001110110101000011000010110011000011110111
100011100001100100100100111101111001100100011100001010110111000101101100111101101010001001111000001100101110001101100101001101101000100111010011000111010111000010110011000011110111
100011100001100111101010101101111001100100011100001010110111000101101100111101101010001001111000001100101110001101100101001101101000100111010011000111010111000010110011000011110111
100011100001100100100100100101001011110011001000111000010101101110001011011001111011010100010011110000011001011100011011001010011011010001101110110101000011000010110011000011110111
100011100001100100100100100101001011110011001000111000010101101110001011011001111011010100010011110000011001011100011011001010011011010001101011110101000011000010110011000011110111
100011100001100111101010100000110001100100011100001010110111000101101100111101101010001001111000001100101110001101100101001101101000110110000100000011010011000010110011000011110111
100011100001100100001000111010110001100100011100001010110111000101101100111101101010001001111000001100101110001101100111111100100000101111101111010010011111000010110011000011110111
100011100001100100100100101000110001100100011100001010110111000101101100111101101010001001111000001100101110001101100101001101101000100111010011000111010111000010110011000011110111
100011100001100100100100111101111001100100011100001010110111000101101100111101101010001001111000001100101110001101100101001101101000110110000100000011010011000010110011000011110111
100011100001100111101010100000110001100100011100001010110111000101101100111101101010001001111000001100101110001101100101001101101000100111010011010010011111000010110011000011110111
100011100001100111101010101101111001100100011100001010110111000101101100111101101010001001111000001100101110001101100101001101101000110110000100000011010011000010110011000011110111
100011100001100111101010101111111001100100011100001010110111000101101100111101101010001001111000001100101110001101100101001101101000100111010011000111010111000010110011000011110111
100011100001100100100100111101111001100100011100001010110111000101101100111101101010001001111000001100101110001101100101001101101000100111010011010010011111000010110011000011110111
100011100001100111101010101101111001100100011100001010110111000101101100111101101010001001111000001100101110001101100101001101101000100111010011010010011111000010110011000011110111
100011100001100100001000111010110001100100011100001010110111000101101100111101101010001001111000001100101110001101100101001101101000110110110011010010011111000010110011000011110111
