011110101100010100001001001111000001010111111000111110011111110011001110001101100100111001001011001000000010110101000101100010100111111101010001111101101100001001001101000110100001
011110101100010100001001001111000001010111111000111110011111110011001110001101100100111001001011001000000010110101000101100010100111111101010001111101101100001001110001001110100001
011110100111010100010111001111000001010111111000111110011111110011001110001101100100111001001011001000000010110101000101100010100111111101010001111101101100001001001101000110100001
011110101100010100001001001111000001010111111000111110011111110011001110001101100100111001001011001000000010110101000101100010100111111101010001111101101100100011010111111010001100
011110100111010101110101001111000001010111111000111110011111110011001110001101100100111001001011001000000010110101000101100010100111111101010001111101101100001001001101000110100001
011110100111010100010111010010011110000010101111110001111100111111100110011100011011001001110010010110010000000101101010001011000101001111111010100011111011011000010111111010001100
011110101101110010100111010010011110000010101111110001111100111111100110011100011011001001110010010110010000000101101010001011000101001111111010100011111011011000010111111010001100
011110101100010100001001001111000001010111111000111110011111110011001110001101100100111001001011001000000010110101000101100010100111111101010001111101101100001000010111111010001100
011110100111010100010111000111010110000010101111110001111100111111100110011100011011001001110010010110010000000101101010001011000101001111111010100011111011011000010111111010001100
011110100111010100010111001111000001010111111000111110011111110011001110001101100100111001001011001000000010110101000101100010100111111101010001111101101100001001110001001110100001
011110101100010100001001001111000001010111111000111110011111110011001110001101100100111001001011001000000010110101000101100010100111111101010001111101101100110001110001001110100001
011110100111010100010111011010011110000010101111110001111100111111100110011100011011001001110010010110010000000101101010001011000101001111111010100011111011011000010111111010001100
011110101100010100001001001111000001010111111000111110011111110011001110001101100100111001001011001000000010110101000101100010100111111101010001111101101100000011010111111010001100
011110100111010100010111001111000001010111111000111110011111110011001110001101100100111001001011001000000010110101000101100010100111111101010001111101101100100011010111111010001100
011110100111010101110101001111000001010111111000111110011111110011001110001101100100111001001011001000000010110101000101100010100111111101010001111101101100001001110001001110100001
011110101100010101000011010010011110000010101111110001111100111111100110011100011011001001110010010110010000000101101010001011000101001111111010100011111011011000010111111010001100
011110101100010100001001001111000001010111111000111110011111110011001110001101100100111001001011001000000010110101000101100010100111111101010001111101101100001001000111111010001100
011110101100010100001001001111000001010111111000111110011111110011001110001101100100111001001011001000000010110101000101100010100111111101010001111101101100000010010101000110100001
011110101100010100001001001111000001010111111000111110011111110011001110001101100100111001001011001000000010110101000101100010100111111101010001111101101100000010001101000110100001
011110101100010000100011010010011110000010101111110001111100111111100110011100011011001001110010010110010000000101101010001011000101001111111010100011111011011000010111111010001100
011110101100010100001001001111000001010111111000111110011111110011001110001101100100111001001011001000000010110101000101100010100111111101010001111101101100000010011011000110100001
011110100111010100010111001111000001010111111000111110011111110011001110001101100100111001001011001000000010110101000101100010100111111101010001111101101100001000010111111010001100
011110101100010100001001001111000001010111111000111110011111110011001110001101100100111001001011001000000010110101000101100010100111111101010001111101101100000010010111111010001100
011110100111010101110101001111000001010111111000111110011111110011001110001101100100111001001011001000000010110101000101100010100111111101010001111101101100100011010111111010001100
011110100111010001000101001111000001010111111000111110011111110011001110001101100100111001001011001000000010110101000101100010100111111101010001111101101100001001001101000110100001
011110101100010100001001001111000001010111111000111110011111110011001110001101100100111001001011001000000010110101000101100010100111111101010001111101101100001001001101011000110100
011110101100010100001001001111000001010111111000111110011111110011001110001101100100111001001011001000000010110101000101100010100111111101010001111101101100001001110100011100100001
011110101100010100001001001111000001010111111000111110011111110011001110001101100100111001001011001000000010110101000101100010100111111101010001111101101100000010001100110111101100
011110100111010100010111010010011110000010101111110001111100111111100110011100011011001001110010010110010000000101101010001011000101001111111010100011111011011001110100011100100001
011110101101110111110101001111000001010111111000111110011111110011001110001101100100111001001011001000000010110101000101100010100111111101010001111101101100001001001101000110100001
011110101100010100001001001111000001010111111000111110011111110011001110001101100100111001001011001000000010110101000101100010100111111101010001111101101100000010001100111010001100
011110101101110010100111010010011110000010101111110001111100111111100110011100011011001001110010010110010000000101101010001011000101001111111010100011111011011001110100011100100001
