100000000011110100001111010101101000000100011001100101101000001111001110100101000010001110100110101011100111011011111110001011100110101100010101111011000011010011001111011110010010
100000000011110100001111010101101000000100011001100101101000001111001110100101000010001110100110101011100111011011111110001011100110101100010101111011000011010011001010110110111010
100000000011110100001111010101101000000100011001100101101000001111001110100101000010001110100110101011100111011011111110001011100110101100010101111011000011010010110011111110010010
100000000011110100001111010101101000000100011001100101101000001111001110100101000010001110100110101011100111011011111110001011100110101100010101111011000011010011001111100100110110
100000000011110100001111010101101000000100011001100101101000001111001110100101000010001110100110101011100111011011111110001011100110101100010101111011000011010011001100010001110010
100000000011110100001111010101101000000100011001100101101000001111001110100101000010001110100110101011100111011011111110001011100110101100010101111011000011010011001001000011110010
100000000011110100001111010101101000000100011001100101101000001111001110100101000010001110100110101011100111011011111110001011100110101100010101111011000011010011011010100011110010
100000000011110100001111010101101000000100011001100101101000001111001110100101000010001110100110101011100111011011111110001011100110101100010101111011000011010011001010001100010010
100000000011110100001111010101101000000100011001100101101000001111001110100101000010001110100110101011100111011011111110001011100110101100010101111011000011010011001111100100111010
100000000011110100001111010101101000000100011001100101101000001111001110100101000010001110100110101011100111011011111110001011100110101100010101111011000011010011011010000011110010
100000000011110100001111010101101000000100011001100101101000001111001110100101000010001110100110101011100111011011111110001011100110101100010101111011000011010011001111101110010010
100000000011110100001111010101101000000100011001100101101000001111001110100101000010001110100110101011100111011011111110001011100110101100010101111011000011010011001000010011110010
100000000011110100001111010101101000000100011001100101101000001111001110100101000010001110100110101011100111011011111110001011100110101100010101111011000011010011011011110001110010
100000000011110100001111010101101000000100011001100101101000001111001110100101000010001110100110101011100111011011111110001011100110101100010101111011000011010011011001001101110010
100000000011110100001111010101101000000100011001100101101000001111001110100101000010001110100110101011100111011011111110001011100110101100010101111011000011010011011000100101110010
100000000011110100001111010101101000000100011001100101101000001111001110100101000010001110100110101011100111011011111110001011100110101100010101111011000011010011001110111001110010
100000000011110100001111010101101000000100011001100101101000001111001110100101000010001110100110101011100111011011111110001011100110101100010101111011000011010011001111010001110010
100000000011110100001111010101101000000100011001100101101000001111001110100101000010001110100110101011100111011011111110001011100110101100010101111011000011010011001001000010010010
100000000011110100001111010101101000000100011001100101101000001111001110100101000010001110100110101011100111011011111110001011100110101100010101111011000011010010111110010011110010
100000000011110100001111010101101000000100011001100101101000001111001110100101000010001110100110101011100111011011111110001011100110101100010101111011000011010010111011000110010010
001010010011110100001111010101101000000100011001100101101000001111001110100101000010001110100110101011100111011011111110001011100110101100010101111011000011010011001111011110010010
100000000011110100001111010101101000000100011001100101101000001111001110100101000010001110100110101011100111011011111110001011100110101100010101111011000011010011001111001000110010
100000000011110100001111010101101000000100011001100101101000001111001110100101000010001110100110101011100111011011111110001011100110101100010101111011000011010011001101110010111010
100000000011110100001111010101101000000100011001100101101000001111001110100101000010001110100110101011100111011011111110001011100110101100010101111011000011010011011110111001110010
100000000011110100001111010101101000000100011001100101101000001111001110100101000010001110100110101011100111011011111110001011100110101100010101111011000011010011001110100011110010
100000000011110100001111010101101000000100011001100101101000001111001110100101000010001110100110101011100111011011111110001011100110101100010101111011000011010010111111010001110010
100000000011110100001111010101101000000100011001100101101000001111001110100101000010001110100110101011100111011011111110001011100110101100010101111011000011010010111000001001110010
100000000011110100001111010101101000000100011001100101101000001111001110100101000010001110100110101011100111011011111110001011100110101100010101111011000011010011000101000111110010
100000000011110100001111010101101000000100011001100101101000001111001110100101000010001110100110101011100111011011111110001011100110101100010101111011000011010011011010110110111010
100000000011110100001111010101101000000100011001100101101000001111001110100101000010001110100110101011100111011011111110001011100110101100010101111011000011010011001101000110010010
100000000011110100001111010101101000000100011001100101101000001111001110100101000010001110100110101011100111011011111110001011100110101100010101111011000011010010110101110010111010
100000000011110100001111010101101000000100011001100101101000001111001110100101000010001110100110101011100111011011111110001011100110101100010101111011000011010011010000100000111010
