000011010100001011110000001000001100000011110100111100101000001111111010110001111000011100001011100100010000101011110001100110110111110100100001100110011111101011011110001010101101
000011010100001011110000001000001100000011110100111100001110000010111010110001111000011100001011100100010000101011110001100110110111110100100001100110011111101011011110001010101101
000011010100001011110000001000010101111101010010001100111101000111111010110001111000011100001011100100010000101011110001100110110111110100100001100110011111101011011110001010101101
000011010100001011110000001000010100101001110010101100111101000111111010110001111000011100001011100100010000101011110001100110110111110100100001100110011111101011011110001010101101
000001011100011000011101010111010111010101111101010001101110101000101010110001111000011100001011100100010000101011110001100110110111110100100001100110011111101011011110001010101101
000011010100001011110000001000010101101000010011110000101000001111111010110001111000011100001011100100010000101011110001100110110111110100100001100110011111101011011110001010101101
000011010100001011110000001000010101111101010010000000101000001111111010110001111000011100001011100100010000101011110001100110110111110100100001100110011111101011011110001010101101
000011010100001011110000001000001100000011110100101010010100011110010010110001111000011100001011100100010000101011110001100110110111110100100001100110011111101011011110001010101101
000001011100011000011101010111010010110100000010111011111011110101111010110001111000011100001011100100010000101011110001100110110111110100100001100110011111101011011110001010101101
000011010100001011110000001000001100000011110100010001101110101000101010110001111000011100001011100100010000101011110001100110110111110100100001100110011111101011011110001010101101
000011010100001011110000001000010101111101010010001100101000001111111010110001111000011100001011100100010000101011110001100110110111110100100001100110011111101011011110001010101101
000001011101110000011101000100010101001000010011110000101000001111111010110001111000011100001011100100010000101011110001100110110111110100100001100110011111101011011110001010101101
000011010100001011110000001000001100110001011101101010010100011110010010110001111000011100001011100100010000101011110001100110110111110100100001100110011111101011011110001010101101
000011010100001011110000001000111100101001110010101100111101000111111010110001111000011100001011100100010000101011110001100110110111110100100001100110011111101011011110001010101101
000011010100001011110000001000001101010111010100111100101000001111111010110001111000011100001011100100010000101011110001100110110111110100100001100110011111101011011110001010101101
000011010100001011110000001000001100000011110100111100001110000010111000011000111000011100001011100100010000101011110001100110110111110100100001100110011111101011011110001010101101
000001011100011000011101010111010111101111101101001000111101000111111010110001111000011100001011100100010000101011110001100110110111110100100001100110011111101011011110001010101101
000011010100001011110000001000001101010111010100010001101110101000101010110001111000011100001011100100010000101011110001100110110111110100100001100110011111101011011110001010101101
000011010100001011110000001000001100000011110100101010010100011110101010110001111000011100001011100100010000101011110001100110110111110100100001100110011111101011011110001010101101
000001011100011000011101010111010111010101100001110111011110111000101010110001111000011100001011100100010000101011110001100110110111110100100001100110011111101011011110001010101101
000011010100001011110000001000010101111101010010000000111101000111111010110001111000011100001011100100010000101011110001100110110111110100100001100110011111101011011110001010101101
000011010100001011110000001000001100000011110100111100101000001111111110110001111000011100001011100100010000101011110001100110110111110100100001100110011111101011011110001010101101
000011010100001011110000001000001100000011110100101010010100011110101000011000111000011100001011100100010000101011110001100110110111110100100001100110011111101011011110001010101101
000001011100011000011101010111010111010101111101010001101110101000101000011000111000011100001011100100010000101011110001100110110111110100100001100110011111101011011110001010101101
000011010100001011110000001000001100110001011101101010010100011110101000011000111000011100001011100100010000101011110001100110110111110100100001100110011111101011011110001010101101
000011010100001011110000001000001100000011110100111100101000001111111110110100101010011100001011100100010000101011110001100110110111110100100001100110011111101011011110001010101101
000011010100001011110000001000010101111101010010001100111101000111111110110100101010011100001011100100010000101011110001100110110111110100100001100110011111101011011110001010101101
000001011100011000011101010111010100000100010110100010101000001111111010110001111000011100001011100100010000101011110001100110110111110100100001100110011111101011011110001010101101
000011010100001011110000001000001100000011110100111100001110000011010000011000111000011100001011100100010000101011110001100110110111110100100001100110011111101011011110001010101101
000001011100011000011101010111111011010101111101010001101110101000101010110001111000011100001011100100010000101011110001100110110111110100100001100110011111101011011110001010101101
000011010100001011110000001000010100101001110010101100111101000111111110110100101010011100001011100100010000101011110001100110110111110100100001100110011111101011011110001010101101
000011010100001011110000001000010101111101010010000000110000011011011110110100101010011100001011100100010000101011110001100110110111110100100001100110011111101011011110001010101101
