100100000101000010000001110011001011000001101111111011001001001101110000001100111001010001011011111110000011011100011100010111101101001111101001100000110000110011010100010111100101
100100000101000010000001110011001011000001101111111011001001001101110000001100111001010001011000110110000011011100011100010111101101001111101001100000110000110011010100010111100101
100100000101000010000001110011001011000001101111111011001001001101110000001100111110001010000010110110000011011100011100010111101101001111101001100000110000110011010100010111100101
100100000101000010000001110011001011000001101111111011001001001101110001111011101110001101000111111110000011011100011100010111101101001111101001100000110000110011010100010111100101
100100000101000010000001110011001011000001101111111011001001010001100011000100100001101000000000011110000011011100011100010111101101001111101001100000110000110011010100010111100101
100100000101000010000001110011001011000001101111111011001001001101110000001100111001010001011010010010000110001110011100010111101101001111101001100000110000110011010100010111100101
100100000101000010000001110011001011000001101111111011001001001101110000001100111110001010000000011110000011011100011100010111101101001111101001100000110000110011010100010111100101
100100000101000010000001110011001011000001101111111011001001010001100011000100100001101000010011111110000011011100011100010111101101001111101001100000110000110011010100010111100101
100100000101000010000001110011001011000001101111111011001001001101110000001100111001010001110001111110000011011100011100010111101101001111101001100000110000110011010100010111100101
100100000101000010000001110011001011000001101111111011001001001101110000001100111001010001011000010010000110001110011100010111101101001111101001100000110000110011010100010111100101
100100000101000010000001111011100110010110000011011111110110010010011011100000011001110010100010110110000011011100011100010111101101001111101001100000110000110011010100010111100101
100100000101000010000001110011001011000001101111111011001001001101110000001100111001010001011010011110000011011100011100010111101101001111101001100000110000110011010100010111100101
100100000101000010000001110011001011000001101111111011001001001101110000001100111100101000000000011110000011011100011100010111101101001111101001100000110000110011010100010111100101
100100000101000010000001110011001011000001101111111011001001001101110000001100111001010001011010010010000110001110011110100110010011001010110000000000110000110011010100010111100101
100100000101000010000001110011001011000001101111111011001001001101110000001100111001010001011000010010000110001110011110100110010011001010110000000000110000110011010100010111100101
100100000101000010000001110011001011000001101111111011001001010001100011000100100001101000010100011110000011011100011100010111101101001111101001100000110000110011010100010111100101
100100000101000010000001110011001011000001101111111011001001001101110000001100111001010001011010010010000110001110011110100110010011001010110000000000011010100011010100010111100101
100100000101000010000001110011001011000001101111111011001001001101110000001100111110001010001100101101011011010110111000010111101101001111101001100000110000110011010100010111100101
100100000101000010000001110011001011000001101111111011001001001101110000001100111001010001011011101110000011011100011100010111101101001111101001100000110000110011010100010111100101
100100000101000010000001110011001011000001101111111011001001001101110000001100111001010001011000010010000110001110011110100110010011001010110000000000011010100011010100010111100101
100100000101000010000001110011001011000001101111111011001001001101110000001100111110001010001101111110000011011100011100010111101101001111101001100000110000110011010100010111100101
100100000101000010000001110011001011000001101111111011001001001101110001111011101110001100010011111110000011011100011100010111101101001111101001100000110000110011010100010111100101
100100000101000010000001110011001011000001101111111011001001001101110000001100111001010001001101111110000011011100011100010111101101001111101001100000110000110011010100010111100101
100100000101000010000001110011001011000001101111111011001001001101110000001100111110001010001000011110000011011100011100010111101101001111101001100000110000110011010100010111100101
100100000101000010000001110011001011000001101111111011001001001101110000001100111001010001011110111101100011011100011100010111101101001111101001100000110000110011010100010111100101
100100000101000010000001110011001011000001101111111011001001001101110000001100111110001000110011111110000011011100011100010111101101001111101001100000110000110011010100010111100101
100100000101000010000001110011001011000001101111111011001001001101110001111011101000010011111101110011100111101100011100010111101101001111101001100000110000110011010100010111100101
100100000101000010000001110011001011000001101111111011001001001101110000011100101011001100010011111110000011011100011100010111101101001111101001100000110000110011010100010111100101
100100000101000010000001110011001011000001101111111011001001001101110000001100111001010001011010010010000110001000011100010111101101001111101001100000110000110011010100010111100101
100100000101000010000001110011001011000001101111111011001001001101110000001100111001010011101011011010000110001110011110100110010011001010110000000000110000110011010100010111100101
100100000101000010000001110011001011000001101111111011001001001101110000001100111001010011101011011010000110001110011110100110010011001010110000000000011010100011010100010111100101
100100000101000010000001110011001011000001101111111011001001001101110000001100111110001010010101010010000110001110011110100110010011001010110000000000110000110011010100010111100101
