111111101100011100101000001000110111011001100100110110100000010100000000101000101111111111100101011000011011001111111001001101000101001110011000101110110100100100001101111111000101
111111101100011100101000001000110111011001100100110110100000010100000010010111111111110010101100001101100111111100100110100010010011001000000010001110110100100100001101111111000101
111111101100011100101000001000110111011001100100110110100000010100000010000001100010011111001111001000001101111111101100000101000101001110011000101110110100100100001101111111000101
111111101100011100101000001000110111011001100100110110100000010100000010000001100110000011111100110011101110111111000100000100001010110100101110000110110100100100001101111111000101
111111101100011100101000001000110111011001100100110110100000010100000010000001100110000011111100110011101110111111000100000100111001000100000010001110110100100100001101111111000101
111111101100011100101000001000110111011001100100110110100000010100000010000001100010011111001111001000001101111111101100000101001111101101000010001110110100100100001101111111000101
111111101100011100101000001000110111011001100100110110100000010100000000101000101111111111100101011000011011001111111001001101000101001110011000001110110100100100001101111111000101
111111101100011100101000001000110111011001100100110110100000010100000000101000101111111111100101011000011011001111111001001101001111101101000010001110110100100100001101111111000101
111111101100011100101000001000110111011001100100110110100000010100000010000001100110000011111100111101010110000010011001100111010100110000100010001110110100100100001101111111000101
111111101100011100101000001000110111011001100100110110100000010100000010000001000001000101001101011110001110111111000100000100111001000100000010001110110100100100001101111111000101
111111101100011100101000001000110111011001100100110110100000010100000000101000101111111111100101011000011011001111111001001101000100100011000010001110110100100100001101111111000101
111111101100011100101000001000110111011001100100110110100000010100000010000001100110000011111100110011101110111111000100000100111001011101001111101110110100100100001101111111000101
111111101100011100101000001000110111011001100100110110100000010100000010000001100110000011111100111001110110011001101001101110101001101101001111101110110100100100001101111111000101
111111101100011100101000001000110111011001100100110110100000010100000000101000101111111111100101011000011011001111111001001101000100110000100010001110110100100100001101111111000101
111111101100011100101000001000110111011001100100110110100000010100000010000001100110000011111100111001110110011001101001101110101001101101000010001110110100100100001101111111000101
111111101100011100101000001000110111011001100100110110100000010100000000101000101111111111100101011000011011001111111001001101000100101000010001001110110100100100001101111111000101
111111101100011100101000001000110111011001100100110110100000010100000010000001100110000011111100110011101110111111000100000100111000111010000010001110110100100100001101111111000101
111111101100011100101000001000110111011001100100110110100000010100000010000001100110000011111100001011001001100110110101100101110100110000100010001110110100100100001101111111000101
111111101100011100101000001000110111011001100100110110100000010100000000101000101111111111100101011000011011001111111001001101000100100000000010001110110100100100001101111111000101
111111101100011100101000001000110111011001100100110110100000010100000010000001100110000011111100111001110110011001101001101110101001111000110001101110110100100100001101111111000101
111111101100011100101000001000110111011001100100110110100000010100000010000001100110000011111100110011101110111111000100000100000100011110101110001110110100100100001101111111000101
111111101100011100101000001000110111011001100100110110100000010100000000101000101111111111100101011000011011001111111001001101000100110000000010001110110100100100001101111111000101
111111101100011100101000001000110111011001100100110110100000010100000010000001100110000011111100110011101111010110100000101101110100110000100010001110110100100100001101111111000101
111111101100011100101000001000110111011001100100110110100000010100000010000001100110000011111100111001110110011001101001101110101010000100000010001110110100100100001101111111000101
111111101100011100101000001000110111011001100100110110100000010100000010000001000001000101001101011110001110111111000100000100111001011101001111101110110100100100001101111111000101
111111101100011100101000001000110111011001100100110110100000010100000010000001000001000101001101011111101010000100100010011100111101011100110001000100000000100100001101111111000101
111111101100011100101000001000110111011001100100110110100000010100000010000001100010011111001111001000001101111111101100000101101101011000110001101110110100100100001101111111000101
111111101100011100101000001000110111011001100100110110100000010100000010000001100110000011111100111001110110011001101001101110101001111010111001101110110100100100001101111111000101
111111101100011100101000001000110111011001100100110110100000010100000010000001100010011111001111001000001101111111101100000101001111110011010101101110110100100100001101111111000101
111111101100011100101000001000110111011001100100110110100000010100000010000001100110000011111100111001110110011001101001101110101000101101000010001110110100100100001101111111000101
111111101100011100101000001000110111011001100100110110100000010100000010000001100110000011111100111101010110000010011001100111010101011000110001101110110100100100001101111111000101
111111101100011100101000001000110111011001100100110110100000010100000010000001100110000011111100110011101110111111000100000100111001111010111001101110110100100100001101111111000101
