001001011110000010011010011111101000010010110110001010110110001111110100001000010001100100011000101001010000001111011111111010100000110101001000010111011100111001000111011101111010
111001011110000010011010011111101000010010110110001010110110001111110100001000010001100100011000101001010000001111011111111010100000110101001000010111011100111001000111011101111010
100001011110000010011010011111101000010010110110001010110110001111110100001000010001100100011000101001010000001111011111111010100000110101001000010111011100111001000111011101111010
100101011110000010011010011111101000010010110110001010110110001111110100001000010001100100011000101001010000001111011111111010100000110101001000010111011100111001000111011101111010
100000011100111010001110011011010101010010110110001010110110001111110100001000010001100100011000101001010000001111011111111010100000110101001000010111011100111001000111011101111010
001001011110000010011010011111101000101010110110001010110110001111110100001000010001100100011000101001010000001111011111111010100000110101001000010111011100111001000111011101111010
100101111110000010011010011111101000010010110110001010110110001111110100001000010001100100011000101001010000001111011111111010100000110101001000010111011100111001000111011101111010
001001011110000010011010011111101000010010010011111100010000001111110100001000010001100100011000101001010000001111011111111010100000110101001000010111011100111001000111011101111010
011001011110000010011010011111101000010010110110001010110110001111110100001000010001100100011000101001010000001111011111111010100000110101001000010111011100111001000111011101111010
010000011100111010001110011011010101010010110110001010110110001111110100001000010001100100011000101001010000001111011111111010100000110101001000010111011100111001000111011101111010
001001011110000010011010011111101000010010110110001010110110001111110100001000010001100100011000101001010000001110011111111010100000110101001000010111011100111001000111011101111010
001101011110000010011010011111101000010010110110001010110110001111110100001000010001100100011000101001010000001111011111111010100000110101001000010111011100111001000111011101111010
010100011100111010001110011011010101010010110110001010110110001111110100001000010001100100011000101001010000001111011111111010100000110101001000010111011100111001000111011101111010
101001011110000010011010011111101000010010110110001010110110001111110100001000010001100100011000101001010000001111011111111010100000110101001000010111011100111001000111011101111010
001001011110000010011010011111101000010010010000111010100011000111110100001000010001100100011000101001010000001111011111111010100000110101001000010111011100111001000111011101111010
010110111011100000101010110001101010111010110110001010110110001111110100001000010001100100011000101001010000001111011111111010100000110101001000010111011100111001000111011101111010
100101111110101111001011110001100110110110110110001010110110001111110100001000010001100100011000101001010000001111011111111010100000110101001000010111011100111001000111011101111010
001001011110000010011010011111101000010010110110001010110110001111110100001000010001100100011000101001010000001111010011111010100000110101001000010111011100111001000111011101111010
001001011110000010011010011111101000010011110110001010110110001111110100001000010001100100011000101001010000001111011111111010100000110101001000010111011100111001000111011101111010
000001011110000010011010011111101000010010110110001010110110001111110100001000010001100100011000101001010000001111011111111010100000110101001000010111011100111001000111011101111010
001001011110000010011010011111101000010010110110001010110110001111110100001000010001100100011000101001010000001011011111111010100000110101001000010111011100111001000111011101111010
001001011110000010011010011111101000010010010000111010110110001111110100001000010001100100011000101001010000001111011111111010100000110101001000010111011100111001000111011101111010
010001011110000010011010011111101000010010110110001010110110001111110100001000010001100100011000101001010000001111011111111010100000110101001000010111011100111001000111011101111010
001001011110000010011010011111101000010010010110001010110110001111110100001000010001100100011000101001010000001111011111111010100000110101001000010111011100111001000111011101111010
001111011110000010011010011111101000010010110110001010110110001111110100001000010001100100011000101001010000001111011111111010100000110101001000010111011100111001000111011101111010
010101111110000010011010011111101000010010110110001010110110001111110100001000010001100100011000101001010000001111011111111010100000110101001000010111011100111001000111011101111010
111001011110000010011010011111101000101010110110001010110110001111110100001000010001100100011000101001010000001111011111111010100000110101001000010111011100111001000111011101111010
001001011110000010011010011111101000010010110110001010110110001111110100001000010001100100011000101001010000001111011101111010100000110101001000010111011100111001000111011101111010
100001011110000010011010011111101000101010110110001010110110001111110100001000010001100100011000101001010000001111011111111010100000110101001000010111011100111001000111011101111010
100101011110000010011010011111101000101010110110001010110110001111110100001000010001100100011000101001010000001111011111111010100000110101001000010111011100111001000111011101111010
001001011110000010011010011111101000010010110110001010110110001111110100001000010001100100011000101001010000001111010100011010100000110101001000010111011100111001000111011101111010
100000110010000111001000011111101000010010110110001010110110001111110100001000010001100100011000101001010000001111011111111010100000110101001000010111011100111001000111011101111010
