100000001101001000011111001101001011001111111101101010110000000111011010110100011001100100011110011001111010111110001001010101100100011101001000100111111001101101011111110101000111
001010011101001000011111001101001011001111111101101010110000000111011010110100011001100100011110011001111010111110001001010101100100011101001000100111111001101101011111110101000111
100000001101001000011111001101001011001111111101101010110000000111011010110100011001100100011110011001111010111110001001011101100100011101001000100111111001101101011111110101000111
100000001101001000011111001101001011001111111101101010110000000111011010110100011001100100011110011001111010111100001001010101100100011101001000100111111001101101011111110101000111
100000001101001000011111001101001011001111111101101010110000000111011010110100011001100100011110011001111010111111001001010101100100011101001000100111111001101101011111110101000111
100000001101001000011111001101001011001111111101101010110000000111011010110100011001100100011110011001111010111110001001010101100100011101001000100111111001101101011111111111100011
100000001101001000011111001101001011001111111101101010110000000111011010110100011001100100011110011001111010111110001110010010101011001000111010010001001111110011011010111111101001
100000001101001000011111001101001011001111111101101010110000000111011010110100011001100100011110011001111010111110000111010101100100011101001000100111111001101101011111110101000111
100000001101001000011111001101001011001111111101101010110000000111011010110100011001100100011110011001111010111110001001001100110001101111000000010001001111110011011010111111101001
100000001101001000011111001101001011001111111101101010110000000111011010110100011001100100011110011001111010111110001001111111110100011101001000100111111001101101011111110101000111
100000001101001000011111001101001011001111111101101010110000000111011010110100011001100100011110011001111010111100001110010010101011001000111010010001001111110011011010111111101001
100000001101001000011111001101001011001111111101101010110000000111011010110100011001100100011110011001111010111110001011000111101000011101001000100111111001101101011111110101000111
100000001101001000011111001101001011001111111101101010110000000111011010110100011001100100011110011001111010111110000111111111110100011101001000100111111001101101011111110101000111
100000001101001000011111001101001011001111111101101010110000000111011010110100011001100100011110011001111010111110001001010101100100011101001000100111111001101101011111110011011011
100000001101001000011111001101001011001111111101101010110000000111011010110100011001100100011110011001111010111110001001001001010010010001110111110000101111001111101111000101000111
100000001101001000011111001101001011001111111101101010110000000111011010110100011001100100011110011001111010111010010110111010011101100110101000000111111001101101011111110101000111
100000001101001000011111001101001011001111111101101010110000000111011010110100011001100100011110011001111010111100000101001111001101111101101001111010000110100111111010010011111011
100000001101001000011111001101001011001111111101101010110000000111011010110100011001100100011110011001111010111110001011000110111100111110100010100011111001101101011111110101000111
100000001101001000011111001101001011001111111101101010110000000111011010110100011001100100011110011001111010111110001001010000100011010001111010100001000111110011011010111111101001
100000001101001000011111001101001011001111111101101010110000000111011010110100011000000111000000100001001110100011100111010101100100011101001000100111111001101101011111110101000111
100000001101001000011111001101001011001111111101101010110000000111011010110100011001100100011110011001111010111011100111010101100100011101001000100111111001101101011111110101000111
100000001101001000011111001101001011001111111101101010110000000111011010110100011001100100011110011001111010111110001001010101100100011101001000111000111000111001111111110101000111
100000001101001000011111001101001011001111111101101010110000000111011010110100011001100100011110011001111010001101101101010101100100011101001000100111111001101101011111110101000111
100000001101001000011111001101001011001111111101101010110000000111011010110100011001100100011110011001111010111110001001001001101111111110100010100011111001101101011111110101000111
100000001101001000011111001101001011001111111101101010110000000111011010110100011001100100011110011001111010111110001001001100110001101100001011001010001110100111111010010011111011
100000001101001000011111001101001011001111111101101010110000000111011010110100011001100100011110011001111010111011001101010101100100011101001000100111111001101101011111110101000111
100000001101001000011111001101001011001111111101101010110000000111011010110100011001100100011110011001111010111110001001010101100100011101001000100011111001101101011111110101000111
100000001101001000011111001101001011001111111101101010110000000111011010110100011001100100011110011001111010111110001001010000100011010001111010100000100001101110101001011111100011
100000001101001000011111001101001011001111111101101010110000000111011010110100011001100100011110011001111010111110001001010101100100011101001000111011100000111010001001110101000111
100000001101001000011111001101001011001111111101101010110000000111011010110100011001100100011110011001111010111010011001010101100100011101001000100111111001101101011111110101000111
100000001101001000011111001101001011001111111101101010110000000111011010110100011001100100011110011001111010111110001001001001010010010001110111110000101111001111101111000011011011
100000001101001000011111001101001011001111111101101010110000000111011010110100011001100100011110011001111010111110001001010101100100011101001000100111111001101101011111110111010111
