101111000100100011101001111110000010001111000011001111000010011010010001000110001010101000100110101011100010100101100110100110001011101000010100001001001101000100111011100110001011
101111000100100011101001111110000010001111000011001111000010011010010001000110001010101000100110101011100010100101100110100110000011101000010100001001001101000100111011100110001011
101111111011111110110001111110000010001111000011001111000010011010010001000110001010101000100110101011100010100101100110100110001011101000010100001001001101000100111011100110001011
101111000100100011101001111110000010001111000011001111000010011010010001000110001010101000100110101011100010100101100110100110010011101000010100001001001101000100111011100110001011
101111110110110000000100001011100000001111000011001111000010011010010001000110001010101000100110101011100010100101100110100110001011101000010100001001001101000100111011100110001011
101111000100100011101001111110000010001111000011001111000010011010010001000110001010101000100110101011100010100101100110100110001101101000010100001001001101000100111011100110001011
101111000100100011101001111110000010001111000011001111000010011010010001000110001010101000100110101011100010100101100110100010001011101000010100001001001101000100111011100110001011
101111110110110000000001111110000010001111000011001111000010011010010001000110001010101000100110101011100010100101100110100110001011101000010100001001001101000100111011100110001011
101111000110001010101001111110000010001111000011001111000010011010010001000110001010101000100110101011100010100101100110100110001011101000010100001001001101000100111011100110001011
101111110110110000000100001010110100001101101010001111000010011010010001000110001010101000100110101011100010100101100110100110001011101000010100001001001101000100111011100110001011
101111111011111110110111100101000011011011100011001111000010011010010001000110001010101000100110101011100010100101100110100110001011101000010100001001001101000100111011100110001011
101111110110110000000101001010110100001101101010001111000010011010010001000110001010101000100110101011100010100101100110100110001011101000010100001001001101000100111011100110001011
101111110110110000000100000100110001011001100111100001001101001000100011000101010100010011010101110001010010110011010000110111001011101000010100001001001101000100111011100110001011
101111110110110000000100000010000010001111000011001111000010011010010001000110001010101000100110101011100010100101100110100110001011101000010100001001001101000100111011100110001011
101111110110110000000100001011111001100101000011001111000010011010010001000110001010101000100110101011100010100101100110100110001011101000010100001001001101000100111011100110001011
101111111011111110110001111110000010001111000011001111000010011010010001000110001010101000100110101011100010100101100110100110000011101000010100001001001101000100111011100110001011
101111000100100011101001111110000010001111000011001111000010011010010001000110001010101000100110101011100010100101100110100111001011101000010100001001001101000100111011100110001011
101111111011111110110000000010000010001111000011001111000010011010010001000110001010101000100110101011100010100101100110100110001011101000010100001001001101000100111011100110001011
101111000100100011101001111110000010001111000011001111000010011010010001000110001010101000100110101011100010100101100110100110010001101000010100001001001101000100111011100110001011
101111110110110000000101010001010000011011111010001111000010011010010001000110001010101000100110101011100010100101100110100110001011101000010100001001001101000100111011100110001011
101111000100100011101001111110000010001111000011001111000010011010010001000110001010101000100110101011100010100101100110100110100011101000010100001001001101000100111011100110001011
101111110110110000000111100101000011011011100011001111000010011010010001000110001010101000100110101011100010100101100110100110001011101000010100001001001101000100111011100110001011
101111110110110000000100000100110001011001100111100001001101001000100011000101010100010011010101110001010010110011010011000010100101101000010100001001001101000100111011100110001011
101111000100100011101001111110000010001111000011001111000010011010010001000110001010101000100110101011100010100101100110100011100011101000010100001001001101000100111011100110001011
101111000100100011101001111110000010001111000011001111000010011010010001000110001010101000100110101011100010100101100110100111100111101101000110001001001101000100111011100110001011
101111000100100011101001111110000010001111000011001111000010011010010001000110001010101000100110101011100010100101100110100110001111101101000110001001001101000100111011100110001011
101111111001010111110000000010000010001111000011001111000010011010010001000110001010101000100110101011100010100101100110100110001011101000010100001001001101000100111011100110001011
101111110110110000000111111001110101011001001010001111000010011010010001000110001010101000100110101011100010100101100110100110001011101000010100001001001101000100111011100110001011
101111001110010101111001111110000010001111000011001111000010011010010001000110001010101000100110101011100010100101100110100110001011101000010100001001001101000100111011100110001011
101111000100100011101001111110000010001111000011001111000010011010010001000110001010101000100110101011100010100101100110100011100111101101000110001001001101000100111011100110001011
101111000100100011101001111110000010001111000011001111000010011010010001000110001010101000100110101011100010100101100110100110001011101000010100001001001101000100111011100110000101
101111111011111110110001111110000010001111000011001111000010011010010001000110001010101000100110101011100010100101100110100110010011101000010100001001001101000100111011100110001011
