010010111001110010100101011000100101010001110011010011111111000110100100100111110011110110001001001101011010001010100001110111011010110100101101000101011011111110111111111100000110
010010111001110010100101011000100101010001110011010011111111000110000010011001001111100111101100010010011010110100010101000011101110110101101001010110110011111110111111111100000110
010010111001110010100101011000100101010001110011010011111111000110010101001001001111100111101100010010011010110100010101000011101110110101101001010110110011111110111111111100000110
010010111001110010100101011000100101010001110011010011111111001110100100100111110011110110001001001101011010001010100001110111011010110100101101000101011011111110111111111100000110
010010111001110010100101011000100101010001110011010011111111000110100100100111110011110110001001001101011010001010100001110111011010110100101011011001011011111110111111111100000110
010010111001110010100101011000100101010001110011010011111111000110000010011001001111100111101100010010011010110100010101000011101110110101101001010110110011110010111111111100000110
010010111001110010100101011000100101010001110011010011111111000110011101001001001111100111101100010010011010110100010101000011101110110101101001010110110011111110111111111100000110
010010111001110010100101011000100101010001110011010011111111000110001001100100111010010110001001001101011010001010100001110111011010110100101101000101011011111110111111111100000110
010010111001110010100101011000100101010001110011010011111111000110010101001001001111100111101100010010011010110100010101000011101110110101101001010110110011110010111111111100000110
010010111001110010100101011000100101010001110011010011111111000110001101001001001111100111101100010010011010110100010101000011101110110101101001010110110011111110111111111100000110
011001011011110010000001011011011000111000100011111001011111100000100100100111110011110110001001001101011010001010100001110111011010110100101101000101011011111110111111111100000110
010010111001110010100101011000100101010001110011010011111111000100100001110110010011110110001001001101011010001010100001110111011010110100101101000101011011111110111111111100000110
010010111001110010100101011000100101010001110011010011111111000110001001011100011101100111101100010010011010110100010101000011101110110101101001010110110011111110111111111100000110
010010111001110010100101011000100101010001110011010011111111000110011101001001001111100111101100010010011010110100010101000011101110110101101001010110110011110010111111111100000110
011001011011110010100101011000100101010001110011010011111111000110100100100111110011110110001001001101011010001010100001110111011010110100101101000101011011111110111111111100000110
010010111001110010100101011000100101010001110011010011111111000110001101001001001111100111101100010010011010110100010101000011101110110101101001010110110011110010111111111100000110
010010111001110010100101011000100101010001110011010011111111000110001001011100011101100111101100010010011010110100010101000011101110110101101001010110110011110010111111111100000110
010010111001110010100101011000100101010001110011010011111111000110111011100111110011110110001001001101011010001010100001110111011010110100101101000101011011111110111111111100000110
010010111001110010100101011000100101010001110011010011110011111110001101001001001111100111101100010010011010110100010101000011101110110101101001010110110011110010111111111100000110
010010111001110010100101011000100101010001110011010011110011111110001101001001001111100111101100010010011010110100010101000011101110110101101001010110110011111110111111111100000110
010010111001110010100101011000100101010001110011010011111111000110101000111111111111100111101100010010011010110100010101000011101110110101101001010110110011110010111111111100000110
010010111001110010100101011000100101010001110011010011111111000110000010100111110011110110001001001101011010001010100001110111011010110100101101000101011011111110111111111100000110
010010111001110010100101011000100101010001110011010011111111000110101000111111111111100111101100010010011010110100010101000011101110110101101001010110110011111110111111111100000110
010010111001110010100101011000100101010001110011010011110011111110010101001001001111100111101100010010011010110100010101000011101110110101101001010110110011110010111111111100000110
010010111001110010100101011000100101010001110011010011111111000110100110001110110011110110001001001101011010001010100001110111011010110100101101000101011011111110111111111100000110
010010111001110010100101011000100101010001110011010011110011111110010101001001001111100111101100010010011010110100010101000011101110110101101001010110110011111110111111111100000110
010010111001110010100101011000100101010001110011010011111111000110000010011001001111100111101100010010011010110100010101000011101110110101101001010110110011100110111111111100000110
010010111001110010100101011000100101010001110011010011111111000100110011100111110011110110001001001101011010001010100001110111011010110100101101000101011011111110111111111100000110
010010111001110010100101011000100101010001110011010011111111000110000010100100111010010110001001001101011010001010100001110111011010110100101101000101011011111110111111111100000110
010010111001110010100101011000100101010001110011010011111111000110000010011001001111100111101100010010011010110100010101000011101110110101101001011010001010110010111111111100000110
010010111001110010100101011000100101010001110011010011111111001110100100100111110011110110001001001101011010001010100001110111011010110100101011011001011011111110111111111100000110
010010111001110010100101011000100101010001110011010011111111000110000010011001001111100111101100010010011010110100010101000011101110110101101001010110111001100011001100110001010100
