100010110011100100100110110011011011111111011001010010011110101000100111100011000110110010111001010000011110101100010001111000011001011000111010011010101111100010110000111010000010
100010111010000101010001101101111111101100101001001111010100010011110001100011011001011100101000001111010110001000111100001100011001011000111010011010101111100010110000111010000010
100010110011100100100001101101111111101100101001001111010100010011110001100011011001011100101000001111010110001000111100001100011001011000111010011010101111100010110000111010000010
100010001011000001011000100011011011111111011001010010011110101000100111100011000110110010111001010000011110101100010001111000011001011000111010011010101111100010110000111010000010
100010001001100100100001101101111111101100101001001111010100010011110001100011011001011100101000001111010110001000111100001100011001011000111010011010101111100010110000111010000010
100110000010010011011001101101111111101100101001001111010100010011110001100011011001011100101000001111010110001000111100001100011001011000111010011010101111100010110000111010000010
100110000010000101010001101101111111101100101001001111010100010011110001100011011001011100101000001111010110001000111100001100011001011000111010011010101111100010110000111010000010
100010001001100100100110110011011011111111011001010010011110101000100111100011000110110010111001010000011110101100010001111000011001011000111010011010101111100010110000111010000010
100010110011100111101000110011011011111111011001010010011110101000100111100011000110110010111001010000011110101100010001111000011001011000111010011010101111100010110000111010000010
100010110011100100100000110011011011111111011001010010011110101000100111100011000110110010111001010000011110101100010001111000011001011000111010011010101111100010110000111010000010
100010110011100100001010100011011011111111011001010010011110101000100111100011000110110010111001010000011110101100010001111000011001011000111010011010101111100010110000111010000010
100010001001100100100000110011011011111111011001010010011110101000100111100011000110110010111001010000011110101100010001111000011001011000111010011010101111100010110000111010000010
100010001011000001011111100011011011111111011001010010011110101000100111100011000110110010111001010000011110101100010001111000011001011000111010011010101111100010110000111010000010
100110000010010011110001101101111111101100101001001111010100010011110001100011011001011100101000001111010110001000111100001100011001011000111010011010101111100010110000111010000010
100010001011000010010001101101111111101100101001001111010100010011110001100011011001011100101000001111010110001000111100001100011001011000111010011010101111100010110000111010000010
100010110011100100011111100011011011111111011001010010011110101000100111100011000110110010111001010000011110101100010001111000011001011000111010011010101111100010110000111010000010
100010001011000001110100110011011011111111011001010010011110101000100111100011000110110010111001010000011110101100010001111000011001011000111010011010101111100010110000111010000010
100010110001000001011000100011011011111111011001010010011110101000100111100011000110110010111001010000011110101100010001111000011001011000111010011010101111100010110000111010000010
100010110001000001011111100011011011111111011001010010011110101000100111100011000110110010111001010000011110101100010001111000011001011000111010011010101111100010110000111010000010
100010001011000001011001110011011011111111011001010010011110101000100111100011000110110010111001010000011110101100010001111000011001011000111010011010101111100010110000111010000010
100010110011100100100111100011011011111111011001010010011110101000100111100011000110110010111001010000011110101100010001111000011001011000111010011010101111100010110000111010000010
100111010110110011110001101101111111101100101001001111010100010011110001100011011001011100101000001111010110001000111100001100011001011000111010011010101111100010110000111010000010
100010001001100111101000110011011011111111011001010010011110101000100111100011000110110010111001010000011110101100010001111000011001011000111010011010101111100010110000111010000010
100011101110100101010001101101111111101100101001001111010100010011110001100011011001011100101000001111010110001000111100001100011001011000111010011010101111100010110000111010000010
100010110011100100100110110011011011111111011001010010011110101000100111100011000110110010111001010000011110101100010001111000011000110010110001110100110101011111000101100001101110
100010001011000001011000100011011011111111011001010010011110101000100111100011000110110010111001010000011110101100010001111000011000110010110001110100110101011111000101100001101110
100011011101000100001010100011011011111111011001010010011110101000100111100011000110110010111001010000011110101100010001111000011001011000111010011010101111100010110000111010000010
100010001001100100100110110011011011111111011001010010011110101000100111100011000110110010111001010000011110101100010001111000011000110010110001110100110101011111000101100001101110
100010110011100111101000110011011011111111011001010010011110101000100111100011000110110010111001010000011110101100010001111000011000110010110001110100110101011111000101100001101110
100010110011100100100000110011011011111111011001010010011110101000100111100011000110110010111001010000011110101100010001111000011000110010110001110100110101011111000101100001101110
100010110011100100001010100011011011111111011001010010011110101000100111100011000110110010111001010000011110101100010001111000011000110010110001110100110101011111000101100001101110
100010001001100100100000110011011011111111011001010010011110101000100111100011000110110010111001010000011110101100010001111000011000110010110001110100110101011111000101100001101110
