110110011111100001111110011011010001010110000011001011010110111110011101110110101010111010010001110011111100111110011011101000001100100110001000110001101101111110100101101010100100
111000011100100011110110011011010001010110000011001011010110111110011101110110101010111010010001110011111100111110011011101000001100100110001000110001101101111110100101101010100100
111000011111100001111110011011010001010110000011001011010110111110011101110110101010111010010001110011111100111110011011101000001100100110001000110001101101111110100101101010100100
111000011100100001111110011011010001010110000011001011010110111110011101110110101010111010010001110011111100111110011011101000001100100110001000110001101101111110100101101010100100
111000011100111001110100111111010001010110000011001011010110111110011101110110101010111010010001110011111100111110011011101000001100100110001000110001101101111110100101101010100100
111000010111100001111110011011010001010110000011001011010110111110011101110110101010111010010001110011111100111110011011101000001100100110001000110001101101111110100101101010100100
111000011100100011110100111111010001010110000011001011010110111110011101110110101010111010010001110011111100111110011011101000001100100110001000110001101101111110100101101010100100
111000011100100011111110011011010001010110000011001011010110111110011101110110101010111010010001110011111100111110011011101000001100100110001000110001101101111110100101101010100100
111000011101001000111110011011010001010110000011001011010110111110011101110110101010111010010001110011111100111110011011101000001100100110001000110001101101111110100101101010100100
111000011100111001111110011011010001010110000011001011010110111110011101110110101010111010010001110011111100111110011011101000001100100110001000110001101101111110100101101010100100
011100001111100001111110011011010001010110000011001011010110111110011101110110101010111010010001110011111100111110011011101000001100100110001000110001101101111110100101101010100100
110110011111100001111110011011010001010110000011001011010110111110011101110110101010111010010001110001010101111110011011101000001100100110001000110001101101111110100101101010100100
110110011111100001111110011011010001010110000011001011010110111110011101110011111000111010010001110011111100111110011011101000001100100110001000110001101101111110100101101010100100
110110011111100001111110011011010001010110000011001011010110111110011101110110101010111010010001110011111100110100111111101000001100100110001000110001101101111110100101101010100100
110110011111100001111110011011010001010110000011001011010110111110011101110110101010111010010001110011111100111110011011101001110100100110001000110001101101111110100101101010100100
110110011111100001111110011011010001010110000011001011010110111110011101110110101010111010010001110011111100111110001110100000001100100110001000110001101101111110100101101010100100
110110011111100001111110011011010001010110000011001011000011110110011101110110101010111010010001110011111100111110011011101000001100100110001000110001101101111110100101101010100100
110110011111100001111110011011111011000110000011001011010110111110011101110110101010111010010001110011111100111110011011101000001100100110001000110001101101111110100101101010100100
111000011100100011110110011111010001010110000011001011010110111110011101110110101010111010010001110011111100111110011011101000001100100110001000110001101101111110100101101010100100
110110011111100001111110011011010001010110000011001011010110111110011101110110101010111010010001110011111100111110011011101000001100100011011010110001101101111110100101101010100100
110110011111100001111110011011010001010110000011001011010110111110011101110110101010111010010001110011111100111110011011101000001100100110001000110001101100101010000101101010100100
110110011111100001111110011011010001010110000011001011010110111110011101110110101010111010010001110011111001101100011011101000001100100110001000110001101101111110100101101010100100
110110011111100001111110011011010001010100101010001011010110111110011101110110101010111010010001110011111100111110011011101000001100100110001000110001101101111110100101101010100100
110110011111100001111110011011010001010110000011001011010110111110011101110110101010111010010000100111011100111110011011101000001100100110001000110001101101111110100101101010100100
110110011111100001111110011011010001010110000011001011010110111110010101100010101010111010010001110011111100111110011011101000001100100110001000110001101101111110100101101010100100
110110011111100001111110010011010001010110000011001011010110111110011101110110101010111010010001110011111100111110011011101000001100100110001000110001101101111110100101101010100100
010010001100111001110100111111010001010110000011001011010110111110011101110110101010111010010001110011111100111110011011101000001100100110001000110001101101111110100101101010100100
010010001100110101111110011011010001010110000011001011010110111110011101110110101010111010010001110011111100111110011011101000001100100110001000110001101101111110100101101010100100
111000011100100011110110011100110111010100101010001011010110111110011101110110101010111010010001110011111100111110011011101000001100100110001000110001101101111110100101101010100100
110110011111100001111110011011010001010110000011001011010110111110011101110110101010111010010001110011111100111110011011101001011000000110001000110001101101111110100101101010100100
110110011111100001111110011011010001010110000011001011010110111110011101110110101010111010010001110011111100111110011011101000001100100110000010010101101101111110100101101010100100
110110011111100001111110011011010001010110000011001011010110111110011101110110101010111010111011100011111100111110011011101000001100100110001000110001101101111110100101101010100100
