101101111001010011100011110011000000110000010111110010001110000111010111000011000111100001100001101100010100011100110100111100101110000011110110111110101111101101110101011011001010
101101111001010011100011110011000000110000010111110010001110000111010111000011000111100001100001100110111100001001110010100100011010110101011101101010101001100010011011110110010010
101101111001010011100011110011000000110000010111110010001110000111010111000011000111100001100001100110111100001001110010100100011010110101011101101010101001100011111001010000111010
101101111001010011100011110011000000110000010111110010001110000111010111000011000111100001100001100110111100001001110010100100011010110101011101101010101001100011111001010000110010
101101111001010011100011110011000000110000010111110010001110000111010111000011000111100001100001100110111100001001110010100100011010110101011101101010101001100011111001111100111010
101101111001010011100011110011000000110000010111110010001110000111010111000011000111100001100001100110111100001001110010100100011010110101011101101010101001100011100110100010110010
101101111001010011100011110011000000110000010111110010001110000111010111000011000111100001100001100110111100001001110010100100011010110111000110101011100111100110100001001100011010
101101111001010011100011110011000000110000010111110010001110000111010111000011000111100001100001100110111100001001110010100100011010110101011101101010101001100010011011110110010000
101101111001010011100011110011000000110000010111110010001110000111010111000011000111100001100001101100010101001000101010000110000001110011101101111111100001101001111100010100111010
101101111001010011100011110011000000110000010111110010001110000111010111000011000111100001100001100110111100001001110010100100011010110101011101101010101001100011111001010000101001
101101111001010011100011110011000000110000010111110010001110000111010111000011000111100001100001100110111100001001110010100100011010110111000110101011100111100110100001001100010010
101101111001010011100011110011000000110000010111110010001110000111010111000011000111100001100001101100010100011100110100111100101110000011110110111110101111101101100001000010110100
101101111001010011100011110011000000110000010111110010001110000111010111000011000111100001100001100110111100001001110010100100011010100011011000110111110001001100010000001001001000
101101111001010011100011110011000000110000010111110010001110000111010111000011000111100001100001100110111100001001110010100100011010110101011101101010101001100010011011110000001100
101101111001010011100011110011000000110000010111110010001110000111010111000011000111100001100001100110111100001001110010100100011010110101011101101010101001100011101010111101101100
101101111001010011100011110011000000110000010111110010001110000111010111000011000111100001100001100110111100001001110010100100011010110111000110101011100111100110110111100101001000
101101111001010011100011110011000000110000010111110010001110000111010111000011000111100001100001100110111100001001110010100100011010110111000110101011100111100110100001001100011000
101101111001010011100011110011000000110000010111110010001110000111010111000011000111100001100001101100010100011100110100111100101110000011111010001101010111001111001101000010011000
101101111001010011100011110011000000110000010111110010001110000111010111000011000111100001100001100110111100001001110010100100011010110101011101101010101001100011111001010000110110
101101111001010011100011110011000000110000010111110010001110000111010111000011000111100001100001101100010101001000101010000110000001110011101101111111100001101000111000010100000100
101101111001010011100011110011000000110000010111110010001110000111010111000011000111100001100001100110111100001001110010100100011010110111000110101011100111100110100001001100011110
101101111001010011100011110011000000110000010111110010001110000111010111000011000111100001100001101100010100011100110100111100101110000011110110111110101111101101101111101111101100
101101111001010011100011110011000000110000010111110010001110000111010111000011000111100001100001101100010100011100110100111100101110000011110110111110101111101101100001000011101100
101101111001010011100011110011000000110000010111110010001110000111010111000011000111100001100001100110111100001001110010100100011010110101011101101010101001100010010111101001001000
101101111001010011100011110011000000110000010111110010001110000111010111000011000111100001100001100110111100001001110010100100011010110101011101101010101001100010101000000011101100
101101111001010011100011110011000000110000010111110010001110000111010111000011000111100001100001100110111100001001110010100100011010110101011101101010101001100011110000101011110010
101101111001010011100011110011000000110000010111110010001110000111010111000011000111100001100001100110111100001001110010100100011010110101011101101010101001100011111001111100110110
101101111001010011100011110011000000110000010111110010001110000111010111000011000111100001100001100110111100001001110010100100011010110101011101101010101001100011111001010000101000
101101111001010011100011110011000000110000010111110010001110000111010111000011000111100001100001100110111100001001110010100100011010110101011101101010101001100010010001010101011110
101101111001010011100011110011000000110000010111110010001110000111010111000011000111100001100001101100010100011100110100111100101110000011110110111110101111101101110101011011001000
101101111001010011100011110011000000110000010111110010001110000111010111000011000111100001100001100110111100001001110010100100011010110101011101101010101001100010010001010101011100
101101111001010011100011110011000000110000010111110010001110000111010111000011000111100001100001100110111100001001110010100100011010110111000110101011100111100110110101001000111100
