010010010001001001100000101111100010000100010010100101101110000000011011100010011110100011100100110111100100111101010010000111100101001010101010110111011100110001010110100001000101
001000100100110000010111110001000010001001010010110111000000001101110001001111010001110010011011110010011110101001000011110010100101010101011011101110011000100011100010001011010100
010010010001001001100000101111100010000100010010100101101110000000011011100010011110100011100100110111100100111101010010000111100101001010101010110111011100110001000111000101001101
001000100100110000010111110001000010001001010010110111000000001101110001001111010001110010011011110010011110101001000011110010100101010101011011101110011000101000001001001111101001
010010010001001001100000101111100010000100010010100101101110000000011011100010011110100011100100110111100100111101010010000111100101001010101010110111011100110001010001000101001101
010010010001001001100000101111100010000100010010100101101110000000011011100010011110100011100100110111100100111101010010000111100101001010101010110110101011100101001110101011100001
001000100100110000010111110001000010001001010010110111000000001101110001001111010001110010011011110010011110101001000011110010100101010101011011101110011000100010000100010111001101
001000100100110000010111110001000010001001010010110111000000001101110001001111010001110010011011110010011110101001000011110010100101010101011011101110011000100011100010100111011001
010010010001001001100000101111100010000100010010100101101110000000011011100010011110100011100100110111100100111101010010000111100101001010101010110111011100110001010001000110000001
001000100100110000010111110001000010001001010010110111000000001101110001001111010001110010011011110010011110101001000011110010100101010101011011101110011000100010010011101100100100
001000100100110000010111110001000010001001010010110111000000001101110001001111010001110010011011110010011110101001000011110010100101010101011011101110011000100010001110101011100001
010010010001001001100000101111100010000100010010100101101110000000011011100010011110100011100100110111100100111101010010000111100101001010101010110111011100110001010010010111001101
001000100100110000010111110001000010001001010010110111000000001101110001001111010001110010011011110010011110101001000011110010100101010101100100110101110011001100000011101100100100
001000100100110000010111110001000010001001010010110111000000001101110001001111010001110010011011110010011110101001000011110010101010111101101110010001110110101110010110101011100001
001000100100110000010111110001000010001001010010110111000000001101110001001111010001110010011011110010011110101001000011110010100101010101011011101110011000100011100010100111010100
010010010001001001100000101111100010000100010010100101101110000000011011100010011110100011100100110111100100111101010010000111100101001010101011001001101011100111001110101011100001
010010010001001001100000101111100010000100010010100101101110000000011011100010011110100011100100110111100100111101010010000111100101001010101010110111011100110001000100001011100001
001000100100110000010111110001000010001001010010110111000000001101110001001111010001110010011011110010011110101001000011110010100101010101011011101110011000100010010011101100100001
010010010001001001100000101111100010000100010010100101101110000000011011100010011110100011100100110111100100111101010010000111100101001010101010110111011100110001010110100001000100
001000100100110000010111110001000010001001010010110111000000001101110001001111010001110010011011110010011110101001000011110010100101010101011011101110011000100010010110101011100001
010010010001001001100000101111100010000100010010100101101110000000011011100010011110100011100100110111100100111101010010000111100101001010101010110111011100110001010010001011100001
001000100100110000010111110001000010001001010010110111000000001101110001001111010001110010011011110010011110101001000011110010100101010101011011101110011000101001010010001011100001
010010010001001001100000101111100010000100010010100101101110000000011011100010011110100011100100110111100100111101010010000111100101001010101010110111011100110001010110100111011001
001000100100110000010111110001000010001001010010110111000000001101110001001111010001110010011011110010011110101001000011110010100101010101011011101110011000101001111001100011101001
001000100100110000010111110001000010001001010010110111000000001101110001001111010001110010011011110010011110101001000011110010100101010101011011101110011000100011100010100111010011
001000100100110000010111110001000010001001010010110111000000001101110001001111010001110010011011110010011110101001000011110010100101010101011011101110011000100011100010001011100001
001000100100110000010111110001000010001001010010110111000000001101110001001111010001110010011011110010011110101001000011110010100101010101011011101110011000101000111010101101111100
001000100100110000010111110001000010001001010010110111000000001101110001001111010001110010011011110010011110101001000011110010100101010101011011101110011000101000111010101011100001
001000100100110000010111110001000010001001010010110111000000001101110001001111010001110010011011110010011110101001000011110010100101010101011011101110011000101001101110101011100001
010010010001001001100000101111100010000100010010100101101110000000011011100010011110100011100100110111100100111101010010000111100101001010101010110111011100110001000100001000100100
001000100100110000010111110001000010001001010010110111000000001101110001001111010001110010011011110010011110101001000011110010100101010101011011101110011000101001001011100110000001
001000100100110000010111110001000010001001010010110111000000001101110001001111010001110010011011110010011110101001000011110010100101010101011011101110011000101011010011101100100001
