101010011110110010011011000111100111000001010101011010100101000001100010010011111101101100101100101100101111011111100101011010001000010011110011111010000100000001000000011101111000
101011010111000110111001110000100111100111010100101010110101001010000011000100100111111011011001011001011001011110111111001010110100010000100111100111110100001100100101001110111000
101010011000011101100100110110001111001110000010101010110101001010000011000100100111111011011001011001011001011110111111001010110100010000100111100111110100001100100101001110111000
000000001110110010011011000111100111000001010101011010100101000001100010010011111101101100101100101100101111011111100101011010001000010011110011111010000100000001000000011101111000
101011010111000110111001110000100111110110110011010010110101001010000011000100100111111011011001011001011001011110111111001010110100010000100111100111110100001100100101001110111000
101011010111000110111001110000100101011110010100101010110101001010000011000100100111111011011001011001011001011110111111001010110100010000100111100111110100001100100101001110111000
101010011110100100101011010010101111001010010101011010100101000001100010010011111101101100101100101100101111011111100101011010001000010011110011111010000100000001000000011101111000
101011010111000110111001110000001101110111000010101010110101001010000011000100100111111011011001011001011001011110111111001010110100010000100111100111110100001100100101001110111000
101010011110100100010000110110001111001110000010101010110101001010000011000100100111111011011001011001011001011110111111001010110100010000100111100111110100001100100101001110111000
101010011110110010011011000111100111000001101001011010100101000001100010010011111101101100101100101100101111011111100101011010001000010011110011111010000100000001000000011101111000
101010011110100101001110001000110010111110110100101010110101001010000011000100100111111011011001011001011001011110111111001010110100010000100111100111110100001100100101001110111000
101010011110100100000101110100001001110001011010101010110101001010000011000100100111111011011001011001011001011110111111001010110100010000100111100111110100001100100101001110111000
101010011000011011100001010110100101011110010100101010110101001010000011000100100111111011011001011001011001011110111111001010110100010000100111100111110100001100100101001110111000
101010010011000101101110010010011111000101101011010010110101001010000011000100100111111011011001011001011001011110111111001010110100010000100111100111110100001100100101001110111000
101010011110110010011011000111100111001011010101011010100101000001100010010011111101101100101100101100101111011111100101011010001000010011110011111010000100000001000000011101111000
101011010111000110111001110000100111110110100110101010110101001010000011000100100111111011011001011001011001011110111111001010110100010000100111100111110100001100100101001110111000
101011010111000110111001110000000011010110110011010010110101001010000011000100100111111011011001011001011001011110111111001010110100010000100111100111110100001100100101001110111000
101011010111000110111001110000111111110011110011101010110101001010000011000100100111111011011001011001011001011110111111001010110100010000100111100111110100001100100101001110111000
000000001110110010011011000111100111000001101001011010100101000001100010010011111101101100101100101100101111011111100101011010001000010011110011111010000100000001000000011101111000
110001100100000011111110011101111010110101101001011010100101000001100010010011111101101100101100101100101111011111100101011010001000010011110011111010000100000001000000011101111000
110001100100000011111110110100001001110001011010101010110101001010000011000100100111111011011001011001011001011110111111001010110100010000100111100111110100001100100101001110111000
000000001110110010011011000111100111001011010101011010100101000001100010010011111101101100101100101100101111011111100101011010001000010011110011111010000100000001000000011101111000
110001100100000011111110011110001111001110000010101010110101001010000011000100100111111011011001011001011001011110111111001010110100010000100111100111110100001100100101001110111000
000000001110110010011011000111100111000000001101011010100101000001100010010011111101101100101100101100101111011111100101011010001000010011110011111010000100000001000000011101111000
000000001110110010011011000111100111000001010000001000100101000001100010010011111101101100101100101100101111011111100101011010001000010011110011111010000100000001000000011101111000
110001100100000011111110010010011111000101101011010010110101001010000011000100100111111011011001011001011001011110111111001010110100010000100111100111110100001100100101001110111000
110001100100000011111110011110000101001110000010101010110101001010000011000100100111111011011001011001011001011110111111001010110100010000100111100111110100001100100101001110111000
110001100100000011111110011101111010110101001001011010100101000001100010010011111101101100101100101100101111011111100101011010001000010011110011111010000100000001000000011101111000
000000001110110010011011000111100111000001011010101010110101001010000011000100100111111011011001011001011001011110111111001010110100010000100111100111110100001100100101001110111000
000000001110110010011011000111100111001011010110101010110101001010000011000100100111111011011001011001011001011110111111001010110100010000100111100111110100001100100101001110111000
110001100100000011111110011101111010110101101100001000100101000001100010010011111101101100101100101100101111011111100101011010001000010011110011111010000100000001000000011101111000
110001100100000011111110011101111010110101101100001110110101001010000011000100100111111011011001011001011001011110111111001010110100010000100111100111110100001100100101001110111000
