010011000010001101000110010000110100100011010000100000100000001101111000001101011110110001100010010010100101101010111011111111000110101000101110010101011001111111100001100001110011
010011000010001101000110010111001010001010111000000001101101101111100000011001101100110011010110011001010111110100001100011010011100001011011110010101011001111111100001100001110011
010011000010001101000110010111001010001010111000000001101101101111100000011001101100110011010110011001010111110100001100011010011100001011001101001000101101111111100001100001110011
010011000010001101000110010000110100100011010000100010011000000110110010001000010101010111101110011010000110110100001100011010011100001011011110010101011001111111100001100001110011
010011000010001101000110010111001010001010111000000001101101101111100000011001101100110011010110011001001001000101011011010101010110111110101100000010101110001011000001100001110011
010011000010001101000110010111001010001010111000110110011000000110110010001000010101010111101110011010000110110100001100011010011100001011011110010101011001111111100001100001110011
010011000010001101000110010000110100100011010000100000100000001101111000001101011001111101100011001101111000110010010100110000110101001010111100011110101011110101100011101001100111
010011000010001101000110010000110100100011010000100000100000001101111000001101011001111101100011001101111000110010010100110000110101001010111111011100001101000100100011101001100111
010011000010001101000110010000110100100011010000100010011000000110110010001000010101010111101110011010000110110100001100011010011100001011001101001000101101111111100001100001110011
010011000010001101000110010000110100100011010000100000100000001100101100101101110100011101001001011101101110101011110111110001011000111111011110010101011001111111100001100001110011
010011000010001101000110010000110100100011010000100000100000001101111000001101011110110001100110101100110010101111101001101110001111000110000001100010000100011011001100110011110011
010011000010001101000110010000110100100011010000100000100000001101111000001101011110110001100010101011100101010100000000101110110110010001010111101001101111011111100001100001110011
010011000010001101000110010000110100100011010000100010110111110001011001000100111100101010011000101010001010010110100000011111100011000011010100101011101010110000010011101001100111
010011000010001101000110010000110100100011010000100000100000001101111000001101011110110001100010010010100101101010111011111111000110101000101110010101011001111111100100110011110011
010011000010001101000110010111001010001010111000000001101101101111100000011001101100110011010110011001001001000101011011010101010110111110101100110100100111110110101110100100000111
010011000010001101000110010000110100100011010000100000100000001101111000001101011110110001100010010010100101101010111011111111000110101000101110010101011001111111100011101001100111
010011000010001101000110010000110100100011010000100000100000001101111000001101011110110001100110101100110010010010001010110110101010101101111101001011110110100010101110100100000111
010011000010001101000110010111001010001010111000000001101101101111100000011001101100110011010110011001010111110100001100011010011100001011011110010101011001111111100011101001100111
010011000010001101000110010000110100100011010000100000100000001101111000001101011110110001100110101100110010010010001010110110101010101101111101001011011100110010111010100110110011
010011000010001110001001100111100111011100101000101011100000000110110110111110000001100110110011001101011001100101011111010100110001101001110000101011011100110010111010100110110011
010011000010001101000110010111001010001010111000000001101101101111100000011001101100110011010110011001001001000101011011010101010110111110100101100000010000000011001000100000101000
010011000010001101000110010000110100100011010000100000100000001101111000001101011110110001100110101100110010101111101001000100011111010000011100101011011100110010111010100110110011
010011000010001101000110010111001010001010111000000001101101101111100000011001101100110011010110011001010111110100001100011010011100001011001101001000101110101001101000100000101000
010011000010001101000110010000110100100011010000100000100000001101111000001101011110110001100110101100110010101111101001101110001111000110000110101111100110010001001000100000101000
010011000010001011011011100101010110011111001101111010011001010010010110111100011010001110101010111101101111000100100010110111011011100110101100101011011100110010111010100110110011
010011000010001101000110010111001010001010111000000001101101101111100000011001101100110011010110011001001001000101011011010101010110111110100101100001101111111101001000100000101000
010011000010001101000110010111001010001010111000000001101101101111100000011001101100110011010110011001001001000101011011010101010110111110100101100000010000000010010000101010001100
010011000010001101000110010000110100100011010000100000100000001101111000001101011001111101100011001101111000110010010100110000110101001010111001111011111010110000010000101010001100
010011000010001101000110010000110100100011010000100000100000001101111000001101011110110001100110101100110010101111101001101110001111000110000110101111100110100011001000100000101000
010011000010001101000110010000110100100011010000100010011000000110110010001000010101010111101110011010000110110100001100011010011100001011001101001000101110101001101000100000101000
010011000010001101000110010111001010001010111000000001101101101111100000011001101100110011010110011001001001000101011011010101010110111110100101100000010000000010110000101010001100
010011000010001101000110010000110100100011010000100000100000001100101100101101110100011101001001011101101110101011110111110001011000111101000101100000010000000011001000100000101000
