011100111111110011000011110101111010110001001000110110110111101001001111000000000000001001100101000101100110111001101111000110000011000010001000101111001111000110101101010001000101
011100111111110011000011110101111010110001001000110110110111101001001111000000000000001001100101000101100110111001101111000110000011000110100001000100001110010010001101010001000101
100010111001111111100110000111101011110101100010010001101101101111010010011110000000000000010011001010001011001101110011011110001100000110001011100000010110001001001101010001000101
011100111111110011000011110101111010110001001000110110110111101001001111000000000000001001100101000101100110111001101111000110000011000110100001000000110110011001001101010001000101
100010111001111111100110000111101011110101100010010001101101101111010010011110000000000000010011001010001011001101110011011110001100000110000100010001011110000010001101010001000101
011100111111110011000011110101111010110001001000110110110111101001001111000000000000001001100101000101100110111001101111000110000011000010001000101111000110011001001101010001000101
100010111001111111100110000111101011110101100010010001101101101111010010011110000000000000010011001010001011001101110011011110001100010011011001100010100001110000100001010001000101
011100111111110011000011110101111010110001001000110110110111101001001111000000000000001001100101000101100110111001101111000110000010101000111110100000010110001001001101010001000101
100010111001111111100110000111101011110101100010010001101101101111010010011110000000000000010011001010001011001101110011011110001100000110000100010001011110011110001101010001000101
100010111001111111100110000111101011110101100010010001101101101111010010011110000000000000010011001010001011001101110011011110001100000110000100010001011110001001001101010001000101
011100111111110011000011110101111010110001001000110110110111101001001111000000000000001001100101000101100110111001101111000110000010000011011111000000110001111000010111001011011110
011100111111110011000011110101111010110001001000110110110111101001001111000000000000001001100101000101100110111001101111000110000011000110100001000000100001101011000011010001000101
011100111111110011000011110101111010110001001000110110110111101001001111000000000000001001100101000101100110111001101111001001001011001110000001000100010110001001001101010001000101
011100111111110011000011110101111010110001001000110110110111101001001111000000000000001001100101000101100110111001101111000110000011000110100001000011111101011101000011010001000101
011100111111110011000011110101111010110001001000110110110111101001001111000000000000001001100101000101100110111001101111000110000011000110100001000000110110010010001101010001000101
011100111111110011000011110101111010110001001000110110110111101001001111000000000000001001100101000101100110111001101111000110000011000000100010001010010110001001001101010001000101
011100111111110011000011110101111010110001001000110110110111101001001111000000000000001001100101000101100110111001101111000110000011000000101000010001010110001001001101010001000101
011100111111110011000011110101111010110001001000110110110111101001001111000000000000001001100101000101100110111001101111000110000011000011011111000000110001111000010111001011011110
011100111111110011000011110101111010110001001000110110110111101001001111000000000000001001100101000101100110111001101111000110000011000010001000101111000001000110101101010001000101
011100111111110011000011110101111010110001001000110110110111101001001111000000000000001001100101000101100110111001101111000110000011000010001000101110010010110111100001000010011110
011100111111110011000011110101111010110001001000110110110111101001001111000000000000001001100101000101100110111001101111000110000011000110100001000101110000011011101010111111011110
011100111111110011000011110101111010110001001000110110110111101001001111000000000000001001100101000101100110111001101111000110000011000110100001000111010010101111000011010001000101
011100111111110011000011110101111010110001001000110110110111101001001111000000000000001001100101000101100110111001101111000110000011000110100001001100001110010010001101010001000101
011100111111110011000011110101111010110001001000110110110111101001001111000000000000001001100101000101100110111001101111000110000011000101101111010101111001110011010110000110101100
011100111111110011000011110101111010110001001000110110110111101001001111000000000000001001100101000101100110111001101111000110000011000111011010101111001111000110101101010001000101
011100111111110011000011110101111010110001001000110110110111101001001111000000000000001001100101000101100110111001101111000110000011000110100001000101110000011011100100010000011110
011100111111110011000011110101111010110001001000110110110111101001001111000000000000001001100101000101100110111001101111000110000000000011011111000000110001111000010111001011011110
100010111001111111100110000111101011110101100010010001101101101111010010011110000000000000010011001010001011001101110011011110001100000110001011100010100001110000100001010001000101
100010111001111111100110000111101011110101100010010001101101101111010010011110000000000000010011001010001011001101110011011110001100000110001101000010000111111010111110001011011110
011100111111110011000011110101111010110001001000110110110111101001001111000000000000001001100101000101100110111001101111000110000011000010001000101111000110101110011110100110101100
100011101101101110001101000111101011110101100010010001101101101111010010011110000000000000010011001010001011001101110011011110001100010011011001100010100001110000100001010001000101
011100111111110011000011110101111010110001001000110110110111101001001111000000000000001001100101000101100110111001101111000110000011000110100001000011010011010100010010011111011110
