100011101101101000100100111111010101101111011110010010010111111011010111011100111011101011101000010010100101101110000100101101101110110101111010101111110001111010010001001000110001
100011101101101000100100111111010101101111011110010010010111111011010111011100111011101000100111010010100101101110000100101101101110110101111010101111110001111010010001001000110001
100011101101101000100101000010110111110100110101101111100010011001001100001110010010000011101001010010110111000010010110110111011010111101010011010000110110111001011110111001110001
100011101101101000100101000010110111110100001111010000010101000110110011001010101100010010110010101111011001011001001101000111110001110101100100010001111111000000011110111001110001
100011101101101000100100111111010101101111011110010010010111111011010111011100111101011110110010101111011001011001001101000111110001110101100100010001111111000000011110111001110001
100011101101101000100100111111010101101111011110010010010111111011010111011111110101101001010111101100101100100110100011111000111010111110110111101100000111000000011110111001110001
100011101101101000100101000010110111110100001111010000010101000110110011001010101111110010010111101100101100100110100011111000111010111110110111101100000111000000011110111001110001
100011101101101000100101000010110111110100110101101111100010011001001100001110010010000011101001010010110111000010010110110111011010111101010111111000101111000000011110111001110001
100011101101101000100101000010110111110100001111010000010101000110110011001010101111110010010110000000101001110100100001000100000010001110010100000100110111000000011110111001110001
100001000101011011010011101110110010010100110101101111100010011001001100001110010010000011101001010010110111000010010110110111011010111101010011010000110110111001011110111001110001
100011101101101000100100111111010101101111011110010010010111111011010111011111110101101001010111101100101100100110100011110010000000100111010100000100110111000000011110111001110001
100011101101101000100100111111010101101111011110010010010111111011010111011100111011000011000111010010100101101110000100101101101110110101111010101111110001111010010001001000110001
100011101101101000100101000010110111110100001111010000010101000110110011001010101111111010110010101111011001011001001101000111110001110101100100010001111111000000011110111001110001
100011101101101000100101000010110111110100001111010000010101000110110011001010101111110001101001010010110111000010010110110111011010111101010011010000110110111001011110111001110001
100011101101101000100101000010110111110100001111010000010101000110110011001010101111110010010111101100101100100110100011110010000000100111010100000100110111000000011110111001110001
100001000101011011010011101110110010010100110101101111100010011001001100001110010010000011101001010010110111000010010110110111011010111101010111111000101111000000011110111001110001
100011101101101000100101000010110111110100001111010000010101000110110011001010101111110010001001010010110111000010010110110111011010111101010011010000110110111001011110111001110001
100011101101101000100101000010110111110100110101101111100010011001001100001110010010000011101000010010100101101110000100101101101110110101111010101111110001111010010001001000110001
100011101101101000100100111111010101101111011110010010010111111011010111011100111010110100001001010010110111000010010110110111011010111101010011010000110110111001011110111001110001
100011101101101000100100111111010101101111011110010010010111111011010111011100111011101011101000010010100101101110000100101101101110110101111010100110100001101111010111100100000100
100011101101101000100100111111010101101111011110010010010111111011010111011100111011101000100111010010100101101110000100101101101110110101111010100110100001101111010111100100000100
100011101101101000100100111111010101101111011110010010010111111011010111011100111011101011101000010010100101101110000100101101101110110101111010100110100000000001110111101110010000
100011101101101000100100111111010101101111011110010010010111111011010111011100111011101000100111010010100101101110000100101101101110110101111010100110100000000001110111101110010000
100011101101101000100100111111010101101111011110010010010111111011010111011100111011101011101000010010100101101110000100101101101110110101111010100110100001101101110010111100010000
100011101101101000100101000010110111110100001111010000010101000110110011001010101111110010010110000000101001110100100001000100000010110000101000100001111000000001110111101110010000
100011101101101000100100111111010101101111011110010010010111111011010111011100111011101011101000010010100101101110000100101101101110110101111010100110100001101111010111100010011111
100011101101101000100100111111010101101111011110010010010111111011010111011100111011000011000111010010100101101110000100101101101110110101111010100110100001101111010111100100000100
100011101101101000100100111111010101101111011110010010010111111011010111011100111011101000100111010010100101101110000100101101101110110101111010100110100001101101110010111100010000
100011101101101000100101000010110111110100110101101111100010011001001100001110010010000011101001010010110111000010010110110111011010111101010011010000110110111001011110001000000100
100011101101101000100101000010110111110100110101101111100010011001001100001110010010000011101001010010110111000010010110110111011010111101010011010000110110111000110101100010011111
100011101101101000100101000010110111110100001111010000010101000110110011001010101111111010110110111100011011010001001100001111101100111001100000001100011001000010110111111000101010
100011101101101000100100111111010101101111011110010010010111111011010111011100111011000011000111010010100101101110000100101101101110110101111010100110100000000001110111101110010000
