110110011111100001111110011011010001010110000011001011010110111110011101110110101010111010010001110011111100111110011011101000001100100110001000110001101101111110100101101010100100
111000011111100001111110011011010001010110000011001011010110111110011101110110101010111010010001110011111100111110011011101000001100100110001000110001101101111110100101101010100100
111000011100100011110110011011010001010110000011001011010110111110011101110110101010111010010001110011111100111110011011101000001100100110001000110001101101111110100101101010100100
111000011100100001111110011011010001010110000011001011010110111110011101110110101010111010010001110011111100111110011011101000001100100110001000110001101101111110100101101010100100
110110011111100001111110011011010001010110000011001011010110100100101111101110010010111010010001110011111100111110011011101000001100100110001000110001101101111110100101101010100100
110110011111100001111110011011010001010110000011001011010110111110011101110110101010111010010001110011111100111110011011101000001100100110001000110001101100101010000101101010100100
110110011111100001111110011011010001010110000011001011010110111110011101110110101011101000100011110011111100111110011011101000001100100110001000110001101101111110100101101010100100
110110011111100001111110011011010001010110000011001011010110111110011101110110101010111010010001110011111100111110011011101000001100100110001000110001101001111110100101101010100100
010010011111100001111110011011010001010110000011001011010110111110011101110110101010111010010001110011111100111110011011101000001100100110001000110001101101111110100101101010100100
110110011111100001111110011011010001010110000011001011010110111110011101110110101010111010010001110011111100111110011011101000011110111101010100001001101101111110100101101010100100
110110011111100001111110011011010001010110000011001011010110111110011101110110101010111010010001110011111100111110011011101000011110111101010100001011101101111110100101101010100100
111010011111100001111110011011010001010110000011001011010110111110011101110110101010111010010001110011111100111110011011101000001100100110001000110001101101111110100101101010100100
110110011111100001111110011011010001010110000011001011010110111110011101110110101010111010010001110011111100111110011111111000001100100110001000110001101101111110100101101010100100
110111001011000001111110011011010001010110000011001011010110111110011101110110101010111010010001110011111100111110011011101000001100100110001000110001101101111110100101101010100100
100110011111100001111110011011010001010110000011001011010110111110011101110110101010111010010001110011111100111110011011101000001100100110001000110001101101111110100101101010100100
010110011111100001111110011011010001010110000011001011010110111110011101110110101010111010010001110011111100111110011011101000001100100110001000110001101101111110100101101010100100
110110011111100001111110011011010001010110000011001011010110111110011111011111101010111010010001110011111100111110011011101000001100100110001000110001101101111110100101101010100100
110110011111100001111110011011010001010110000011001011010110111110011101110110101010101111011001110011111100111110011011101000001100100110001000110001101101111110100101101010100100
001110011111100001111110011011010001010110000011001011010110111110011101110110101010111010010001110011111100111110011011101000001100100110001000110001101101111110100101101010100100
110110011111100001111110011011010001010110000011001011010110111110011101110110101011111101101011110011111100111110011011101000001100100110001000110001101101111110100101101010100100
111000011101001000111110011011010001010110000011001011010110111110011101110110101010111010010001110011111100111110011011101000001100100110001000110001101101111110100101101010100100
110110011111100001111110011011010001010110000011001011010110010100001101110110101010111010010001110011111100111110011011101000001100100110001000110001101101111110100101101010100100
110010011111100001111110011011010001010110000011001011010110111110011101110110101010111010010001110011111100111110011011101000001100100110001000110001101101111110100101101010100100
110110011111100001111110011011010001010110000011001011010110111110010010111010101010111010010001110011111100111110011011101000001100100110001000110001101101111110100101101010100100
110110011111100001111110011011010001010110000011001011010110111110011101110110111001101010010001110011111100111110011011101000001100100110001000110001101101111110100101101010100100
110110011111100001111110011011010001010110000011001011010110111110011101110110101011101000100011110001010101111110011011101000001100100110001000110001101101111110100101101010100100
110110011111100001111110011011010001010110000011001011010110111110011101110110101010111010010000100111011100111110011011101000001100100110001000110001101101111110100101101010100100
110110011111100001111110011011010001010110000011001011010110111110010101100010101010111010010001110011111100111110011011101000001100100110001000110001101101111110100101101010100100
110110011111100001111110011011010001010110000011001011010110111110011101110110101011101000100011111000011011000011110011101000001100100110001000110001101101111110100101101010100100
110110011111100001111110011011010001010110000011001111101110111110011101110110101010111010010001110011111100111110011011101000001100100110001000110001101101111110100101101010100100
101110011111100001111110011011010001010110000011001011010110111110011101110110101010111010010001110011111100111110011011101000001100100110001000110001101101111110100101101010100100
111000011111100001111110011011010001010110000011001011010110100100101111101110010010111010010001110011111100111110011011101000001100100110001000110001101101111110100101101010100100
