010001010110010000010011001100110001110101011110101011000101000110100010000100110111011111100001001010000111100110011001000101000101010101010001101110101100110010111111010101011111
010011100000100111010110101000010100100011111010011001000101000110100010000100110111011111100001001010000111100110011001000101000101010101010001101110101100110010111111010101011111
110000010011101011010100001010010001111100100011011001000101000110100010000100110111011111100001001010000111100110011001000101000101010101010001101110101100110010111111010101011111
000110010001000010010101010111110000100001111110000000110101000110100010000100110111011111100001001010000111100110011001000101000101010101010001101110101100110010111111010101011111
110000010011101011010100001010010001111101000010011001000101000110100010000100110111011111100001001010000111100110011001000101000101010101010001101110101100110010111111010101011111
110000010011101011010100001010010001111101011110101011000101000110100010000100110111011111100001001010000111100110011001000101000101010101010001101110101100110010111111010101011111
011000001001010111011100101001110111000110111001001000100010000110100010000100110111011111100001001010000111100110011001000101000101010101010001101110101100110010111111010101011111
011010100001100100101011111000010000111110001010011001000101000110100010000100110111011111100001001010000111100110011001000101000101010101010001101110101100110010111111010101011111
010001010111101101100100011111011001110111111110000000110101000110100010000100110111011111100001001010000111100110011001000101000101010101010001101110101100110010111111010101011111
010001010110010000010110101000010100100011111010011001000101000110100010000100110111011111100001001010000111100110011001000101000101010101010001101110101100110010111111010101011111
010001010110010000010100001000010100100011111010011001000101000110100010000100110111011111100001001010000111100110011001000101000101010101010001101110101100110010111111010101011111
010011011100011100101101101011100000011110100011011001000101000110100010000100110111011111100001001010000111100110011001000101000101010101010001101110101100110010111111010101011111
010001010110010010101110111001010011101110001010011001000101000110100010000100110111011111100001001010000111100110011001000101000101010101010001101110101100110010111111010101011111
000110010001000010011101111110101000010100001010011001000101000110100010000100110111011111100001001010000111100110011001000101000101010101010001101110101100110010111111010101011111
000110010001000010011101111110101000010100010110101100101001000110100010000100110111011111100001001010000111100110011001000101000101010101010001101110101100110010111111010101011111
011000001001010111011100101001110111000110001111101100101001000110100010000100110111011111100001001010000111100110011001000101000101010101010001101110101100110010111111010101011111
010001010110110011001011111000010000111110001010011001000101000110100010000100110111011111100001001010000111100110011001000101000101010101010001101110101100110010111111010101011111
010001000111001011010100001010010001111100100011011001000101000110100010000100110111011111100001001010000111100110011001000101000101010101010001101110101100110010111111010101011111
010001010111101101100100011111011001110110001111101100101001000110100010000100110111011111100001001010000111100110011001000101000101010101010001101110101100110010111111010101011111
110000010011101011010100001010010001111100001010011001000101000110100010000100110111011111100001001010000111100110011001000101000101010101010001101110101100110010111111010101011111
011000001001010111011100101001110111000111111110000000110101000110100010000100110111011111100001001010000111100110011001000101000101010101010001101110101100110010111111010101011111
000110010001000010010101010111110000100001111010011001000101000110100010000100110111011111100001001010000111100110011001000101000101010101010001101110101100110010111111010101011111
010110000000100111010110101000010100100011111010011001000101000110100010000100110111011111100001001010000111100110011001000101000101010101010001101110101100110010111111010101011111
110000010011101011010100001010010001111101000101111000110101000110100010000100110111011111100001001010000111100110011001000101000101010101010001101110101100110010111111010101011111
010011010100111001010011001100110001110101011110101011000101000110100010000100110111011111100001001010000111100110011001000101000101010101010001101110101100110010111111010101011111
101110001011111110011101111110101000010100001010011001000101000110100010000100110111011111100001001010000111100110011001000101000101010101010001101110101100110010111111010101011111
101110001011111110011101111110101000010100010110101100101001000110100010000100110111011111100001001010000111100110011001000101000101010101010001101110101100110010111111010101011111
010110000000011001111111101000010100100011111010011001000101000110100010000100110111011111100001001010000111100110011001000101000101010101010001101110101100110010111111010101011111
000110010001000010010011001100110001110101011110101011000101000110100010000100110111011111100001001010000111100110011001000101000101010101010001101110101100110010111111010101011111
011000001001010111011100101001110111000110100100101001000101000110100010000100110111011111100001001010000111100110011001000101000101010101010001101110101100110010111111010101011111
010001010110010010101110111001010011101110001110000000110101000110100010000100110111011111100001001010000111100110011001000101000101010101010001101110101100110010111111010101011111
010001010111101101100100011111011001110110010011011001000101000110100010000100110111011111100001001010000111100110011001000101000101010101010001101110101100110010111111010101011111
