011011100111000101000000100001111001001011000011000101000000001001000000000001010101010011011001110100010111101101000110001100101011011011000100101111001011111011110000010000100000
011011100111000101000000100001111001001011000011000101000000001001000000000001010101010011011001110100010111101101000110101100101011011011000100101111001011111011110000010000100000
010010110111001110001010000001000011110010010110000110001010000000010010000000000010101010100110110011101000101111011010001100011001010110110110001001011110010111110111100011011011
100100110101100111001010000001000011110010010110000110001010000000010010000000000010101010100110110011101000101111011010001100011001010110110110001001011110010111110111100011011011
011011100111000101000000100001111001001011000011000101000000001001000000000001010101010011011001110100010111101101000101111001001111110010000100101111001011111011110000010000100000
011011100111000101000000100001111001001011000011000101000000001001000000000001010101010011011001110100010111101101000110001100101011011011000100101111001011111011110001110101000000
010110100101101110011100010100000010000111100100101100001100010100000000100100000000000101010101001101100111010001011110110100011010110011000100101111001011111011110000010000100000
111111001001101011001110010100000010000111100100101100001100010100000000100100000000000101010101001101100111010001011110110100011010110011000100101111001011111011110000010000100000
010110100101101110011100010100000010000111100100101100001100010100000000100100000000000101010101001101100111010001011110110100011010110000001011111100111100001100100101001001000000
011011100111000101000000100001111001001011000011000101000000001001000000000001010101010011011001110100010111101101000110001100101011011011000100101111001011111011110000010001000000
111111001001101011001110010100000010000111100100101100001100010100000000100100000000000101010101001101100111010001011110110100011010110000001011111100111100001100100101001001000000
010010110111001110001010000001000011110010010110000110001010000000010010000000000010101010100110110011101000101111011010001100011001010110110001001111001011111011110000010000100000
110001110111000101000000100001111001001011000011000101000000001001000000000001010101010011011001110100010111101101000110001100101011011011000100101111001011111011110000010000100000
010110100101101110011100010100000010000111100100101100001100010100000000100100000000000101010101001101100111010001011110110100010111100100111111001000001011100101010100000010110110
010110100101101110011100010100000010000111100100101100001100010100000000100100000000000101010101001101100111010001011110110100011000110010101101101100010111110111101010000111100010
100100110101100111001010000001000011110010010110000110001010000000010010000000000010101010100110110011101000101111011010001100011001010110110001001111001011111011110000010000100000
010110110111001110001010000001000011110010010110000110001010000000010010000000000010101010100110110011101000101111011010001100011001010110110110001001011110010111110111100011011011
011011100111000101000000100001111001001011000011000101000000001001000000000001010101010011011001110100010010111111000110001100101011011011000100101111001011111011110000010000100000
111111001001101011001110010100000010000111100100101100001100010100000000100100000000000101010101001101100111010001011110110100010111100100111111001000001011100101010100000010110110
111111001001101011001110010100000010000111100100101100001100010100000000100100000000000101010101001101100111010001011110110100011000110010101101101100010111110111101010000111100010
011011100111000101000000100001111001001011000011000101000000001001000001110001010101010011011001110100010111101101000110001100101011011011000100101111001011111011110000010000100000
011011100111000101000000100001111001001011000011000101000000001001000000000001010101010011011001110101101111000100000101111100101011011011000100101111001011111011110000010000100000
010110100101101110011100010100000010000111100100101100001100010100000000100100000000000101010101001101100111010001011110110100011010110000001011111100111011101111111010000011011011
001010110111001110001010000001000011110010010110000110001010000000010010000000000010101010100110110011101000101111011010001100011001010110110110001001011110010111110111100011011011
011011100111000101000000100001111001001011000011000101000000001001000000000001010101010011011001110100010111101101000110001100100010101010001110001000111111111011110000010000100000
111111001001101011001110010100000010000111100100101100001100010100000000100100000000000101010101001101100111010001011110110100011010110000001011111100111011101111111010000011011011
010010110111001110001010000001000011110010010110000110001010000000010010000000000010101010100110110011101000101111011010001100011001010110110110001011111011111011110000010000100000
011011100111000101000000100001111001001011000011000101000000001001000000000001010101010011011001110100010111101101000110001100101011011000100110110100001011111011110000010000100000
011011100111000101000000100001111001001011000011000101000000001001000000000001010101010011011001110111000110000101011101001101111111111011000100101111001011111011110000010000100000
011011100111000101000000100001111001001011000011000101000000001001000000000001010101010011011001110101101111000100000101111100100100010110001001001111001011111011110000010000100000
010010110111001110001010000001000011110010010110000110001010000000010010000000000010101010100110110011101000101111011010001100011001010110110001001101101000010101011110100001111001
011011100111000101000000100001111001001011000011000101000000001001000000000001010101010011011001110100010111101101000110001100101001110010000100101111001011111011110000010000100000
