001100101011110101001011011110010100000100010110101100011010100110000110000010110001000100101101010101110001011111001111010100101101111110111011000100011111001001101001101101100110
001100101011110101001011011110010100000100010110101100011010100110000110000010110001000100101101010101110001011111001111010100101101111110111011000100011111110010111101100001100110
001100101011110101001011011110010100000100010110101100011010100110000110000010110001000100101101010101110001011111001111010100101101111110111011000100011111001011111001101101100110
001100101011110101001011011110010100000100010110101100011010100110000110000010110001000100101101010101110001011111001111010100101101111110111011000100011111111100001001101101100110
001100101011110101001011011110010100000100010110101100011010100110000110000010110001000100101101010101110001011111001111010100101101111110111011000100011111111001101001101101100110
001100101011110101001011011110010100000100010110101100011010100110000110000010110001000100101101010101110001011111001111010100101101111110111011000100011111001010011000011111100110
001100101011110101001011011110010100000100010110101100011010100110000110000010110001000100101101010101110001011111001111010100101101111110111011000100011111001011101001101101100110
001100101011110101001011011110010100000100010110101100011010100110000110000010110001000100101101010101110001011111001111010100101101111110111011000100011111001010111101100001100110
001100101011110101001011011110010100000100010110101100011010100110000110000010110001000100101101010101110001011111001111010100101101111110111011000100011111010010111101100001100110
001100101011110101001011011110010100000100010110101100011010100110000110000010110001000100101101010101110001011111001111010100101101111110111011000100011111111011101100111111100110
001100101011110101001011011110010100000100010110101100011010100110000110000010110001000100101101010101110001011111001111010100101101111110111011000100011111000001011001101101100110
001100101011110101001011011110010100000100010110101100011010100110000110000010110001000100101101010101110001011111001111010100101101111110111011000100011111110011101001101101100110
001100101011110101001011011110010100000100010110101100011010100110000110000010110001000100101101010101110001011111001111010100101101111110111011000100011111000110011011101101100110
001100101011110101001011011110010100000100010110101100011010100110000110000010110001000100101101010101110001011111001111010100101101111110111011000100011111111011101001101101100110
001100101011110101001011011110010100000100010110101100011010100110000110000010110001000100101101010101110001011111001111010100101101111110111011000100001111010010111101100001100110
001100101011110101001011011110010100000100010110101100011010100110000110000010110001000100101101010101110001011111001111010100101101111110111011000111000111111100001001101101100110
001100101011110101001011011110010100000100010110101100011010100110000110000010110001000100101101010101110001011111001111010100101101111110111011000100011111001000101001101101100110
001100101011110101001011011110010100000100010110101100011010100110000110000010110001000100101101010101110001011111001111010100101101111110111011000100011111110111101001101101100110
001100101011110101001011011110010100000100010110101100011010100110000110000010110001000100101101010101110001011111001111010100101101111110111011000111000111110010111101100001100110
001100101011110101001011011110010100000100010110101100011010100110000110000010110001000100101101010101110001011111001111010100101101111110111011000100011111000100101100111111100110
001100101011110101001011011110010100000100010110101100011010100110000110000010110001000100101101010101110001011111001111010100101101111110111011000100011111001010011101001101100110
001100101011110101001011011110010100000100010110101100011010100110000110000010110001000100101101010101110001011111001111010100110010101001000101101111111010001001101001101101100110
001100101011110101001011011110010100000100010100101100011010100110000110000010110001000100101101010101110001011111001111010100101101111110111011000100011111001001101001101101100110
001100101011110101001011011110010100000100010101001100011010100110000110000010110001000100101101010101110001011111001111010100101101111110111011000100011111001001101001101101100110
001100101011110101001011011110010100000100010110101100011010100110000110000010110001000100101101010101110001011111001111010100101101111110111011000100110101101001101001101101100110
001100101011110101001011011110010100000100010110101100011010100110000110000010110001000100101101010101110001011111001111010100101101111110111011000100011111100110011101001101100110
001100101011110101001011011110010101010000110110101100011010100110000110000010110001000100101101010101110001011111001111010100101101111110111011000100011111001001101001101101100110
001100101011110101001011011110010100000100010110101100011010100110000110000010110001000100101101010101110001011111001111010100101101111110111011000100011111001111101001101101100110
001100101011110101001011011110010100000100010101111110011010100110000110000010110001000100101101010101110001011111001111010100101101111110111011000100011111001001101001101101100110
001100101011110101001011011110010100000100010111010100011010100110000110000010110001000100101101010101110001011111001111010100101101111110111011000100011111001001101001101101100110
001100101011110101001011011110010100000100010110001101010011000011000001011000100010010110101010111000101111100111101010010110111111011101100010001111100000001001101001101101100110
100110111011110101001011011110010100000100010110101100011010100110000110000010110001000100101101010101110001011111001111010100101101111110111011000100011111001001101001101101100110
