111010100110110111101101010010010111101101110111101010101110010100011100001101001001001011101001100010100110000111100100101001011000001011001011111001000011101000100111111011111010
111010100110110111101101010010010111101101110111101010101110010100011100001101001001001011101001100010100110000111100100101001011000001011001011111010100011111001101101011000101100
111010100110110111101101010010010111101101110111101010101110010100011100001101001001001011101001100010100110000111100100101001011000001011001011111010100011111010000101011000101100
111010100110110111101101010010010111101101110111101010101110010100011100001101001001001011101001100010100110000111100100101001011000001011001011111010100011111001101101010010001000
111010100110110111101101010010010111101101110111101010101110010100011100001101001001001011101001100010100110000111100100101001011000001011001011111001101100001110100111101010100100
111010100110110111101101010010010111101101110111101010101110010100011100001101001001001011101001100010100110000111100100101001011000001011001011111010111111101010110101011000101100
111010100110110111101101010010010111101101110111101010101110010100011100001101001001001011101001100010100110000111100100101001011000001011001011111010111111101000100111111011111010
111010100110110111101101010010010111101101110111101010101110010100011100001101001001001011101001100010100110000111100100101001011000001011001011111010100011101000111010101001100001
111010100110110111101101010010010111101101110111101010101110010100011100001101001001001011101001100010100110000111100100101001011000001011001011111000010010000111010001001111110111
111010100110110111101101010010010111101101110111101010101110010100011100001101001001001011101001100010100110000111100100101001011000001011001011111010100011101000100111111011111010
111010100110110111101101010010010111101101110111101010101110010100011100001101001001001011101001100010100110000111100100101001011000001011001011111010100011111011111111110001011110
111010100110110111101101010010010111101101110111101010101110010100011100001101001001001011101001100010100110000111100100101001011000001011001011111010001001101000100111111011111010
111010100110110111101101010010010111101101110111101010101110010100011100001101001001001011101001100010100110000111100100101001011000001011001011111001000011101001000000000001100001
111010100110110111101101010010010111101101110111101010101110010100011100001101001001001011101001100010100110000111100100101001011000001011001011111011110011101000111010101001100001
111010100110110111101101010010010111101101110111101010101110010100011100001101001001001011101001100010100110000111100100101001011000001011001011111011110111101000111010101001100001
111010100110110111101101010010010111101101110111101010101110010100011100001101001001001011101001100010100110000111100100101001011000001011001011111010111111101000111010101001100001
111010100110110111101101010010010111101101110111101010101110010100011100001101001001001011101001100010100110000111100100101001011000001011001011111011110111101000100111111011111010
111010100110110111101101010010010111101101110111101010101110010100011100001101001001001011101001100010100110000111100100101001011000001011001011111011110011101000100111111011111010
111010100110110111101101010010010111101101110111101010101110010100011100001101001001001011101001100010100110000111100100101001011000001011001011111000010010000100111111110001011110
111010100110110111101101010010010111101101110111101010101110010100011100001101001001001011101001100010100110000111100100101001011000001011001011111001000011101000111010101001100001
111010100110110111101101010010010111101101110111101010101110010100011100001101001001001011101001100010100110000111100100101001011000001011001110010010000011101000100111111011111010
111010100110110111101101010010010111101101110111101010101110010100011100001101001001001011101001100010100110000111100100101001011000001110011001111001000011101000100111111011111010
111010100110110111101101010010010111101101110111101010101110010100011100001101001001001011101001100010100110000111100100101001011000001011001110011101000011101000100111111011111010
111010100110110111101101010010010111101101110111101010101110010100011100001101001001001011101001100010100110000111100100101001011000001011001011111001011011101000100111111011111010
111010100110110111101101010010010111101101110111101010101110010100011100001101001001001011101001100010100110000111100100101001011000001011001011111001110101001000100111111011111010
111010100110110111101101010010010111101101110111101010101110010100011100001101001001001011101001100010100110000111100100101001011000001011001011111010111010110111011110011001111111
111010100110110111101101010010010111101101110111101010101110010100011100001101001001001011101001100010100110000111100100101001011000001011001011111000001010010100100111111011111010
111010100110110111101101010010010111101101110111101010101110010100011100001101001001001011101001100010100110000111100100101001011000001011001011111001011111101000100111111011111010
111010100110110111101101010010010111101101110111101010101110010100011100001101001001001011101001100010100110000111100100101001011000001011001011111000010010000100111111111011111010
111010100110110111101101010010010111101101110111101010101110010100011100001101001001001011101001100010100110000111100100101001011000001011001011111000001011101000100111111011111010
111010100110110111101101010010010111101101110111101010101110010100011100001101001001001011101001100010100110000111100100101001011000001011001110010010000010111100000111111011111010
111010100110110111101101010010010111101101110111101010101110010100011100001101001001001011101001100010100110000111100100101001011000001011001011111001011110001101000000000001100001
