001010010001110101110111011111000101001100110010000001100000001111010001011100000010011000010001111111001010111010100100101010000011001100001111000101111110010001101110101011001111
001010010001110101110111001010001101001000101010000110100000001111010001011100000010011000010001111111001010111010100100101010000011001100001111000101111110010001101110101011001111
001010010001110101110111010010011001111101000011001010010000001111010001011100000010011000010001111111001010111010100100101010000011001100001111000101111110010001101110101011001111
001010010001110101110100111001011100111101000011001010010000001111010001011100000010011000010001111111001010111010100100101010000011001100001111000101111110010001101110101011001111
001010010001110101110100111001011100111100110010000001100000001111010001011100000010011000010001111111001010111010100100101010000011001100001111000101111110010001101110101011001111
001010010001110101110111011111000101000010100110111001101000001111010001011100000010011000010001111111001010111010100100101010000011001100001111000101111110010001101110101011001111
001010010001110101110110000000101011100111010000000001100000001111010001011100000010011000010001111111001010111010100100101010000011001100001111000101111110010001101110101011001111
001010010001110101110111011000101010110010001011000101000000001111010001011100000010011000010001111111001010111010100100101010000011001100001111000101111110010001101110101011001111
001010010001110101110111010011100111110100110010000001100000001111010001011100000010011000010001111111001010111010100100101010000011001100001111000101111110010001101110101011001111
001010010001110101110100111111010101001100110010000001100000001111010001011100000010011000010001111111001010111010100100101010000011001100001111000101111110010001101110101011001111
001010010001110101110111001010001101001000101010000001100000001111010001011100000010011000010001111111001010111010100100101010000011001100001111000101111110010001101110101011001111
001010010001110101110110001001011000101001111111000110101000001111010001011100000010011000010001111111001010111010100100101010000011001100001111000101111110010001101110101011001111
001010010001110101110110101100010100111110011011000001100000001111010001011100000010011000010001111111001010111010100100101010000011001100001111000101111110010001101110101011001111
001010010001110101110111011001110110101101000011001010010000001111010001011100000010011000010001111111001010111010100100101010000011001100001111000101111110010001101110101011001111
001010010001110101110110101100010100111101000011001010010000001111010001011100000010011000010001111111001010111010100100101010000011001100001111000101111110010001101110101011001111
001010010001110101110001010111111111110010100110111001101000001111010001011100000010011000010001111111001010111010100100101010000011001100001111000101111110010001101110101011001111
001010010001110101110011111101110011001100110010000001100000001111010001011100000010011000010001111111001010111010100100101010000011001100001111000101111110010001101110101011001111
001010010001110101110110000111011101100101111001000001100000001111010001011100000010011000010001111111001010111010100100101010000011001100001111000101111110010001101110101011001111
001010010001110101110110011110010001011010010101011101100000001111010001011100000010011000010001111111001010111010100100101010000011001100001111000101111110010001101110101011001111
001010010001110101110111011111000101000010011010000110100000001111010001011100000010011000010001111111001010111010100100101010000011001100001111000101111110010001101110101011001111
001010010001110101110110101100010100111100110010000001100000001111010001011100000010011000010001111111001010111010100100101010000011001100001111000101111110010001101110101011001111
001010010001110101110011111101110011001110011011000001100000001111010001011100000010011000010001111111001010111010100100101010000011001100001111000101111110010001101110101011001111
001010010001110101110110000000101011100101111001000001100000001111010001011100000010011000010001111111001010111010100100101010000011001100001111000101111110010001101110101011001111
010001111011110011101011011001110110101101000011001010010000001111010001011100000010011000010001111111001010111010100100101010000011001100001111000101111110010001101110101011001111
010011010011000000111001011001110110101101000011001010010000001111010001011100000010011000010001111111001010111010100100101010000011001100001111000101111110010001101110101011001111
010011010011000000110011111101110011001100110010000001100000001111010001011100000010011000010001111111001010111010100100101010000011001100001111000101111110010001101110101011001111
010110000011001010111001011001110110101101000011001010010000001111010001011100000010011000010001111111001010111010100100101010000011001100001111000101111110010001101110101011001111
010011010011000000110011111101110011001110011011000001100000001111010001011100000010011000010001111111001010111010100100101010000011001100001111000101111110010001101110101011001111
010011010011000000110011111101110011001110011011000000110100001111010001011100000010011000010001111111001010111010100100101010000011001100001111000101111110010001101110101011001111
001111000001111111010101000011101011100111010000000001100000001111010001011100000010011000010001111111001010111010100100101010000011001100001111000101111110010001101110101011001111
010011010011000000110100111111010101001100110010000001100000001111010001011100000010011000010001111111001010111010100100101010000011001100001111000101111110010001101110101011001111
001111000001111111010101001111110110101101000011001010010000001111010001011100000010011000010001111111001010111010100100101010000011001100001111000101111110010001101110101011001111
