110101101011100111110011011001010110100000010000010010001100001011000110010001100100000100011101001100101100111111011001101110110011001010011100000000000010100100111010101000011101
110101101011100111110011011001010110100000010000010010001100001011000110010001100100000100011101001100101100111111011001101110110011001010011100010000000010100100111010101000011101
110101101011100111110011011001010110100000010000010010001100001011000110010001100100000100011101001100101100111111011001101110110011001010011101001000000010100100111010101000011101
110101101011100111110011011001010110100000010000010010001100001011000110010001100100000100011101001100101100111111011001101110110011001010011100010010000010100100111010101000011101
110101101011100111110011011001010110100000010000010010001100001011000110010001100100000100011101001100101100111111011001101110110011001010011101000000000010100100111010101000011101
110101101011100111110011011001010110100000010000010010001100001011000110010001100100000100011101001100101100111111011001101110110011001010011010001110000010100100111010101000011101
110101101011100111110011011001010110100000010000010010001100001011000110010001100100000100011101001100101100111111011001101110110011001010011100011100000010100100111010101000011101
110101101011100111110011011001010110100000010000010010001100001011000110010001100100000100011101001100101100111111011001101110110011001010011100011110000010100100111010101000011101
110101101011100111110011011001010110100000010000010010001100001011000110010001100100000100011101001100101100111111011001101110110011001010011011000000000010100100111010101000011101
110101101011100111110011011001010110100000010000010010001100001011000110010001100100000100011101001100101100111111011001101110110011001010011101001010000010100100111010101000011101
110101101011100111110011011001010110100000010000010010001100001011000110010001100100000100011101001100101100111111011001101110110011001011001001000000000010100100111010101000011101
110101101011100111110011011001010110100000010000010010001100001011000110010001100100000100011101001100101100111111011001101110110011001010011100000110000010100100111010101000011101
110101101011100111110011011001010110100000010000010010001100001011000110010001100100000100011101001100101100111111011001101110110011001000000111000000000010100100111010101000011101
110101101011100111110011011001010110100000010000010010001100001011000110010001100100000100011101001100101100111111011001101110110011001010011100010101000010100100111010101000011101
110101101011100111110011011001010110100000010000010010001100001011000110010001100100000100011101001100101100111111011001101110110011001010011100101010000010100100111010101000011101
110101101011100111110011011001010110100000010000010010001100001011000110010001100100000100011101001100101100111111011001101110110011001010101110101010000010100100111010101000011101
110101101011100111110011011001010110100000010000010010001100001011000110010001100100000100011101001100101100111111011001101110110011001010011010011100000010100100111010101000011101
110101101011100111110011011001010110100000010000010010001100001011000110010001100100000100011101001100101100111111011001101110110011001010101111110000000010100100111010101000011101
110101101011100111110011011001010110100000010000010010001100001011000110010001100100000100011101001100101100111111011001101110110011001010011100111000000010100100111010101000011101
110101101011100111110011011001010110100000010000010010001100001011000110010001100100000100011101001100101100111111011001101110110011001010011101011010000010100100111010101000011101
110101101011100111110011011001010110100000010000010010001100001011000110010001100100000100011101001100101100111111011001101110110011001010011100010100000010100100111010101000011101
110101101011100111110011011001010110100000010000010010001100001011000110010001100100000100011101001100101100111111011001101110110011001010011100010111110010100100111010101000011101
110101101011100111110011011001010110100000010000010010001100001011000110010001100100000100011101001100101100111111011001101110110011001010000010110000000010100100111010101000011101
110101101011100111110011011001010110100000010000010010001100001011000110010001100100000100011101001100101100111111011001101110110011001010011101110000000010100100111010101000011101
110101101011100111110011011001010110100000010000010010001100001011000110010001100100000100011101001100101100111111011001101110110011001010011101010100000010100100111010101000011101
110101101011100111110011011001010110100000010000010010001100001011000110010001100100000100011101001100101100111111011001101110110011001010000011100100000010100100111010101000011101
110101101011100111110011011001010110100000010000010010001100001011000110010001100100000100011101001100101100111111011001101110110011001010011110110000000010100100111010101000011101
110101101011100111110011011001010110100000010000010010001100001011000110010001100100000100011101001100101100111111011001101110110011010000001101100100000010100100111010101000011101
110101101011100111110011011001010110100000010000010010001100001011000110010001100100000100011101001100101100111111011001101110110011001010011100011100110011001000111010101000011101
110101101011100111110011011001010110100000010000010010001100001011000110010001100100000100011101001100101100111111011001101110110011001010011100010111100010100100111010101000011101
110101101011100111110011011001010110100000010000010010001100001011000110010001100100000100011101001100101100111111011001101110110011001010011010001100011001011000101101011100011101
110101101011100111110011011001010110100000010000010010001100001011000110010001100100000100011101001100101100111111011001101110110011001010011101011000101111011010000100011110011101
