011011011000011011110011100110001010111110110101111011111011010110001111110011111001010010111110010111001000111111000000000100101010001111100001101010000100100001001011110110011011
011011011000011011110011100110001010111110110101111011111011010110001111110011111001010010111110010111001000111111000000000100101010001111100000000101010010100101101011110110011011
011011011000011011110011100110001010111110110101111011111011010110001111110011111001010010111110010111001000111111000000000100101010001111100001101010000101110101101011110110011011
011011011000011011110011100110001010111110110101111011111011010110001111110011111001010010111110010111001000111111000000000100101010001111100001101010000100100111000010110110011011
011011011000011011110011100110001010111110110101111011111011010110001111110011111001010010111110010111001000111111000000000100101010001111000101010110000100011100101011110110011011
011011011000011011110011100110001010111110110101111011111011010110001111110011111001010010111110010111001000111111000000000100101010001111100001101010000100100101101011110110011011
011011011000011011110011100110001010111110110101111011111011010110001111110011111001010010111110010111001000111111000000000100101010001111100000000111100011100101101011110110011011
011011011000011011110011100110001010111110110101111011111011010110001111110011111001010010111110010111001000111111000000000100101010001111100001101010000100011100101011110110011011
011011011000011011110011100110001010111110110101111011111011010110001111110011111001010010111110010111001000111111000000000100101010011111000101010110000100011100101011110110011011
011011011000011011110011100110001010111110110101111011111011010110001111110011111001010010111110010111001000111111000000000100101010001010110010000111100011100101101011110110011011
011011011000011011110011100110001010111110110101111011111011010110001111110011111001010010111110010111001000111111000000000100101010001111100001101010000100100001001000001101011100
011011011000011011110011100110001010111110110101111011111011010110001111110011111001010010111110010111001000111111000000000100101010001111100001101010000100100001001000001101011011
011011011000011011110011100110001010111110110101111011111011010110001111110011111001010010111110010111001000111111000000000100101010001111100001101010000100101111000010110110011011
011011011000011011110011100110001010111110110101111011111011010110001111110011111001010010111110010111001000111111000000000100101010010000110010000111100011100101101011110110011011
011011011000011011110011100110001010111110110101111011111011010110001111110011111001010010111110010111001000111111000000000100101010011001011000000111100011100101101011110110011011
011011011000011011110011100110001010111110110101111011111011010110001111110011111001010010111110010111001000111111000000000100101011111110101010010001101111100101101011110110011011
011011011000011011110011100110001010111110110101111011111011010110001111110011111001010010111110010111001000111111000000000100101010001111100001101010000100100001001010110110011011
011011011000011011110011100110001010111110110101111011111011010110001111110011111001010010111110010111001000111111000000011111101110111001110101000011001100010111101011110110011011
011011011000011011110011100110001010111110110101111011111011010110001111110011111001010010111110010111001000111111000000000100101010001111100001101010000100100000111010010110011011
011011011000011011110011100110001010111110110101111011111011010110001111110011111001010010111110010111001000111111000000000100101010001111100001101010000100100001001000001011000000
011011011000011011110011100110001010111110110101111011111011010110001111110011111001010010111110010111001000111111000000000100101010001111100001100110001010010001100110110110011011
011011011000011011110011100110001010111110110101111011111011010110001111110011111001010010111110010111001000111111000000000100101010001101100011011011100100100111000010110110011011
011011011000011011110011100110001010111110110101111011111011010110001111110011111001010010111110010111001000111111000000011111101110111001110101000011010101100111000010110110011011
011011011000011011110011100110001010111110110101111011111011010110001111110011111001010010111110010111001000111111000000000100101010001111100001101010000100100001011101110110011011
011011011000011011110011100110001010111110110101111011111011010110001111110011111001010010111110010111001000111111000000011111101110111001110101010110000100011100101011110110011011
011011011000011011110011100110001010111110110101111011111011010110001111110011111001010010111110010111001000111111000000000100101010001111100001101010000100100001001000001101010011
011011011000011011110011100110001010111110110101111011111011010110001111110011111001010010111110010111001000111111000000000100101010010000110100011011100100100111000010110110011011
011011011000011011110011100110001010111110110101111011111011010110001111110011111001010010111110010111001000111111000000000100101010001111100000000101011001100111000010110110011011
011011011000011011110011100110001010111110110101111011111011010110001111110011111001010010111110010111001000111111000000000100101011100001111111100111010010100101101011110110011011
011011011000011011110011100110001010111110110101111011111011010110001111110011111001010010111110010111001000111111000000000100101010001111100001101010000100100001001000011010111011
011011011000011011110011100110001010111110110101111011111011010110001111110011111001010010111110010111001000111111000000000100101010011001111010101111010010100101101011110110011011
011011011000011011110011100110001010111110110101111011111011010110001111110011111001010010111110010111001000111111000000000100101010001010001101110100111001100001011101110110011011
