001000011010010110101111000101001100100011011010010100100010010001100001011000010110101011100010000111101111111000101000010001100111000110010011011010011100100010011100011100110101
001000011010010110101111000101001100100011011010010100100010010001100001011000010110101011100010000111101111111000101000010001100111000110010011011010011100100011010000100100100110
001000011010010110101111000101001100100011011010010100100010010001100001011000010110101011100010000111101111111000100100101001100111000110010011011010011100100010011100011100110101
001000011010010110101001000111001100100011011010010100100010010001100001011000010110101011100010000111101111111000101000010001100111000110010011011010011100100010011100011100110101
001000011010010110101111000101001100100011011010010100100010010001100001011000010110101011100010000111101111111000100011011001100111000110010011011010011100100010011100011100110101
001000011010010110101111000101001100100011011010010100100010010001100001011000010110101011100010000111101111111000100100101001100111000110010011011010011100100011010000100100100110
001000011010010110101001000111001100100011011010010100100010010001100001011000010110101011100010000111101111111000101000010001100111000110010011011010011100100011010000100100100110
001000011010010110101111000101001100100011011010010100100010010001100001011000010110101011100010000111101111111000100011011001100111000110010011011010011100100011010000100100100110
001000011010010110101001000111001100100011011010010100100010010001100001011000010110101011100010000111101111111000100100101001100111000110010011011010011100100010011100011100110101
001000011010010110101111000101001100100011011010010100100010010001100001011000010110101011100010000111111101100100110110010001100111000110010011011010011100100010011100011100110101
001000011010010110101111000101001100100011011010010100100010010001100001011000010110101011100010000111101111111110110110010001100111000110010011011010011100100010011100011100110101
001000011010010110101001000111001100100011011010010100100010010001100001011000010110101011100010000111101111111000100011011001100111000110010011011010011100100010011100011100110101
001000011010010110101001000111001100100011011010010100100010010001100001011000010110101011100010000111101111111000100100101001100111000110010011011010011100100011010000100100100110
001000011010010110101111000101001100100011011010010100100010010001100001011000010110101011100010000111111101100100110110010001100111000110010011011010011100100011010000100100100110
001000011010010110101111000101001100100011011010010100100010010001100001011000010110101011100010000111101111111110110110010001100111000110010011011010011100100011010000100100100110
001000011010010110101001000111001100100011011010010100100010010001100001011000010110101011100010000111101111111000100011011001100111000110010011011010011100100011010000100100100110
001000011010010110100101100001001100100011011010010100100010010001100001011000010110101011100010000111101111111000101000010001100111000110010011011010011100100010011100011100110101
011110011000111111101110000011100011000011011010010100100010010001100001011000010110101011100010000111101111111000101000010001100111000110010011011010011100100010011100011100110101
001000011010010110101111000101001000100011011010010100100010010001100001011000010110101011100010000111101111111000101000010001100111000110010011011010011100100010011100011100110101
001000011010010110101111000101001100100011011010010100100010010001100001011000010110101011100010000111101111010100110110010001100111000110010011011010011100100010011100011100110101
001000011010010110101111000101001001111001000110110100101001000100100011000010110000101101010111000100001111011111110001001001010011011001000101010011001100111101101111111110101110
001000011010010110101001000111001100100011011010010100100010010001100001011000010110101011100010000111111101100100110110010001100111000110010011011010011100100010011100011100110101
001000011010010110101001000111001100100011011010010100100010010001100001011000010110101011100010000111101111111110110110010001100111000110010011011010011100100010011100011100110101
001000011010010110101111000101001001110100101010110100001100000111100010111110100110111110101010001101011011010100100011011001100111000110010011011010011100100010011100011100110101
001000011010010110101111000101001001110111111010010100100010010001100001011000010110101011100010000111101111111000101000010001100111000110010011011010011100100010011100011100110101
001000011010010110100101100001001100100011011010010100100010010001100001011000010110101011100010000111101111111000101000010001100111000110010011011010011100100011010000100100100110
001000011010010110101111000101001100100011011010010100100010010001100001011000010110101011100010000111101111111000101000010001100111000110010011011010011100100011010000100100110101
001000011010010110100101100001001100100011011010010100100010010001100001011000010110101011100010000111101111111000100100101001100111000110010011011010011100100010011100011100110101
011110011000111111101110000011100011000011011010010100100010010001100001011000010110101011100010000111101111111000101000010001100111000110010011011010011100100011010000100100100110
001000011010010110101111000101001100100011011010010100100010010001100001011000010110101011100010000111101101100100110110010001100111000110010011011010011100100010011100011100110101
001000011010010110101111000101001000100011011010010100100010010001100001011000010110101011100010000111101111111000101000010001100111000110010011011010011100100011010000100100100110
011110011000101100000101100001001100100011011010010100100010010001100001011000010110101011100010000111101111111000101000010001100111000110010011011010011100100010011100011100110101
