010100001100001000000001011111000111011011011100100110110000101100111100100100111010001101101000101100110110111110000111001001000011110011111110000001101010011111010011001001001010
010100001110100001000100100000111100001000000100101100010100101001010110101000000011000110000100001100110110111110000111001001000011110011111110000001101010011111010011001001001010
010100001100001000000001011111000111000010011011101110010101101001000101001010010011000011101100011100110110111110000111001001000011110011111110000001101010011111010011001001001010
010100001100001000000001011111000111000010011011101110010101101001100001111100110000101001101101111100110110111110000111001001000011110011111110000001101010011111010011001001001010
010100001100001000000001011111000111000010011011101110010101101001000101100101001110001100100010111100110110111110000111001001000011110011111110000001101010011111010011001001001010
010100001100001000000001011111000111000010011011101110010101101001000101100101001110011100000010111100110110111110000111001001000011110011111110000001101010011111010011001001001010
010100001110100001000100100000111100001000000100101100010100101001010110101000000011000110000100111111101110110100100011001001000011110011111110000001101010011111010011001001001010
010100001110100001000100100000111100001000000100101100010100101001010110101000000011000110000100101111101110110100100011001001000011110011111110000001101010011111010011001001001010
010100001110100001000100100000111100001000000100101100010100101001010101110000001001100010000001011100110110111110000111001001000011110011111110000001101010011111010011001001001010
010100101110000111110011010110000000011011011100100110110000101100111100100100111010001101101000101100110110111110000111001001000011110011111110000001101010011111010011001001001010
010100001110100001000100100000111100001000000100101100010100101001010110101000000011000110000100111100110110111110000111001001000011110011111110000001101010011111010011001001001010
010100001110100001000100100000111100001000000100101100010100101001010101110000001001100010000001111100110110111110000111001001000011110011111110000001101010011111010011001001001010
010100101110100001000100100000111100001000000100101100010100101001010110101000000011000110000100001100110110111110000111001001000011110011111110000001101010011111010011001001001010
011101110000011011110011010110000000011011011100100110110000101100111100100100111010001101101000101100110110111110000111001001000011110011111110000001101010011111010011001001001010
010100001110100001000100100000111100001000000100101100010100101001010101110000001001100010000001100000111110000000011011001001000011110011111110000001101010011111010011001001001010
010100001110100001000100100000111100001000000100101100010100101001010110101000000011000110000100100100110110111110000111001001000011110011111110000001101010011111010011001001001010
010100001110100001000100100000111100001000000100101100010100101001010110101000000011000110000100101100110110111110000111001001000011110011111110000001101010011111010011001001001010
010100101110100001000100100000111100001000000100101100010100101001010110101000000011000110000100111111101110110100100011001001000011110011111110000001101010011111010011001001001010
010100001100001000000001011111000111000010011011101110011010000001100101001010010011000011101100011100110110111110000111001001000011110011111110000001101010011111010011001001001010
010100101110100001000100100000111100001000000100101100010100101001010110101000000011000110000100101111101110110100100011001001000011110011111110000001101010011111010011001001001010
010100001110100001000100100000111100001000000100101100010100101001100101001010010011000011101100011100110110111110000111001001000011110011111110000001101010011111010011001001001010
101001111001110101011001111001110011110010100110100110110000101100111100100100111010001101101000101100110110111110000111001001000011110011111110000001101010011111010011001001001010
010100001110100001000100100000111100001000000100101100010100101001010000100010001010011000100000100111101110110100100011001001000011110011111110000001101010011111010011001001001010
010100001100001000000001011111000111000010011011101110011010000001101010101101010001001000001101011100110110111110000111001001000011110011111110000001101010011111010011001001001010
010100101110100001000100100000111100001000000100101100010100101001010101110000001001100010000001011100110110111110000111001001000011110011111110000001101010011111010011001001001010
111110011100001000000001011111000111011011011100100110110000101100111100100100111010001101101000101100110110111110000111001001000011110011111110000001101010011111010011001001001010
010100001100001000000001011111000111011000111100100110110000101100111100100100111010001101101000101100110110111110000111001001000011110011111110000001101010011111010011001001001010
010100001100001000000001011111000111000010011011101110010101101001100000011011110100101000100111001100110110111110000111001001000011110011111110000001101010011111010011001001001010
010100001100001000000001011111000111000010011011101110010101101001000101100101001110011100000010011100110110111110000111001001000011110011111110000001101010011111010011001001001010
010100001100001000000001011111000111000010011011101110010101101001000101100101100011100111011111111100110110111110000111001001000011110011111110000001101010011111010011001001001010
010100001100001000000001011111000111000010011011101110010101101011111010101101010001001000001101011100110110111110000111001001000011110011111110000001101010011111010011001001001010
010100001100001000000100100000111100001000000100101100010100101001010110101000000011000110000100001100110110111110000111001001000011110011111110000001101010011111010011001001001010
