111100110111101101010000000101010011110100101100001000100001010010111101111000101010110011011100001110010100100011000100001010111010101010001111001001000101110111100111001110101100
111100110111101000000010000101010011110100101100001000100001010010111101111000101010110011011100001110010100100011000100001010111010101010001111001001000101110111100111001110101100
111100010110010111001100000101010011110100101100001000100001010010111101111000101010110011011100001110010100100011000100001010111010101010001111001001000101110111100111001110101100
111100110111101101010000000111100011110100101100001000100001010010111101111000101010110011011100001110010100100011000100001010111010101010001111001001000101110111100111001110101100
111100110111101101010000000101010011110100101100001000100001010010111101101111110101110010111101011110010100100011000100001010111010101010001111001001000101110111100111001110101100
111100110111001000000010000101010011110100101100001000100001010010111101111000101010110011011100001110010100100011000100001010111010101010001111001001000101110111100111001110101100
111100110111101000000010000101010011110100101100001000100001010010111101101111110101110010111101011110010100100011000100001010111010101010001111001001000101110111100111001110101100
111100110111111111111000001000000100001001011101000101000001111000101101111000101010110011011100001110010100100011000100001010111010101010001111001001000101110111100111001110101100
111100110111111100110110010000000111101001111010000001100110100001010001111000101010110011011100001110010100100011000100001010111010101010001111001001000101110111100111001110101100
111100110111001111000110100001010011110100101100001000100001010010111101111000101010110011011100001110010100100011000100001010111010101010001111001001000101110111100111001110101100
111100110110010111001100000101010011110100101100001000100001010010111101111000101010110011011100001110010100100011000100001010111010101010001111001001000101110111100111001110101100
111100110111111111010010100101010011110100101100001000100001010010111101111000101010110011011100001110010100100011000100001010111010101010001111001001000101110111100111001110101100
111100110111101101010000000111000101011101111111010011100100010001001101111000101010110011011100001110010100100011000100001010111010101010001111001001000101110111100111001110101100
111100110111111111000110100001010011110100101100001000100001010010111101111000101010110011011100001110010100100011000100001010111010101010001111001001000101110111100111001110101100
111100110111101101010000000001010011110100101100001000100001010010111101111000101010110011011100001110010100100011000100001010111010101010001111001001000101110111100111001110101100
111100110111010111001100000101010011110100101100001000100001010010111101111000101010110011011100001110010100100011000100001010111010101010001111001001000101110111100111001110101100
111100110111101101010000000111000101011101111101000101000001111000101101111000101010110011011100001110010100100011000100001010111010101010001111001001000101110111100111001110101100
111100010110010111001100000101010011110100101100001000100001010010111101101111110101110010111101011110010100100011000100001010111010101010001111001001000101110111100111001110101100
111100110111101101010000000111000100001001011101000101000001111000101101111000101010110011011100001110010100100011000100001010111010101010001111001001000101110111100111001110101100
111100000100001111000110100001010011110100101100001000100001010010111101111000101010110011011100001110010100100011000100001010111010101010001111001001000101110111100111001110101100
111100110111111111111000001011000110111101011010101100111111100101001101111000101010110011011100001110010100100011000100001010111010101010001111001001000101110111100111001110101100
111100110111111000000010000101010011110100101100001000100001010010111101111000101010110011011100001110010100100011000100001010111010101010001111001001000101110111100111001110101100
111100110111001000101000000001010011110100101100001000100001010010111101111000101010110011011100001110010100100011000100001010111010101010001111001001000101110111100111001110101100
111100110111101101010000000111100011110100101100001000100001010010111101101111110101110010111101011110010100100011000100001010111010101010001111001001000101110111100111001110101100
111100110111111111010011100111010011110100101100001000100001010010111101111000101010110011011100001110010100100011000100001010111010101010001111001001000101110111100111001110101100
111100110111111111111000000101010011110100101100001000100001010010111101111000101010110011011100001110010100100011000100001010111010101010001111001001000101110111100111001110101100
111100010110010111001100000101010011110100101101000101000001111000101101111000101010110011011100001110010100100011000100001010111010101010001111001001000101110111100111001110101100
111100010110010111001100000101010011110100101100001000100001010010110001111000101010110011011100001110010100100011000100001010111010101010001111001001000101110111100111001110101100
111101000010110111001100000101010011110100101100001000100001010010111101111000101010110011011100001110010100100011000100001010111010101010001111001001000101110111100111001110101100
111101100011101000000010000101010011110100101100001000100001010010111101111000101010110011011100001110010100100011000100001010111010101010001111001001000101110111100111001110101100
010110100111101000000010000101010011110100101100001000100001010010111101111000101010110011011100001110010100100011000100001010111010101010001111001001000101110111100111001110101100
010110100111111000000010000101010011110100101100001000100001010010111101111000101010110011011100001110010100100011000100001010111010101010001111001001000101110111100111001110101100
