011010110011001100010100000111101110101101011101000000000010010001010001110101001000011101010111100101110001110010110011101101101011111101000100111100101111011111110001000000101111
011010110011001100010100000111101110101101011101000000000010000100100100110100001110100010110010101000110100010011000011101101101011111101000100111100101111011111110001000000101111
011010110011001100010100000111101110101101011101101100010010010001010001110101001000011101010111100101110001110010110011101101101011111101000100111100101111011111110001000000101111
011010110011001100010100000111101110101101011101000000000010010001010001110101001000011101010111100101110001101101010011101101101011111101000100111100101111011111110001000000101111
011010110011001100010100000111101110101101011101100010110001010011110001110001111110100010110010101000110100010011000011101101101011111101000100111100101111011111110001000000101111
011010110011001100010100000111101110101101011101000000000010000100100100110100001110100010110010101000110100010010110011101101101011111101000100111100101111011111110001000000101111
011010110011001100010100000111101110101101011101000000000010010001010001110101001000011101010111100101110001110011000011101101101011111101000100111100101111011111110001000000101111
011010110011001100010100000111101110101101011101101100010010010001010001110101001000011101010111100101110001101101010011101101101011111101000100111100101111011111110001000000101111
011010110011001100010100001110000101100011111111101100010010010001010001110101001000011101010111100101110001110010110011101101101011111101000100111100101111011111110001000000101111
011010110011001100010100000111101110101101011101100010110001010011110001110001011100100010110010101000110100010011000011101101101011111101000100111100101111011111110001000000101111
011010110011001100010100000111101110101101011101101101111011101111001101110100101100100010110010101000110100010011000011101101101011111101000100111100101111011111110001000000101111
011010110011001100010100000111101110101101011101101101111011101111001101110100001110100010110010101000110100010011000011101101101011111101000100111100101111011111110001000000101111
011010110011001100010100000111101110101101011101100010110001010011110001010100001110100010110010101000110100010011000011101101101011111101000100111100101111011111110001000000101111
011010110011001100010100000111101110101101011101100010110001010011110001110101001000011101010111100101110001110010110011101101101011111101000100111100101111011111110001000000101111
011010110011001100010100000111101110101101011101000000000010010001010001110101001000011101010111100101110001111000010111101101101011111101000100111100101111011111110001000000101111
011010110011001100010100000111101110101101011101101100010010010001010001110101001000011101010111100101110001110011000011101101101011111101000100111100101111011111110001000000101111
011010110011001100010100000111101110101101011101100010110001010000000100110100001110100010110010101000110100010011000011101101101011111101000100111100101111011111110001000000101111
011010110011001100010100000111101110101101011101000000000010010001010001110100001110100010110010101000110100010011000011101101101011111101000100111100101111011111110001000000101111
011010110011001100010100000111101110100111001010000010101101000110111001110001111110100010110010101000110100010011000011101101101011111101000100111100101111011111110001000000101111
011010110011001100010100000111101110101101011101100010110001010011110001100111001110100010110010101000110100010011000011101101101011111101000100111100101111011111110001000000101111
011010110011001100010100000111101110101101011101100010110001010011110001110001111110100010110010101000110100010010110011101101101011111101000100111100101111011111110001000000101111
011010110011001100010100000111101110101101011101000000000010010001010001110101001000011101010111100101100111111011000011101101101011111101000100111100101111011111110001000000101111
011010110011001100010100000111101110101101011101000000000010010010100100110100001110100010110010101000110100010011000011101101101011111101000100111100101111011111110001000000101111
011010110011001100010100000111101110101101011101000000000010000100100110011101001110100010110010101000110100010011000011101101101011111101000100111100101111011111110001000000101111
101100101100000011000011111100000101100011111111101100010010010001010001110101001000011101010111100101110001110010110011101101101011111101000100111100101111011111110001000000101111
101100101100000011000011111100000101101001101011101100010010010001010001110101001000011101010111100101110001110010110011101101101011111101000100111100101111011111110001000000101111
011010110011001100010100000111101110101101011101100010110001010011110001111011100000110100100110111101110110011001110111011011101001010100000100111100101111011111110001000000101111
011010110011001100010100000111101110101101011101000000000010000100000011001100101000011101010111100101110001110010110011101101101011111101000100111100101111011111110001000000101111
011010110011001100010100000111101110101101011101000000000010010001010001110101001000011101010111100101100111111011000001101101101011111101000100111100101111011111110001000000101111
101100101100000011000011111100000101101001101011100101010001010000000100110100001110100010110010101000110100010011000011101101101011111101000100111100101111011111110001000000101111
011010110011001100010100001110000101100011111111101100010010010001010001110101001000011101010111100101110001101101010011101101101011111101000100111100101111011111110001000000101111
101100101100000011000011111100000101101001101010011111000100110001101010011000011101100010110010101000110100010011000011101101101011111101000100111100101111011111110001000000101111
