010100000111000000101001001110101010111011100010110111011101111101001001111010111110010100111111110011011011110001010111000100101011100000011111010101101000001000100110011000101110
010100000111000000101001001110101010111011100010110111011101111101001001111010111110010100111111110011011011110001010111000100101011100000011111010101101000001000100110011000111110
010100000111000000101001001110101010111011100010110111011101111101001001111010111110010100111111110011011011110001010111000100101011100000011111010101101000001000100110011000100101
010100000111000000101001001110101010111011100010110111011101111101001001111010111110010100111111110011011011110001010111000100101011100000011111010101101000001000110000010100111110
010100000111000000101001001110101010111011100010110111011101111101001001111010111110010100111111110011011011110001010111000100101011100000011111010101101000001000100110011001111110
010100000111000000101001001110101010111011100010110111011101111101001001111010111110010100111111110011011011110001010111000100101011100000011111010101101000001000110011011010111110
010100000111000000101001001110101010111011100010110111011101111101001001111010111110010100111111110011011011110001010111000100101011100000011111010101101000001001010111010011001110
010100000111000000101001001110101010111011100010110111011101111101001001111010111110010100111111110011011011110001010111000100101011100000011111010101101000110000000011100110111110
010100000111000000101001001110101010111011100010110111011101111101001001111010111110010100111111110011011011110001010111000100101011100000011111010101101000000001000010010001001110
010100000111000000101001001110101010111011100010110111011101111101001001111010111110010100111111110011011011110001010111000100101011100000011111010101101000001000100110011000110101
010100000111000000101001001110101010111011100010110111011101111101001001111010111110010100111111110011011011110001010111000100101011100000011111010101101000001000100110011000111000
010100000111000000101001001110101010111011100010110111011101111101001001111010111110010100111111110011011011110001010111000100101011100000011111010101101000001000100110011000101100
010100000111000000101001001110101010111011100010110111011101111101001001111010111110010100111111110011011011110001010111000100101011100000011111010101101000001000110011011010101110
010100000111000000101001001110101010111011100010110111011101111101001001111010111110010100111111110011011011110001010111000100101011100000011111010101101000001000110000111000101110
010100000111000000101001001110101010111011100010110111011101111101001001111010111110010100111111110011011011110001010111000100101011100000011111010101101000001000100110011001101110
010100000111000000101001001110101010111011100010110111011101111101001001111010111110010100111111110011011011110001010111000100101011100000011111010101101000001000100110011001110110
010100000111000000101001001110101010111011100010110111011101111101001001111010111110010100111111110011011011110001010111000100101011100000011111010101101000001000100110011000111011
010100000111000000101001001110101010111011100010110111011101111101001001111010111110010100111111110011011011110001010111000100101011100000011111010101101000001000100110011000111001
010100000111000000101001001110101010111011100010110111011101111101001001111010111110010100111111110011011011110001010111000100101011100000011111010101101101100100001100110111001110
010100000111000000101001001110101010111011100010110111011101111101001001111010111110010100111111110011011011110001010111000100101011100000011111010101101000001000100110011001011110
010100000111000000101001001110101010111011100010110111011101111101001001111010111110010100111111110011011011110001010111000100101011100000011111010101101101100100001100110010111110
010100000111000000101001001110101010111011100010110111011101111101001001111010111110010100111111110011011011110001010111000100101011100000011111010101101000001000100110011001101000
010100000111000000101001001110101010111011100010110111011101111101001001111010111110010100111111110011011011110001010111000100101011100000011111010101101101100101111110001110111110
010100000111000000101001001110101010111011100010110111011101111101001001111010111110010100111111110011011011110001010111000100101011100000011111010101101000001000100110011001100011
010100000111000000101001001110101010111011100010110111011101111101001001111010111110010100111111110011011011110001010111000100101011100000011111010101101000001000100110011001010101
010100000111000000101001001110101010111011100010110111011101111101001001111010111110010100111111110011011011110001010111000100101011100000011111010101101000001001010111010011010000
010100000111000000101001001110101010111011100010110111011101111101001001111010111110010100111111110011011011110001010111000100101011100000011111010101101000001000100110011001111111
010100000111000000101001001110101010111011100010110111011101111101001001111010111110010100111111110011011011110001010111000100101011100000011111010101101000001000100110011001110100
010100000111000000101001001110101010111011100010110111011101111101001001111010111110010100111111110011011011110001010111000100101011100000011111010101101000001000100110011001100100
010100000111000000101001001110101010111011100010110111011101111101001001111010111110010100111111110011011011110001010111000100101011100000011111010101101101100100001100110011101110
010100000111000000101001001110101010111011100010110111011101111101001001111010111110010100111111110011011011110001010111000100101011100000011111010101101000001000100110011001011100
010100000111000000101001001110101010111011100010110111011101111101001001111010111110010100111111110011011011110001010111000100101011100000011111010101101000001000100110011001110101
