111010010010111100101011110110101110111101001000001010111110100000111010000010001110011001111000001001111111000001001110011011001101000010001000001101100000001010010010001110100100
111010010010111100101011110110101110111101001000001010111110100000111010000010000100111000110000010011010101010001001110011011001101000010001000001101100000001010010010001110100100
111010010010111100101011110110101110111101001000001010111110100000111010000010001110011001111000001001111100010001001110011011001101000010001000001101100000001010010010001110100100
111010010010111100101011110110101110111101001000001010111110100000111010000010001110011001111000001001010101010001001110011011001101000010001000001101100000001010010010001110100100
111010010010111100101011110110101110111101001000001010111110100000111010000010001110011001111000001001101001011101001110011011001101000010001000001101100000001010010010001110100100
111010010010111100101011110110101110111101001000001010111110100000111010000010001111011001111000001001111111000001001110011011001101000010001000001101100000001010010010001110100100
111010010010111100101011110110101110111101001000001010111110100000111010000010001110011001111000001001111100111101001110011011001101000010001000001101100000001010010010001110100100
111010010010111100101011110110101110111101001000001010111110100000111010000010001110011100110101110001111111000001001110011011001101000010001000001101100000001010010010001110100100
111010010010111100101011110110101110111101001000001010111110100000111010000010001110011001111000101011110011100001001110011011001101000010001000001101100000001010010010001110100100
111010010010111100101011110110101110111101001000001010111110100000111010000010001110011001111000101010010101010001001110011011001101000010001000001101100000001010010010001110100100
111010010010111100101011110110101110111101001000001010111110100000111010000010001110011001111000001001000011111101001110011011001101000010001000001101100000001010010010001110100100
111010010010111100101011110110101110111101001000001010111110100000111010000010001110011100110101110000100001010001001110011011001101000010001000001101100000001010010010001110100100
111010010010111100101011110110101110111101001000001010111110100000111010000010001110011001111000011001111111000001001110011011001101000010001000001101100000001010010010001110100100
111010010010111100101011110110101110111101001000001010111110100000111010000010000100111000110000010011010110000001001110011011001101000010001000001101100000001010010010001110100100
111010010010111100101011110110101110111101001000001010111110100000111010000010001110011001111000001001111100011001001110011011001101000010001000001101100000001010010010001110100100
111010010010111100101011110110101110111101001000001010111110100000111010000010001110011001111000000011010101010001001110011011001101000010001000001101100000001010010010001110100100
111010010010111100101011110110101110111101001000001010111110100000111010000010001110011001111000101011110011111101001110011011001101000010001000001101100000001010010010001110100100
111010010010111100101011110110101110111101001000001010111110100000111010000010001110011001111000001001111111011110001110011011001101000010001000001101100000001010010010001110100100
111010010010111100101011110110101110111101001000001010111110100000111010000010001111011001110011110101101111000001001110011011001101000010001000001101100000001010010010001110100100
111010010010111100101011110110101110111101001000001010111110100000111010000010001110011001111000001001101001110001011011010011001101000010001000001101100000001010010010001110100100
111010010010111100101011110110101110111101001000001010111110100000111010000010001110011001111000001001101001011110001110011011001101000010001000001101100000001010010010001110100100
111010010010111100101011110110101110111101001000001010111110100000111010000010001110011001111000101011110011100001011011010011001101000010001000001101100000001010010010001110100100
111010010010111100101011110110101110111101001000001010111110100000111010000010001110011001111000001001111111000001011011010011001101000010001000001101100000001010010010001110100100
111010010010111100101011110110101110111101001000001010111110100000111010000010001110011001111000001001111111000001101100100101101101000010001000001101100000001010010010001110100100
111010010010111100101011110110101110111101001000001010111110100000111010000010000100111000110000010011010101010001011011010011001101000010001000001101100000001010010010001110100100
111010010010111100101011110110101110111101001000001010111110100000111010000010001110011001111000001000011001110001011011010011001101000010001000001101100000001010010010001110100100
111010010010111100101011110110101110111101001000001010111110100000111010000010001110011001111000001001010101010001011011010011001101000010001000001101100000001010010010001110100100
111010010010111100101011110110101110111101001000001010111110100000111010000010000011010110010011011100100101100001001110011011001101000010001000001101100000001010010010001110100100
111010010010111100101011110110101110111101001000001010111110100000111010000010001110011001111000001001111111110010010100000111100110011000101010100001011111011111001101110001011001
111010010010111100101011110110101110111101001000001010111110100000111010000010001110011001111000011000010011010010010100000111100110011000101010100001011111011111001101110001011001
111010010010111100101011110110101110111101001000001010111110100000111010000010001110011001111000001000001110011111110100101101110110001110101100001101100000001010010010001110100100
111010010010111100101011110110101110111101001000001010111110100000111010000010000100111000110000010011010110011111110100101101110110001110101100001101100000001010010010001110100100
