000101001010011001101101110011100011111011101000110001101101001001100000101101111011000110011001000110100110100110001001000000010000111010010111000100011111000001001001010100010001
101010111000110000101101110011100011111011101000110001101101001001100000101101111011000110011001000110100110100110001001000000010000111010010111000100011111000001001001010100010001
101111011010011001101101110011100011111011101000110001101101001001100000101101111011000110011001000110100110100110001001000000010000111010010111000100011111000001001001010100010001
000101000001110001101101110011100011111011101000110001101101001001100000101101111011000110011001000110100110100110001001000000010000111010010111000100011111000001001001010100010001
101111011010110101001101110011100011111011101000110001101101001001100000101101111011000110011001000110100110100110001001000000010000111010010111000100011111000001001001010100010001
000101001010110101001101110011100011111011101000110001101101001001100000101101111011000110011001000110100110100110001001000000010000111010010111000100011111000001001001010100010001
000101000001110000011111110011100011111011101000110001101101001001100000101101111011000110011001000110100110100110001001000000010000111010010111000100011111000001001001010100010001
000000101000001010110101110011100011111011101000110001101101001001100000101101111011000110011001000110100110100110001001000000010000111010010111000100011111000001001001010100010001
000101000001110011010000000111000011100101101000010001101101001001100000101101111011000110011001000110100110100110001001000000010000111010010111000100011111000001001001010100010001
000101001010011000101101110011100011111011101000110001101101001001100000101101111011000110011001000110100110100110001001000000010000111010010111000100011111000001001001010100010001
000101001010110000011111110011100011111011101000110001101101001001100000101101111011000110011001000110100110100110001001000000010000111010010111000100011111000001001001010100010001
101111010001100110010111000011110101100111000001010001101101001001100000101101111011000110011001000110100110100110001001000000010000111010010111000100011111000001001001010100010001
101111010001100110010111000011110101100111000001010000101101001001100000101101111011000110011001000110100110100110001001000000010000111010010111000100011111000001001001010100010001
101111101001101110010111000011110101100111000001010001101101001001100000101101111011000110011001000110100110100110001001000000010000111010010111000100011111000001001001010100010001
000101001010011001101001010011100011111011101000110001101101001001100000101101111011000110011001000110100110100110001001000000010000111010010111000100011111000001001001010100010001
000101001010110111010101110011100011111011101000110001101101001001100000101101111011000110011001000110100110100110001001000000010000111010010111000100011111000001001001010100010001
000101000000110000011111110011100011111011101000110001101101001001100000101101111011000110011001000110100110100110001001000000010000111010010111000100011111000001001001010100010001
101111101001101110010111000011110101100111000001010000101101001001100000101101111011000110011001000110100110100110001001000000010000111010010111000100011111000001001001010100010001
101111101001000001010101110011100011111011101000110001101101001001100000101101111011000110011001000110100110100110001001000000010000111010010111000100011111000001001001010100010001
000101001010011001101111000011110101100111000001010001101101001001100000101101111011000110011001000110100110100110001001000000010000111010010111000100011111000001001001010100010001
101111101001101101000111110011100011111011101000110001101101001001100000101101111011000110011001000110100110100110001001000000010000111010010111000100011111000001001001010100010001
000101000000110000101101110011100011111011101000110001101101001001100000101101111011000110011001000110100110100110001001000000010000111010010111000100011111000001001001010100010001
000101001010011001101111000011110101100111000001010000101101001001100000101101111011000110011001000110100110100110001001000000010000111010010111000100011111000001001001010100010001
000000101000001010011111110011100011111011101000110001101101001001100000101101111011000110011001000110100110100110001001000000010000111010010111000100011111000001001001010100010001
000101001000110000101101110011100011111011101000110001101101001001100000101101111011000110011001000110100110100110001001000000010000111010010111000100011111000001001001010100010001
000101111001110001101101110011100011111011101000110001101101001001100000101101111011000110011001000110100110100110001001000000010000111010010111000100011111000001001001010100010001
101111101000110000101101110011100011111011101000110001101101001001100000101101111011000110011001000110100110100110001001000000010000111010010111000100011111000001001001010100010001
101111010001100100110101110011100011111011101000110001101101001001100000101101111011000110011001000110100110100110001001000000010000111010010111000100011111000001001001010100010001
000101000001011110110000000111000011100101101000010001101101001001100000101101111011000110011001000110100110100110001001000000010000111010010111000100011111000001001001010100010001
101111011010100110010111000011110101100111000001010001101101001001100000101101111011000110011001000110100110100110001001000000010000111010010111000100011111000001001001010100010001
101010111010011001101101110011100011111011101000110001101101001001100000101101111011000110011001000110100110100110001001000000010000111010010111000100011111000001001001010100010001
000101110010011001101101110011100011111011101000110001101101001001100000101101111011000110011001000110100110100110001001000000010000111010010111000100011111000001001001010100010001
