010011111100111101001001011110010000000100011101001101010101101011010111111001100111001111000110010001000101011011100001110001101011000100010110110001110101010010100111100111110010
010011111100111101001001011110010000000100011101110000100101101011010111111001100111001111000110010001000101011011100001110001101011000100010110110001110101010010100111100111110010
010011111100111101001001011110010000000100011110000010000110100010110101111001100111001111000110010001000101011011100001110001101011000100010110110001110101010010100111100111110010
010011111100111101001001011110010000000100011101101101010101101011010111111001100111001111000110010001000101011011100001110001101011000100010110110001110101010010100111100111110010
010011111100111101001001011110010000000100011101110000100010100111010111111001100111001111000110010001000101011011100001110001101011000100010110110001110101010010100111100111110010
010011111100111101001001011110010000000100011101001101010101011000011100100111001001100101100011000001000101011011100001110001101011000100010110110001110101010010100111100111110010
010011111100111101001001011110010000000100011101100111110001101011010111111001100111001111000110010001000101011011100001110001101011000100010110110001110101010010100111100111110010
010011111100111101001001011110010000000100011101100000010001011011010111111001100111001111000110010001000101011011100001110001101011000100010110110001110101010010100111100111110010
010011111100111101001001011110010000000100011101110101010101101011010111111001100111001111000110010001000101011011100001110001101011000100010110110001110101010010100111100111110010
010011111100111101001001011110010000000100011110000010000100001011010111111001100111001111000110010001000101011011100001110001101011000100010110110001110101010010100111100111110010
010011111100111101001001011110010000000100011110001111000010001011010111111001100111001111000110010001000101011011100001110001101011000100010110110001110101010010100111100111110010
010011111100111101001001011110010000000100011110000010000110111011010111111001100111001111000110010001000101011011100001110001101011000100010110110001110101010010100111100111110010
010011111100111101001001011110010000000100011101010100000001101011010111111001100111001111000110010001000101011011100001110001101011000100010110110001110101010010100111100111110010
010011111100111101001001011110010000000100011000011111010101011000011100100111001001100101100011000001000101011011100001110001101011000100010110110001110101010010100111100111110010
010011111100111101001001011110010000000100011101110111100101101100111110011110011101010010000101000001000101011011100001110001101011000100010110110001110101010010100111100111110010
010011111100111101001001011110010000000100011101110101010101011000011100100111001001100101100011000001000101011011100001110001101011000100010110110001110101010010100111100111110010
010011111100111101001001011110010000000100011000011110000001101011010111111001100111001111000110010001000101011011100001110001101011000100010110110001110101010010100111100111110010
010011111100111101001001011110010000000100011101001100000011001001010111111001100111001111000110010001000101011011100001110001101011000100010110110001110101010010100111100111110010
010011111100111101001001011110010000000100011101111100100101101011010111111001100111001111000110010001000101011011100001110001101011000100010110110001110101010010100111100111110010
010011111100111101001001011110010000000100001110011010000100001011010111111001100111001111000110010001000101011011100001110001101011000100010110110001110101010010100111100111110010
010011111100111101001001011110010101000000011101001101010101101011010111111001100111001111000110010001000101011011100001110001101011000100010110110001110101010010100111100111110010
010010100111111001111010010010111100100000001000111011100001001011010111111001100111001111000110010001000101011011100001110001101011000100010110110001110101010010100111100111110010
010010100111111001111010010010111100100000001000111011101101101011010111111001100111001111000110010001000101011011100001110001101011000100010110110001110101010010100111100111110010
010010100111111001111010010010111100100000001000111011100001101011010111111001100111001111000110010001000101011011100001110001101011000100010110110001110101010010100111100111110010
010010100111111001111010010010111100100000001000111011100001000001000111111001100111001111000110010001000101011011100001110001101011000100010110110001110101010010100111100111110010
010010100111111001111010010010111100100000001000111011101101100011100001011001100111001111000110010001000101011011100001110001101011000100010110110001110101010010100111100111110010
010010100111111001111010010010111100100000001000111011101111001011010111111001100111001111000110010001000101011011100001110001101011000100010110110001110101010010100111100111110010
010010100111111001111010010010111100100000001000111011000010001011010111111001100111001111000110010001000101011011100001110001101011000100010110110001110101010010100111100111110010
010011111100111101001001011110010101000000011101101101010101101011010111111001100111001111000110010001000101011011100001110001101011000100010110110001110101010010100111100111110010
010010100111111001111010010010111100100000001000111011000010010011010111111001100111001111000110010001000101011011100001110001101011000100010110110001110101010010100111100111110010
010010100111111001111010010010111100100000001000111011100001011011010111111001100111001111000110010001000101011011100001110001101011000100010110110001110101010010100111100111110010
010010100111111001111010010010111100100000001000111011010101101011010111111001100111001111000110010001000101011011100001110001101011000100010110110001110101010010100111100111110010
