101110001011100110111100111001000100011100110011100101101011100100000011011010100011101010100111011100011001111101101111010101001100111111101101011100110100011011001000010111111111
101110001011100110111100111001000100011100110011100101101011100100000011011010100011101010100111011100011001111101101111010101001100111111101101010011110100011011001000010111111111
101110001011100110111100111001000100011100110011100101101011100100000011001010100011101010100111011100011001111101101111010101001100111111101101011100110100011011001000010111111111
011000001011100110111100111001000100011100110011100101101011100100000011011010100011101010100111011100011001111101101111010101001100111111101101011100110100011011001000010111111111
000110010001010000101000111001000100011100110011100101101011100100000011011010100011101010100111011100011001111101101111010101001100111111101101011100110100011011001000010111111111
101110001011100110111100111001000100011100110011100101101011100100000001110011100011101010100111011100011001111101101111010101001100111111101101011100110100011011001000010111111111
000111000101100110111100111001000100011100110011100101101011100100000011011010100011101010100111011100011001111101101111010101001100111111101101011100110100011011001000010111111111
000110010000001110111100111001000100011100110011100101101011100100000011011010100011101010100111011100011001111101101111010101001100111111101101011100110100011011001000010111111111
111011000101100110111100111001000100011100110011100101101011100100000011011010100011101010100111011100011001111101101111010101001100111111101101011100110100011011001000010111111111
001101000101100110111100111001000100011100110011100101101011100100000011011010100011101010100111011100011001111101101111010101001100111111101101011100110100011011001000010111111111
010011011100010111001101111001110010001000111001100111001011010111100011011010100011101010100111011100011001111101101111010101001100111111101101011100110100011011001000010111111111
101110001011100110111100111001000100011100110011100101101011100100000011011010100011101010100111011100011001111101101111010101001100111100101001010011110100011011001000010111111111
000110010000001101110000011110010100011100110011100101101011100100000011011010100011101010100111011100011001111101101111010101001100111111101101011100110100011011001000010111111111
101001011100010111001101111001110010001000111001100111001011010111100011011010100011101010100111011100011001111101101111010101001100111111101101011100110100011011001000010111111111
001101000100101101110000011110010100011100110011100101101011100100000011011010100011101010100111011100011001111101101111010101001100111111101101011100110100011011001000010111111111
101110001011100110111100111001000100011100110011100101111110101100000011011010100011101010100111011100011001111101101111010101001100111111101101011100110100011011001000010111111111
101110001011100110111100111001000100011100110011100101101011100100000011011010100011101010001101001100011001111101101111010101001100111111101101011100110100011011001000010111111111
101100000001010000101000111001000100011100110011100101101011100100000011011010100011101010100111011100011001111101101111010101001100111111101101011100110100011011001000010111111111
101110001011100110111100111001000100011100110011100101101011100100000011011010100011101010100111011100011001111101101111010100011000011111101101011100110100011011001000010111111111
101110001011100110111100111001000100011100110011100101101011100101010111111010100011101010100111011100011001111101101111010101001100111111101101011100110100011011001000010111111111
110001000101100110111100111001000100011100110011100101101011100100000011011010100011101010100111011100011001111101101111010101001100111111101101011100110100011011001000010111111111
001101000100101101111111101001000100011100110011100101101011100100000011011010100011101010100111011100011001111101101111010101001100111111101101011100110100011011001000010111111111
101110001011100110111100101100001100011100110011100101101011100100000011011010100011101010100111011100011001111101101111010101001100111111101101011100110100011011001000010111111111
100110001011100110111100111001000100011100110011100101101011100100000011011010100011101010100111011100011001111101101111010101001100111111101101011100110100011011001000010111111111
101110001011100110111100111001000100011100110011101111001111100100000011011010100011101010100111011100011001111101101111010101001100111111101101011100110100011011001000010111111111
110001000111001111111100111001000100011100110011100101101011100100000011011010100011101010100111011100011001111101101111010101001100111111101101011100110100011011001000010111111111
101110001011100110111100111001000100011100110011100101101011001110010011011010100011101010100111011100011001111101101111010101001100111111101101011100110100011011001000010111111111
101110001011100110110110011101000100011100110011100101101011100100000011011010100011101010100111011100011001111101101111010101001100111111101101011100110100011011001000010111111111
101110001011100110111100111001000100011100110011100101101011100100000011011010100011111111101111011100011001111101101111010101001100111111101101011100110100011011001000010111111111
101110001011100110111100111001000100011100110011100101101011100100000011011010100011101010100111011100011001111101101111010101001100111111101101011100110101001111101000010111111111
101110001011100110111100111001000100011100110110110111101011100100000011011010100011101010100111011100011001111101101111010101001100111111101101011100110100011011001000010111111111
010001010101100110111100111001000100011100110011100101101011100100000011011010100011101010100111011100011001111101101111010101001100111111101101011100110100011011001000010111111111
