111001010011100000111010011100000110010111110100101110111100100010101011100001111010010111010100010111110000101010101011101101011010100101000001101010101100111100101111110100100111
111001010011100000010110000100010010011001010011101111001100100010101011100001111010010111010100010111110000101010101011101101011010100101000001101010101100111100101111110100100111
111001010011100000111011010100111010001000111010101110111100100010101011100001111010010111010100010111110000101010101011101101011010100101000001101010101100111100101111110100100111
111001010011100000111010011100000110010111110100101101001100100010101011100001111010010111010100010111110000101010101011101101011010100101000001101010101100111100101111110100100111
111001010011100000010110000100010010011001010011101001111000010100101001001000111010010111010100010111110000101010101011101101011010100101000001101010101100111100101111110100100111
111000010000100110100011110010001110100010100001101001111000010100101001001000111010010111010100010111110000101010101011101101011010100101000001101010101100111100101111110100100111
111000010000100110100011110010010000011000101101010101111100101000110111111011110011110011101011101011100000101010101011101101011010100101000001101010101100111100101111110100100111
111001010011100000111011010100111010001000111010101101001100100010101011100001111010010111010100010111110000101010101011101101011010100101000001101010101100111100101111110100100111
111001010011100000001100000101000100000001010011101111001100100010101011100001111010010111010100010111110000101010101011101101011010100101000001101010101100111100101111110100100111
111001010011100000111011010100100100110010110111101001111000010100101001001000111010010111010100010111110000101010101011101101011010100101000001101010101100111100101111110100100111
111001010011100000010110000100010010011001010011101110111100100010101011100001111010010111010100010111110000101010101011101101011010100101000001101010101100111100101111110100100111
111001010011100000001100000101000100000001010011101001111000010100101001001000111010010111010100010111110000101010101011101101011010100101000001101010101100111100101111110100100111
111001010011100010110101001011010011001101110011101111001100100010101011100001111010010111010100010111110000101010101011101101011010100101000001101010101100111100101111110100100111
111001010011100000111011010100111010001000111011011101001100100010101011100001111010010111010100010111110000101010101011101101011010100101000001101010101100111100101111110100100111
111001101011000101101000011110110010111101101110011110111100100010101011100001111010010111010100010111110000101010101011101101011010100101000001101010101100111100101111110100100111
111001101010100010111111101111010011001101110011101111001100100010101011100001111010010111010100010111110000101010101011101101011010100101000001101010101100111100101111110100100111
111000001100101100101001010110001100001010010010011110111100100010101011100001111010010111010100010111110000101010101011101101011010100101000001101010101100111100101111110100100111
111000001100101100000000111000000110010111110100101110111100100010101011100001111010010111010100010111110000101010101011101101011010100101000001101010101100111100101111110100100111
111000001100101100001111011011100101001111011010101110111100100010101011100001111010010111010100010111110000101010101011101101011010100101000001101010101100111100101111110100100111
111001010011100000111011010100111010001000111011011110111100100010101011100001111010010111010100010111110000101010101011101101011010100101000001101010101100111100101111110100100111
111001101011000101101000011110110010111101101110011001111000010100101001001000111010010111010100010111110000101010101011101101011010100101000001101010101100111100101111110100100111
111001011000100110100011110010001110100010100001101001111000010100101001001000111010010111010100010111110000101010101011101101011010100101000001101010101100111100101111110100100111
111001010011100000111100010000001100001010010010011110111100100010101011100001111010010111010100010111110000101010101011101101011010100101000001101010101100111100101111110100100111
111000001100101100000000111001000000011100010111011001111000010100101001001000111010010111010100010111110000101010101011101101011010100101000001101010101100111100101111110100100111
111000001100101100101001010110001110100010100001101001111000010100101001001000111010010111010100010111110000101010101011101101011010100101000001101010101100111100101111110100100111
111001011000001100101001010110001100001010010010011110111100100010101011100001111010010111010100010111110000101010101011101101011010100101000001101010101100111100101111110100100111
111001101010100010111111101111010011001101110011101001111000010100101001001000111010010111010100010111110000101010101011101101011010100101000001101010101100111100101111110100100111
111000001100101100001111111010011011000110110111101001111000010100101001001000111010010111010100010111110000101010101011101101011010100101000001101010101100111100101111110100100111
111001010011100000111011010100111010001000111011011001111000010100101001001000111010010111010100010111110000101010101011101101011010100101000001101010101100111100101111110100100111
111001010011100010110101001011010011001101110011101001111000010100101001001000111010010111010100010111110000101010101011101101011010100101000001101010101100111100101111110100100111
111001010011101000010110000100010010011001010011101111001100100010101011100001111010010111010100010111110000101010101011101101011010100101000001101010101100111100101111110100100111
111001101010100010111111101111010011001101110011011110001100100010101011100001111010010111010100010111110000101010101011101101011010100101000001101010101100111100101111110100100111
