011000000100101010100111000010000110010101011110010000001100000000110000010010111010101101101000111111100111010011111010110100101001101111111011101111011110001100110111101110000101
011000000100101010100111000010000110010101011110010000001100000000110000010010111010101101101000111111100111010011111010110100101001101111011101100110111000000000111110101110000101
011000000100101010100111000010000110010101011110010000001100000000110000010010111010101101101000111111100111010011111010110100011000111111111011101111011110001100110111101110000101
011000000100101010100111000010000110010101011110010000001100000000110000010010111010101101101000111111100111010011111010110100101001101010101001101111011110001100110111101110000101
011000000100101010100111000010000110010101011110010000001100000000110000010010111010101101101000111111100111010011111010110100011000111010101001101111011110001100110111101110000101
011000000100101010100111000010000110010101011110010000001100000000110000010010111010101101101000111111100111010011111010110100011000101111111011101111011110001100110111101110000101
011000000100101010100111000010000110010101011110010000001100000000110000010010111010101101101000111111100111010011111010110100101001100001100111111101111001010100011110101110000101
011000000100101010100111000010000110010101011110010000001100000000110000010010111010101101101000111111100111010011111010110100101001100100110101111101111001010100011110101110000101
011000000100101010100111000010000110010101011110010000001100000000110000010010111010101101101000110101001000110000001011101001111011101111111011101111011110001100110111101110000101
011000000100101010100111000010000110010101011110010000001100000000110000010010111010111000100000111111100111010011111010110100101001101111111011101111011110001100110111101110000101
011000000100101010100111000010000110010101011110010000001100000000110000010010111010101101101000111111100111010011111010110100101001101100010011101111011110001100110111101110000101
011000000100101010100111000010000110010101011110010000001100000000110000010010111010101101101000111111100111010011111010110100101000011111111011101111011110001100110111101110000101
011000000100101010100111000010000110010101011110010000001100000000110000010010111010101101101000111111100111010011111010110100011000111011101000001011010010110110111110101110000101
011000000100101010100111000010000110010101011110010000001100000000110000010010111010101111100000111111100111010011111010110100101001101111111011101111011110001100110111101110000101
011000000100101010100111000010000110010101011110010000001100000000110000010010111010101101101000111111100111010011111010110100101001111010101001101111011110001100110111101110000101
011000000100101010100111000010000110010101011110010000001100000000110000010010111010101101101000111111100111010011111010110100011000111011101000001011010010110110110111101110000101
011000000100101010100111000010000110010101011110010000001100000000110000010010111010101101101000111111100111010011111010110100101001101111110001001011011110001100110111101110000101
011000000100101010100111000010000110010101011110010000001100000000110000010010111010101101101000111111100111010011111010110100011000101010101001101111011110001100110111101110000101
011000000100101010100111000010000110010101011110010000001100000000110000010010111010101101101000111111100111010011111010011110111001101111111011101111011110001100110111101110000101
011000000100101010100111000010000110010101011110010000001100000000110000010010111010101011001111011110110110000010000000100000001011011111111011101111011110001100110111101110000101
011000000100101010100111000010000110010101011110010000001100000000110000010010111010101011001111011110110110000010000000100000001011011101111011101111011110001100110111101110000101
011000000100101010100111000010000110010101011110010000001100000000110000010010111010101101101000111111100101110000000101001101100101111111111011101111011110001100110111101110000101
011000000100101010100111000010000110010101011110010000001100000000110000010010111010101101101000111111100111010011111010110100011001100001100111111101111001010100011110101110000101
011000000100101010100111000010000110010101011110010000001100000000110000010010111010101100001001110111100111010011111010110100101001101111111011101111011110001100110111101110000101
011000000100101010100111000010000110010101011110010000001100000000110000010010111010101100100110011011100100100011010011101001111011101111111011101111011110001100110111101110000101
011000000100101010100111000010000110010101011110010000000010100001101101000101001010101101101000111111100111010011111010110100101001101111111011101111011110001100110111101110000101
110010010100101010100111000010000110010101011110010000001100000000110000010010111010101101101000111111100111010011111010110100101001101111111011101111011110001100110111101110000101
011000000100101010100111000010000110010101011110010000001100000000110000010111101000100011100001101011001101101010111110100001010101100001100111111101111001010100011110101110000101
011000000100101010100111000010000110010101011110010000000010100001101101000101001010101100100110011011100100100011010011101001111011101111111011101111011110001100110111101110000101
011000000100101010100111000010000110010101011110010000001100000000110000010001110100101000010011010100011010100111001011000011000100101111111011101111011110001100110111101110000101
011000000100101010100111000010000110010101011110010000000010100001101101000101001010101100001100001010010101101000101101010011000100101111111011101111011110001100110111101110000101
011000000100101010100111000010000110010101011110010000000010100001101101000101001010101100100110011011100111010011111010110100101001101111111011101111011110001100110111101110000101
