001101011010101101010000001011000011111111010000111110010111111110000001110001000101001101101000111100110011110011111011100011101010010010100111100011111010000000010100001000100011
001101011010101101010000001011000011111111010000111110010111111110000001110001000101001101101000111100110011110011111011100011101010010010100111101001011001111111011010010100100011
001101011010101101010000001011000011111111010000111110010111111110000001110001000101001101101000111100110011110011111011100011101010010010100111101001001001111111011010010100100011
001101011010101101010000001011000011111111010000111110010111111110000001110001000101001101101000111100110011110011111011100011101010010010100111101001011100000001100000001000100011
001101011010101101010000001011000011111111010000111110010111111110000001110001000101001101110101100001000101010101101011100011101010010010100111100011111010000000010100001000100011
001101011010101101010000001011000011111111010000111110010111111110000001110001000101001101110101100001000101010101101011100011101010010010100111101001011001111111011010010100100011
001101011010101101010000001011000011111111010000111110010111111110000001100111110101001000001100101001110001101011101000000111110001001010101101001101011001111111011010010100100011
001101011010101101010000001011000011111111010000111110010111111110000001110001000101001101110101100001000101010101101011100011101010010010100111101001001001111111011010010100100011
001101011010101101010000001011000011111111010000111110010111111110000001110001000101001101110101100001000101010101100111010101101000111011100110110000001001111111011010010100100011
001101011010101101010000001011000011111111010000111110010111111110000001110001000101001101101000111100110011110011111011100011101010010010100111100011111100000001100000001000100011
001101011010101101010000001011000011111111010000111110010111111110000001110001000101001101110101100001000101010101101011100011101010010010100111101001011100000001100000001000100011
001101011010101101010000001011000011111111010000111110010111111110000001110001000101001101101000111100110011110011111011100011101010010010100111101000101110000000010100001000100011
001101011010101101010000001011000011111111010000111110010111111110000001110001000101001101101000111100110011110011111011100011101010010010100110111000101110000000010100001000100011
001101011010101101010000001011000011111111010000111110010111111110000001110001000101001101101000111100110011110011111011100011101010010010100111101001011100011000111001110110111011
001101011010101101010000001011000011111111010000111110010111111110000001110001000101001101101000111100110011110011111011100011101010010010100111100101111111110010011100110000100011
001101011010101101010000001011000011111111010000111110010111111110000001110001000101001101101000111100110011110011111011100011101010010010100111100101100110000000010100001000100011
001101011010101101010000001011000011111111010000111110010111111110000001100010100111010011001101111101010001000110001000101101100001000000111111100111011001111111011010010100100011
001101011010101101010000001011000011111111010000111110010111111110000001110001000101001101101000111100110011110000110100001101010001001010101101001101011001111111011010010100100011
001101011010101101010000001011000011111111010000111110010111111110000001110001000101001101110101100001000101010101100111010101101000111011100110110000001001101111100011010100110011
000011110110010010011010100000010110000111111110100001111100101111111100000011100010001010011011101011000010001010101011001110110101101110010010101101100110000000010100001000100011
001101011010101101010000001011000011111111010000111110010111111110000001110001000101001101101000111100110011110011111011100011101010010010101101001101011001111111011010010100100011
000011110110010010011010100000010110000111111110100001111100101111111100000011100010001010011011010001111001100111100111011000100010110110000100000011111010000000010100001000100011
001101011010101101010000001011000011111111010000111110010111111110000001110001000101001101110101100001000101010101101011100011101010010010100111100011111100000001100000001000100011
001101011010101101010000001011000011111111010000111110011101010001010101011011000101001110100110011011111010100010001100010001011011000010000001111111001010000000010100001000100011
000011110110010010011010100000010110000111111110100001111100101111111100000011001111101010010000011001010011100011010101000000100101100001100011101000101110000000010100001000100011
000011110110010010011010100000010110000111111110100001111100101111111100000011000101001110100110011011111010100010001100010001011011000010000001111111001010000000010100001000100011
001101011010101101010000001011000011111111010000111110011101010001010101011011000101001110100110011011111010100010001100010001011011000010000001111101111111110010011100110000100011
001101011010101101010000001011000011111111010000111110011101010001010101011011000101001110100110011011111010100010001100010001011011000010000001111100000001111111011010010100100011
000011110110010010011010100000010110000111111110100001111100111010100010101010110110001010011101001100110111110101000100011000100010110110000100000011111010000000010100001000100011
000011110110010010011010100000010110000111111110100001111100101111111100000011000101001110100110011011111010100010001100010001011011000010000001111101111111110010011100110000100011
000011110110010010011010100000010110000111111110100001111100101111111100000011001111101010010000011001010011100011010101000000100101100100110001101001001001111111011010010100100011
000011110110010010011010100000010110000111111110100001111100101111111100000011100010001010011011101011000010001010101011001110110101101110010010100101111111110010011100110000100011
