110010100010101111110000111110111101011100001100101011111100011101001101101111100110110100010111111010010011110101010110101111010100100000001110001100101100100100110000000100101011
110010100010101111110000111110111101011100001100101011111100011101001101101111100110110100010111110001100001110101010110101111010100100000001110001100101100100100110000000100101011
110010100010101111110000111110111101011100001100101011111100011101001101101111100110110100010111111000111010110101010110101111010100100000001110001100101100100100110000000100101011
110010100010101111110000111110111101011100001100101011111100011101001101101111100110110100010110000110110011110101010110101111010100100000001110001100101100100100110000000100101011
110010100010101111110000111110111101011100001100101011111100011101001101101111100110110100010111110011001000110101010110101111010100100000001110001100101100100100110000000100101011
110010100010101111110000111110111101011100001100101011111100011101001101101111100110110100010010110001100001110101010110101111010100100000001110001100101100100100110000000100101011
110010100010101111110000111110111101011100001100101011111100011101001101101111100110110100010111111000001011110101010110101111010100100000001110001100101100100100110000000100101011
110010100010101111110000111110111101011100001100101011111100011101001101101111100110110100010111110001010011110101010110101111010100100000001110001100101100100100110000000100101011
110010100010101111110000111110111101011100001100101011111100011101001101101111100110110100010111110010010011110101010110101111010100100000001110001100101100100100110000000100101011
110010100010101111110000111110111101011100001100101011111100011101001101101111100110110100010101111010010011110101010110101111010100100000001110001100101100100100110000000100101011
110010100010101111110000111110111101011100001100101011111100011101001101101111100110110100010111111011001000110101010110101111010100100000001110001100101100100100110000000100101011
110010100010101111110000111110111101011100001100101011111100011101001101101111100110110100010111110011001011110101010110101111010100100000001110001100101100100100110000000100101011
110010100010101111110000111110111101011100001100101011111100011101001101101111100110100001011111111010010011110101010110101111010100100000001110001100101100100100110000000100101011
110010100010101111110000111110111101011100001100101011111100011101001101101111100110110100010010011010010011110101010110101111010100100000001110001100101100100100110000000100101011
110010100010101111110000111110111101011100001100101011111100011101001101101111100110110100010111110011010011110101010110101111010100100000001110001100101100100100110000000100101011
110010100010101111110000111110111101011100001100101011111100011101001101101111100110110100010010010001100001110101010110101111010100100000001110001100101100100100110000000100101011
110010100010101111110000111110111101011100001100101011111100011101001101101111100110110100010111111010010011110101010110101111010100100000001110001100101100100100110011001010101011
110010100010101111110000111110111101011100001100101011111100011101001101101111100110110100010111111010010011110101000011100111010100100000001110001100101100100100110000000100101011
110010100010101111110000111110111101011100001100101011111100011101001101101111100110110100010011111010010011110101010110101111010100100000001110001100101100100100110000000100101011
110010100010101111110000111110111101011100001100101011111100011101001101101111100110110100010110101110110011110101010110101111010100100000001110001100101100100100110000000100101011
110010100010101111110000111110111101011100001100101011111100011101001101101111100110110100010010010011001000110101010110101111010100100000001110001100101100100100110000000100101011
110010100010101111110000111110111101011100001100101011111100011101001101101111100110110100010010010110010011110101010110101111010100100000001110001100101100100100110000000100101011
110010100010101111110000111110111101011100001100101011111100011101001101101111100110110100010010110011001000110101010110101111010100100000001110001100101100100100110000000100101011
110010100010101111110000111110111101011100001100101011111100011101001101101111100110110100010111010010010011110101010110101111010100100000001110001100101100100100110000000100101011
110010100010101111110000111110111101011100001100101011111100011101001101101111100110110100010110000110110011010101010110101111010100100000001110001100101100100100110000000100101011
110010100010101111110000111110111101011100001100101011111100011101001101101111100110110100010111111001100001110101010110101111010100100000001110001100101100100100110000000100101011
110010100010101111110000111110111101011100001100101011111100011101001101101111100110110100010111111111000010010101010110101111010100100000001110001100101100100100110000000100101011
110010100010101111110000111110111101011100001100101011111100011101001101101111100110110100010111110000001000110101010110101111010100100000001110001100101100100100110000000100101011
110010100010101111110000111110111101011100001100101011111100011101001101101111100110110100010111110010100001110101010110101111010100100000001110001100101100100100110000000100101011
110010100010101111110000111110111101011100001100101011111100011101001101101111100110110100010111111000001000110101010110101111010100100000001110001100101100100100110000000100101011
110010100010101111110000111110111101011100001100101011111100011101001101101111100110110100010111111010100011110101010110101111010100100000001110001100101100100100110000000100101011
110010100010101111110000111110111101011100001100101011111100011101001101101111100110110100010111111010010011110101010110101111010100100000001110001100101100100100110000000101110110
