000111011100011101111001001111100101101101011111001001001000111010010011001100001000101001010000010111001100111100000000010111000000101001010110110011011110001010000110000000110101
000111011100011101111001001111100101101101011111001001001010001011000111001100000011010100010101001011001110111101010110111110111111110110110111101111110010001010000110000000110101
000111011100011101111001001111100101101101011111001001011000110010111011000100010001010000100111000001000111100111111011000101010000001011110001110111110010001010000110000000110101
000111011100011101111001001111100101101101011111001001000011110011101111100100111100110000001101010001010100101100111011110101011011111011111111011011011110001010000110000000110101
000111011100011101111001001111100101101101011111001001001000111010010011001100001000101001010001000000110110101101011111000000111100001110100011110110010010001010000110000000110101
000111011100011101111001001111100101101101011111001001001010001011000111001100000011010100010101001011001110111101010110111110111111110101111100111100010010001010000110000000110101
000111011100011101111001001111100101101101011111001001011000110010111011000100010001010000100111000000110110101101011111000000111100001110100011110110010010001010000110000000110101
000111011100011101111001001111100101101101011111001000010110111011010111000001000011010011110101000011101110100111111011000101010000001011110001110111110010001010000110000000110101
000111011100011101111001001111100101101101011111001001001010001011000111001100000011010100010101001011001110111101010110111110111111110110111100111100010010001010000110000000110101
000111011100011101111001001111100101101101011111001001001000111010010011000100010001010000100111000001000111100111111011000101010000001011110001110111110010001010000110000000110101
000111011100011101111001001111100101101101011111001001001000111010010010100011001010010011101111100001001100111100000000010111000000101001010110110011011110001010000110000000110101
000111011100011101111001001111100101101101011111001001001000111010010011001100001000101001010000010111001100111100000000010111000000101001010110110011011101110110010110000000110101
000111011100011101111001001111100101101101011111001001001000111010010011000100010001010000100111000000110110101101011111000000111100001110100011110110010010001010000110000000110101
000111011100011101111001001111100101101101011111001000011000110010111011000100010001010000100111000000110110101101011111000000111100001110100011110110010010001010000110000000110101
000111011100011101111001001111100101101101011111001001001000111010010011001100001000101001010001000000110110101101011111000000111100001110100011110111110010001010000110000000110101
000111011100011101111001001111100101101101011111001001011000110010111011000100010001010000100111000000110110101101011111000000111100001110100011110111110010001010000110000000110101
000111011100011101111001001111100101101101011111001001000011110011101111100100111100110000001101010001010100101100111011110101010000001011110001110111110010001010000110000000110101
000111011100011101111001001111100101101101011111001000011000110010111011000100010001010000100111000001000111100111111011000101010000001011110001110111110010001010000110000000110101
000111011100011101111001001111100101101101011111001001001010001011000111001100000011010100010101001011001110111101010110111110111111110100000110111100010010001010000110000000110101
000111011100011101111001001111100101101101011111001001001010001011000111001100000011010100010101001011001110111101010000100000000101100011110010010000110110100000111101101001011001
000111011100011101111001001111100101101101011111001001001010001011000111001100000011010100010101001011001110111101010110111110111111110110111101001011110110100000111101101001011001
000111011100011101111001001111100101101101011111001001001010001011000111001100000011010100010101001011001110111101010110111110111111110100000111010000110110100000111101101001011001
000111011100011101111001001111100101101101011111001001001010001011000111001100000011010100010101001011001110111101010110111110111111110110110111101100001011010100110111001010011001
000111011100011101111001001111100101101101011111001001001010001011000111001100000011010100010101001011001110111101010000001010010101101100000011011111110110100000111101101001011001
000111011100011101111001001111100101101101011111001001001010001011000111001100000011010100010101001011001110111101010110111110111111110110000111010000110110100000111101101001011001
000111011100011101111001001111100101101101011111001001001010001011000111001100000011010100010101001011001110111101010110111110111111110110110111101111110110100000111101101001011001
000111011100011101111001001111100101101101011111001001001010001011000111001100000011010100010101001011001110111101010110111110111111110110111101001011110111110100110111001010011001
000111011100011101111001001111100101101101011111001001001010001011000111001100000011010100010101001011001110111101010110111110111111110110000001001001110000100010111110100110001110
000111011100011101111001001111100101101101011111001001001010001011000111001100000011010100010101001011001110111101010110111110111111110110000001001011110110100000111101101001011001
000111011100011101111001001111100101101101011111001001001010001011000111001100000011010100010101001011001110111101010110111110111111110110101000000110000111110100110111001010011001
000111011100011101111001001111100101101101011111001001001010001011000111001100000011010100010101001011001110111101010000100000000101101100000011011111110110100000111101101001011001
000111011100011101111001001111100101101101011111001001001010001011000111001100000011010100010101001011001110111101010110111110111111110110000100000001010001000101111110100110001110
