011111111110011001101111010100111000000000101100111001110010110000111001001010100110110001111101101000100010111011110001100100000001001010101010001110010010011010110001101111001111
011111111110011001100101001111111001010100001100111001110010110000111001001010100110110001111101101000100010111011110001100100000001001010101010001110010010011010110001101111001111
011111111110011001101111110100111000000000101100111001110010110000111001001010100110110001111101101000100010111011110001100100000001001010101010001110010010011010110001101111001111
011111111110011001101010111100001111110001011110111001110010110000111001001010100110110001111101101000100010111011110001100100000001001010101010001110010010011010110001101111001111
011111111111111110100101001111111001010100001100111001110010110000111001001010100110110001111101101000100010111011110001100100000001001010101010001110010010011010110001101111001111
011111111110011001101011110100111000000000101100111001110010110000111001001010100110110001111101101000100010111011110001100100000001001010101010001110010010011010110001101111001111
011111111110011001101000101111010011000100001100111001110010110000111001001010100110110001111101101000100010111011110001100100000001001010101010001110010010011010110001101111001111
011111111110011001101110110100010010010000111010011001110010110000111001001010100110110001111101101000100010111011110001100100000001001010101010001110010010011010110001101111001111
011111111110011001101110101011010100101111000010010001110010110000111001001010100110110001111101101000100010111011110001100100000001001010101010001110010010011010110001101111001111
011111111110011001101010111100010010010000111010011001110010110000111001001010100110110001111101101000100010111011110001100100000001001010101010001110010010011010110001101111001111
011111111110011001101110101100100011111000101100111001110010110000111001001010100110110001111101101000100010111011110001100100000001001010101010001110010010011010110001101111001111
011111111110011001100010001111111001010100001100111001110010110000111001001010100110110001111101101000100010111011110001100100000001001010101010001110010010011010110001101111001111
011111111110011001101111010100111000000000101100111001110010110000111001001010100110110001111101101000100010111011110001100100000001001010101010001110000110011010110001101111001111
011111111110011001101101010100111000000000101100111001110010110000111001001010100110110001111101101000100010111011110001100100000001001010101010001110010010011010110001101111001111
011111111110011001100101001111111001010100001100111001110010110000111001001010100110110001111101101000100010111011110001100100000001001010101010001110000110011010110001101111001111
011111111110011001101000101111010011000100011010011001110010110000111001001010100110110001111101101000100010111011110001100100000001001010101010001110010010011010110001101111001111
011111111110011001100110010100010010010000111010011001110010110000111001001010100110110001111101101000100010111011110001100100000001001010101010001110010010011010110001101111001111
011111111110011001101111110100111000000000101100111001110010110000111001001010100110110001111101101000100010111011110001100100000001001010101010001110000110011010110001101111001111
011111111110011001101111010100111000000000101100111001110010110000111001001010100110110001111101101000100010111011110001100100000001001010101010001110001111110110110100111101001101
011111111110011001101001000111111001010100001100111001110010110000111001001010100110110001111101101000100010111011110001100100000001001010101010001110010010011010110001101111001111
011111111110011001100101001111111001010100001100111001110010110000111001001010100110110001111101101000100010111011110001100100000001001010101010001110001111110110110100111101001101
011111111110011001101111010100111000000000101100111001110010110000111001001010100110110001111101101000100010111011110001100100000001001010101010001110001011101011110001111101001101
011111111110011001100101001111111001010100001100111001110010110000111001001010100110110001111101101000100010111011110001100100000001001010101010001110001011101011110001111101001101
011111111110011001101111010100111000000000101100111001110010110000111001001010100110110001111101101000100010111011110001100100000001001010101010001110001011101011110001110000101101
011111111110011001101111101011111110111111010100011001110010110000111001001010100110110001111101101000100010111011110001100100000001001010101010001110010010011010110001101111001111
011111111110011001100101001111111001010100001100111001110010110000111001001010100110110001111101101000100010111011110001100100000001001010101010001110001011101011110001110000101101
011111111110011001100000010100111000000000101100111001110010110000111001001010100110110001111101101000100010111011110001100100000001001010101010001110010010011010110001101111001111
011111111110011001101111010100111000000000101100111001110010110000111001001010100110110001111101101000100010111011110001100100000001001010101010001110010110011010110001101111001111
011111111110011001101111110100111000000000101100111001110010110000111001001010100110110001111101101000100010111011110001100100000001001010101010001110001011101011110001110000101101
011111111110011001101111010100111000000000101100111001110010110000111001001010100110110001111101101000100010111011110001100100000001001010101010001110010010000111110100101111001111
011111111110011001101010111100001111110001011110111001110010110000111001001010100110110001111101101000100010111011110001100100000001001010101010001110001011101011110001110000101101
011111111110011001100101001111111001010100001100111001110010110000111001001010100110110001111101101000100010111011110001100100000001001010101010001110010010000111110100101111001111
