011110110011111001001100010110101011011110010011100110110001101011111101011111100110110101110110001000001000000111111010010000011111101011101101001000110111000001000100110010000010
011110110011111001001100010110101011011110010011100110110001101011111101011111100110110101110110001000001000000111111010010000011111101011101101001000110111000001000111010010000010
011110110011111001001100010110101011011110010011100110110001101011111101011111100110110101110110001000001000000111111010010000011111101011101101001000110111000010100100110010000010
011110110011111001001100010110101011011110010011100110110001101011111101011111100110110101110110001000001000000111111010010000011111101011101101001000110111000001010010100010000010
100110100010110001110110100000001101011001110011011000110101111110101111110011011010111011000100000100000011111101001000001111110101110110100100011011100000101001111101010010000010
011000011000111101001001011101001110000110010011100110110001101011111101011111100110110101110110001000001000000111111010010000011111101011101101001000110111000001000100110010000010
011000011000111101001100010110101011011110010011100110110001101011111101011111100110110101110110001000001000000111111010010000011111101011101101001000110111000001000100110010000010
100110100010110001110110100000001101011001110011011000110101111110101111110011011010111011000100000100000011111101001000001111110101110110100100011011100000100011111101010010000010
011000011000111101001110001101101010001010110011100110110001101011111101011111100110110101110110001000001000000111111010010000011111101011101101001000110111000001000100110010000010
011110110011111001001100010110101011011110010011100110110001101011111101011111100110110101110110001000001000000111111010010000011111101011101101001000110111000011101011010010000010
011110110011111001001100010110101011011110010011100110110001101011111101011111100110110101110110001000001000000111111010010000011111101011101101001000110111000011111101010010000010
011000011000111101001001011101001110000110010011100110110001101011111101011111100110110101110110001000001000000111111010010000011111101011101101001000110111000001000111010010000010
011010000000110101011110100101101111001001110011011000110101111110101111110011011010111011000100000100000011111101001000001111110101110110100100011011100000101001111101010010000010
011000011000111101001100010110101011011110010011100110110001101011111101011111100110110101110110001000001000000111111010010000011111101011101101001000110111000001000111010010000010
011000011000111101010011000110001111010010110111010000101001001011111101011111100110110101110110001000001000000111111010010000011111101011101101001000110111000001000100110010000010
011000011001000101001110001101101010001010110011100110110001101011111101011111100110110101110110001000001000000111111010010000011111101011101101001000110111000001000100110010000010
011010000000110101011110100101101111001001110011011000110101111110101111110011011010111011000100000100000011111101001000001111110101110110100100011011100000100011111101010010000010
011000011000111101001100010001000000110111101000010100100101111110101111110011011010111011000100000100000011111101001000001111110101110110100100011011100000101001111101010010000010
011000011000000100111000111111111010101100001111001110100101101011111101011111100110110101110110001000001000000111111010010000011111101011101101001000110111000001000100110010000010
100111011010010010001011110100010111011111100111010010110101111110101111110011011010111011000100000100000011111101001000001111110101110110100100011011100000101001111101010010000010
011000011000111101100011010011000111011001101111010000101001001011111101011111100110110101110110001000001000000111111010010000011111101011101101001000110111000001000100110010000010
011110110011111001001100010110101011011110010011100110110001101011111101011111100110110101110110001000001000000111111010010000011111101011101101001000110111000000110101010010000010
011000001000111110011010101000000011011110010011100110110001101011111101011111100110110101110110001000001000000111111010010000011111101011101101001000110111000001000100110010000010
011110110011111001001100010110101011011110010011100110110001101011111101011111100110110101110110001000001000000111111010010000011111101011101101001000110111000011100100110010000010
011000011000000100111000111111111010011110010011100110110001101011111101011111100110110101110110001000001000000111111010010000011111101011101101001000110111000001000100110010000010
011110110011111001001100010110101011011110010011100110110001101011111101011111100110110101110110001000001000000111111010010000011111101011101101001000110111000001010100110010000010
011000011001000101001110001101101010001010110011100110110001101011111101011111100110110101110110001000001000000111111010010000011111101011101101001000110111000001000111010010000010
011000011000000100111000111111111010101100001111001110100101111110101111110011011010111011000100000100000011111101001000001111110101110110100100011011100000101001111101010010000010
011010100010110001110110100000001101011001110011011000110101111110101111110011011010111011000100000100000011111101001000001111110101110110100100011011100000101001111101010010000010
011110110011111001001100010110101011011110010011100110110001101011111101011111100110110101110110001000001000000111111010010000011111101011101101001000110111000010001011010010000010
110010001011011100110010011011111111111001101111010000101001001011111101011111100110110101110110001000001000000111111010010000011111101011101101001000110111000001000100110010000010
011000011000000100111000111111111010101100001111001110100101101011111101011111100110110101110110001000001000000111111010010000011111101011101101001000110111000001000111010010000010
