001110110111111001101010001000010101010101000011111110010010101100000011001001010000111010100101110001111011010000011111010001010011101100110101111111100101101011110111110011101101
100001110111111001101010001000010101010101000011111110010010101100000011001001010000111010100101110001111011010000011111010001010011101100110101111111100101101011110111110011101101
001110110111111001101010001000010101010101000011111110010010101100000011001001010000111010100101110001111011010000011111010001010011101101011000011111001111111011110111110011101101
100100100111111001101010001000010101010101000011111110010010101100000011001001010000111010100101110001111011010000011111010001010011101100110101111111100101101011110111110011101101
001110110111111001101010001000010101010101000011111110010010101100000011001001010000111010100101110001111011010000011111010001010011101101011000011111100101101011110111110011101101
001110110111111001101010001000010101010101000011111110010010101100000011001001010000111010100101110001111110000010011111010001010011101100110101111111100101101011110111110011101101
001110110111111001101010001000010101010101000011111110010010101100000011001001010000111010100101110001111011010000010001011000001100011011000111111111100101101011110111110011101101
001111100011011001101010001000010101010101000011111110010010101100000011001001010000111010100101110001111011010000011111010001010011101100110101111111100101101011110111110011101101
010111110101011011011010001000010101010101000011111110010010101100000011001001010000111010100101110001111011010000011111010001010011101100110101111111100101101011110111110011101101
010111110101011011011010011101011101010101000011111110010010101100000011001001010000111010100101110001111011010000011111010001010011101100110101111111100101101011110111110011101101
001110110111111001101010001000010101010101000011111110010010101100000011001001010000111010100101110001111011010001011111010001010011101100110101111111100101101011110111110011101101
001110110111111001101010001000010101010101000011111110010010101100000011001001010000111010100101110001111011010000011111010001010011101101011000011101100101101011110111110011101101
001110110111111001101010001000010101010101000011111110010010101100000011001001010000111010100101110001111011010000011101111010100100110000000000111001100101101011110111110011101101
001110110111111001101010001000010101010101000011111110010010101100000011001001010000111010100101110001111011010000011111010001010011101001100111111111100101101011110111110011101101
100100011111000110110011010100010000101010101010000111111100100101011000000110010010100001110101001011100011110110100000111011110101001010000101101010101101101011110111110011101101
001110110111111001101010001000010101010101000011111110010010101100000011001001010000111010100101110001111011100100011111010001010011101100110101111111100101101011110111110011101101
001110110111111001101010001000010101010101000011111110010010101100000011001001010000111010100101110001111011010000011101111010100100101100110101111111100101101011110111110011101101
010111110101011011011010010110011111101001000011111110010010101100000011001001010000111010100101110001111011010000011111010001010011101100110101111111100101101011110111110011101101
001110110111111001101010001000010101010101000011111110010010101100000011001001010000111010100101110001111011010000011101111011000011101100110101111111100101101011110111110011101101
001110110111111001101010001000010101010101000011111110010010101100000011001001010000111010100101110001111011010100001000110010101111101000001010011111100101101011110111110011101101
001110110111111101101010001000010101010101000011111110010010101100000011001001010000111010100101110001111011010000011111010001010011101100110101111111100101101011110111110011101101
011100001000111001101010001000010101010101000011111110010010101100000011001001010000111010100101110001111011010000011111010001010011101100110101111111100101101011110111110011101101
001110110111111001101010001000010101010101000011111110010010101100000011001001011010011110100101110001111011010000011111010001010011101100110101111111100101101011110111110011101101
111101100101001101101010001000010101010101000011111110010010101100000011001001010000111010100101110001111011010000011111010001010011101100110101111111100101101011110111110011101101
001110110111111001101010001000010101010101000011111110010010101100000011001001010000111010100101110001111011010000011111111011000011101100110101111111100101101011110111110011101101
001110110111111001101010001000010101010101000011111110010010101100000011001001010000111010100101110001111011010000011111010001010011101100110110001111100101101011110111110011101101
001110110111111001101010001000010101010101000011111110010010101100000011001001010000111010100101110001111011010000011101111010100100101010001100001111100101101011110111110011101101
001110110111111001101010001000010101010101000011111110010010101100000011001001010000111010100101110001111011010100001000110010101111101000001010011111001111111011110111110011101101
001110110111111001101010001000010101010101000011111110010010101100000011001001010011110010011110100000010010000001011111010001010011101100110101111111100101101011110111110011101101
001110110111111001101010001000010101010101000011111110010010101100000011001001010000111010100101110001111011011010111011010001010011101100110101111111100101101011110111110011101101
001110110111111001101010001000010101010101000110101100010010101100000011001001010000111010100101110001111011010000011111010001010011101100110101111111100101101011110111110011101101
001110110111111001101010001000010101010101000011111110010010101100000011001001010000111010100101110011010010010000011111010001010011101100110101111111100101101011110111110011101101
