111001010100001100011000111000011000000100111101111010001110011110000001010011110100101100100011010001110000010001000101000010110101000000100011011110100100011010011011010111100010
111001010100001100011000111000011000000100111101111010001110011110000001010011110100101100100010011110000101110001000101000010110101000000100011011110100100011010011011010111100010
111001010100001100011000111000011000000100111101111010001110011110000001010011110100101100100010011110000101110001010000001010110101000000100011011110100100011010011011010111100010
111001010100001100011000111000011000000100111101111010001110011110000001010011110100101100100010000101010000010001000101000010110101000000100011011110100100011010011011010111100010
111001010100001100011000111000011000000100111101111010001110011110000001010011110100101111001110010001110000010001000101000010110101000000100011011110100100011010011011010111100010
111001010100001100011000111000011000000100111101111010001110011110000001010011110100101100100010010001110000010001000101000010110101000000100011011110100100011010011011010111100010
111001010100001100011000111000011000000100111101111010001110011110000001010011110100101100100010011100101100110001000101000010110101000000100011011110100100011010011011010111100010
111001010100001100011000111000011000000100111101111010001110011110000001010011110100101100100010110001110000010001000101000010110101000000100011011110100100011010011011010111100010
111001010100001100011000111000011000000100111101111010001110011110000001010011110100101100100010110111010110100001010000001010110101000000100011011110100100011010011011010111100010
111001010100001100011000111000011000000100111101111010001110011110000001010011110100101100100011101000110000010001000101000010110101000000100011011110100100011010011011010111100010
111001010100001100011000111000011000000100111101111010001110011110000001010011110100101100100000100001110000010001000101000010110101000000100011011110100100011010011011010111100010
111001010100001100011000111000011000000100111101111010001110011110000001010011110100101100100010010111100100000001000101000010110101000000100011011110100100011010011011010111100010
111001010100001100011000111000011000000100111101111010001110011110000001010011110100101100100011001010100110010011000101000010110101000000100011011110100100011010011011010111100010
111001010100001100011000111000011000000100111101111010001110011110000001010011110100101100100011010000000000010001000101000010110101000000100011011110100100011010011011010111100010
111001010100001100011000111000011000000100111101111010001110011110000001010011110100101100100010011110000110100001010000001010110101000000100011011110100100011010011011010111100010
111001010100001100011000111000011000000100111101111010001110011110000001010011110100101100100011100101010000010001000101000010110101000000100011011110100100011010011011010111100010
111001010100001100011000111000011000000100111101111010001110011110000001010011110100101100100101110000000000010001000101000010110101000000100011011110100100011010011011010111100010
111001010100001100011000111000011000000100111101111010001110011110000001010011110100101100100011010000010110100001010000001010110101000000100011011110100100011010011011010111100010
111001010100001100011000111000011000000100111101111010001110011110000001010011110100101100100011011101110101000011000101000010110101000000100011011110100100011010011011010111100010
111001010100001100011000111000011000000100111101111010001110011110000001010011110100101100100011001010100101011100100101101000100101000000100011011110100100011010011011010111100010
111001010100001100011000111000011000000100111101111010001110011110000001010011110100101100100011011010110000010001000101000010110101000000100011011110100100011010011011010111100010
111001010100001100011000111000011000000100111101111010001110011110000001010011110100101100100011010000010111000101000101000010110101000000100011011110100100011010011011010111100010
111001010100001100011000111000011000000100111101111010001110011110000001010011110100101100100010111100010000010001000101000010110101000000100011011110100100011010011011010111100010
111001010100001100011000111000011000000100111101111010001110011110000001010011110100101100100010011110000101000011000101000010110101000000100011011110100100011010011011010111100010
111001010100001100011000111000011000000100111101111010001110011110000001010011110100101100111010010001110000010001000101000010110101000000100011011110100100011010011011010111100010
111001010100001100011000111000011000000100111101111010001110011110000001010011110100101100100010000100110111000101000101000010110101000000100011011110100100011010011011010111100010
111001010100001100011000111000011000000100111101111010001110011110000001010011110100101100100010110111010110100001000101000010110101000000100011011110100100011010011011010111100010
111001010100001100011000111000011000000100111101111010001110011110000001010011110100101100100010001001000000010001000101000010110101000000100011011110100100011010011011010111100010
111001010100001100011000111000011000000100111101111010001110011110000001010011110100101100100010011110000101110001011001000010110101000000100011011110100100011010011011010111100010
111001010100001100011000111000011000000100111101111010001110011110000001010011110100101100100010101101110101000011000101000010110101000000100011011110100100011010011011010111100010
111001010100001100011000111000011000000100111101111010001110011110000001010011110100101100100101010111100100000001000101000010110101000000100011011110100100011010011011010111100010
111001010100001100011000111000011000000100111101111010001110011110000001010011110100101100100010110111100100000001000101000010110101000000100011011110100100011010011011010111100010
