000101111111000011000110001001001011110001010010001010011000110000001000111001011000001110111011100100110010110011001000100111010000100011001110001011111100110001101010000111010010
000101111111000011000110001001001011110001010010001010011000110000001000111001011000001110111011100100110010110011001000100111010000100011100011000001011010011101101010000111010010
000101111111000011000110001001001011110001010010001010011000110000001000111001011010011001000110010001010110010011110111100011100111100011001110001011111100110001101010000111010010
000101111111000011000110001001001011110001010010001010011000110000001000111001011001110010111010010010100100010011110111100011100111100011001110001011111100110001101010000111010010
000101111111000011000110001001001011110001010010001010011000110000001000111001011001011000110111100111011111111110101000001101000000110111101110100001110000001101101010000111010010
000101111111000011000110001001001011110001010010001010011000110000001000111001011001100111110010011001100101110110111110111101100101001010001111010011001101011101101010000111010010
000101111111000011000110001001001011110001010010001010011000110000001000111001011000001110111011100100110010110011001000100111010000100011001110001001011000010001101010000111010010
000101111111000011000110001001001011110001010010001010011000110000001000111001011000001110111011100101010101110110110111100011100111100011001110001011111100110001101010000111010010
000101111111000011000110001001001011110001010010001010011000110000001000111001011001011000110110110011111111010011110111100011100111100011001110001011111100110001101010000111010010
000101111111000011000110001001001011110001010010001010011000110000110101100110011100110100100100001010011110100000001001111000000110101010001110001011111100110001101010000111010010
000101111111000011000110001001001011110001010010001010011000110000001000111001011000001110111011100100110010110011010011100110000100000011001110001011111100110001101010000111010010
000101111111000011000110001001001011110000000111000110100100110000001111010001100101111011011001111111101010111001110111100011100111100011001110001011111100110001101010000111010010
000101111111000011001011011001110000010100010010010100111011001101001111000111011111100011010110111001000111010011110111100011100111100011001110001011111100110001101010000111010010
000101111111000011000110001001001011110001010010001010011000110000001111010001100101111011011001111111101010111001110111100011100111100011001110001011111100110001101010000111010010
000101111111000011000110010011010010010111100010100100010100110001100000010001110010110000011101110111001001100011110111100011100111100011001110001011111100110001101010000111010010
000101111111000010000000100110011110101110011011000000011100011010010011000000111101000110010111101101100111111110101000001101000000110111101110100001110000001101101010000111010010
000101111111000011001011011001110000010100010010010100111011001101001111000111011111100011010110011110011101010011101101110111110001101001110110001001011110110001101010000111010010
000101111111000011000110001001001011110001010010001010011000110000001010111011000100010000110111100111011111111110101000001101000000110111101110100001110000001101101010000111010010
000101111101101010001010001100010010010111100010100100010100110001100000010001110010110000011101110111001001100011110111100011100111100011001110001011111100110001101010000111010010
000101111111000011001011011001110000010100010010010100111011001101001111000111011111100011010110111001000111010010010011110111110001101001110110001001011110110001101010000111010010
101111101111000011000110001001001011110001010010001010011000110000001000111001011000001110111011100100110010110011001000100111010000100011001110001011111100110001101010000111010010
000101111111000011001011011001110000010100010010010100111011001101001111000111011111100011010110111001000111010010010011110011010101110011101110101101011011010001101010000111010010
000101111111000010000000100110011110011101111111000000011100011010010011000000111101000110010111101101100111111110101000001101000000110111101110100001110000001101101010000111010010
111000010111000011000110001001001011110001010010001010011000110000001000111001011000001110111011100100110010110011001000100111010000100011001110001011111100110001101010000111010010
000101110010001111001111111101101011001110011011000000011100011010010011000000111101000110010111101101100111111110101000001101000000110111101110100001110000001101101010000111010010
101111101111000011000110001001001011110001010010001010011000110000001000111001011000001110111011100100110010110011001000100111010000100011100011000001011010011101101010000111010010
101111101111000011000110001001001011110001010010001010011000110000001000111001011010011001000110010001010110010011110111100011100111100011001110001011111100110001101010000111010010
000101111110101010101000000011100101000000110010010100111011001101001111000111011111100011010110111001000111010011110111100011100111100011001110001011111100110001101010000111010010
101111101111000011000110001001001011110001010010001010011000110000001000111001011001110010111010010010100100010011110111100011100111100011001110001011111100110001101010000111010010
101111101111000011000110001001001011110001010010001010011000110000001000111001011001011000110111100111011111111110101000001101000000110111101110100001110000001101101010000111010010
000000101010001010000101100010110001000000110010010100111011001101001111000111011111100011010110111001000111010011110111100011100111100011001110001011111100110001101010000111010010
000101111100000011000110001001001011110001010010001010011000110000001000111001011000001110111011100100110010110011001000100111010000100011001110001011111100110001101010000111010010
