100011001111111101100011011111011010101101110011011110001100000101000011111111011110111011100010000100110010000011001010010110010010100101001111110111111101010101110111111101000011
011000111000100000111011111001101111000001110110001100001000111100110111011111011110111011100010000100110010000011001010010110010010100101001111110111111101010101110111111101000011
100011001111101111111001011101100111000111101010011101100000001011101111101111011101110001000010011001000001100101001011001001010010100111001111110111111101010101110111111101000011
011000111000100000111011111001101111000001110110001100001000101010000011111111011110111011100010000100110010000011001010010110010010100101001111110111111101010101110111111101000011
100011001111111101100011011111011010101101110011011110001010001101000011111111011110111011100010000100110010000011001010010110010010100101001111110111111101010101110111111101000011
011101000110100000111100001111011000011010100111011010100100100001111111101111011101110001000010011001000001100101001011001001010010100111001111110111111101010101110111111101000011
011110111011010100100101110110010111101101001111101001010100100001111111101111011101110001000010011001000001100101001011001001010010100111001111110111111101010101110111111101000011
011110111011010100000001111010111010000001110101110011000100100001111111101111011101110001000010011001000001100101001011001001010010100111001111110111111101010101110111111101000011
100011001110101000010010110010111011001110001111010100111011000000010111011111011110111011100010000100110010000011001010010110010010100101001111110111111101010101110111111101000011
100011001111111101100011011111011010101101110011011110001010001100010111011111011110111011100010000100110010000011001010010110010010100101001111110111111101010101110111111101000011
100010011011001111010101011100000010100010001010000110111001110001000011111111011110111011100010000100110010000011001010010110010010100101001111110111111101010101110111111101000011
001101100111101010101110000001010001000101000011011100111000100001111111101111011101110001000010011001000001100101001011001001010010100111001111110111111101010101110111111101000011
100011111110110001101111101101010110111001101111000110000010100001111111101111011101110001000010011001000001100101001011001001010010100111001111110111111101010101110111111101000011
100010011011001111010101011100000010100010001010000110111001110001100011111111011110111011100010000100110010000011001010010110010010100101001111110111111101010101110111111101000011
100011001111111101100011011111011010101101110011011110001100000101000011111111011110111011100010000100110010000011001010010110010010100101001110010000011101010101110111111101000011
001101100111101010101110000001010001000101000011011100111000110001111111101111011101110001000010011001000001100101001011001001010010100111001111110111111101010101110111111101000011
011110111010101000010010110010111011001110001111010100111011000000010111011111011110111011100010000100110010000011001010010110010010100101001111110111111101010101110111111101000011
100011111110110001101111101101010110111001101111000101000110100001111111101111011101110001000010011001000001100101001011001001010010100111001111110111111101010101110111111101000011
011110111011010100100101110110010111101101001111101010110001101001111111101111011101110001000010011001000001100101001011001001010010100111001111110111111101010101110111111101000011
100010011011001111010101011100000010100010001010000110110101001001000011111111011110111011100010000100110010000011001010010110010010100101001111110111111101010101110111111101000011
011110111011010100100101110110010111101101001111101010100100100001111111101111011101110001000010011001000001100101001011001001010010100111001111110111111101010101110111111101000011
000001010101111000110110101100100001101111100110101000101110100001111111101111011101110001000010011001000001100101001011001001010010100111001111110111111101010101110111111101000011
100010011011001111010101011100000010100010001010000110111001110001111111101111011101110001000010011001000001100101001011001001010010100111001111110111111101010101110111111101000011
100111111110110001101111101101010110111001101111000110000010100001111111101111011101110001000010011001000001100101001011001001010010100111001111110111111101010101110111111101000011
100011001111111101100011011111011010101101110011011110001010001101000011111111011110111011100010000100110010000011001010010110010010100101001110010000011101010101110111111101000011
100010011011001111010101011100000010100010001010000110111001100111010011111111011110111011100010000100110010000011001010010110010010100101001111110111111101010101110111111101000011
001101100111101010101110000001010001000101000011011010100100100001111111101111011101110001000010011001000001100101001011001001010010100111001111110111111101010101110111111101000011
011110111011010100100101110110010111101101001111101001110101101001111111101111011101110001000010011001000001100101001011001001010010100111001111110111111101010101110111111101000011
100011001110101000010010110010111011001110001111010100111011000001000011111111011110111011100010000100110010000011001010010110010010100101001111110111111101010101110111111101000011
100011001111111101100011011111011010101101110011011110001010001101111111101111011101110001000010011001000001100101001011001001010010100111001111110111111101010101110111111101000011
001101100111101010101110000001010001000101000011011100110011101001111111101111011101110001000010011001000001100101001011001001010010100111001111110111111101010101110111111101000011
011110111011010100100101110110010111101101001111101001110101001001000011111111011110111011100010000100110010000011001010010110010010100101001111110111111101010101110111111101000011
