101001110100001011011111011001110111110001100111100001101001100010011010000011001001010100111011001100100101000001000100001011000011110010000101100011010011010001101110010101010010
101001110100001011011111011001110111110001100111100001101001100010011001000010010011011100111011001100100101000001000100001011000011110010000101100011010011010001101110010101010010
101001110100001011011111011001110111110001100111100001101001100010011010000011001001010100111011001100100101000001000110001000010110000111100100001011000110100110100011011100101010
101001110100001011011111011001110111110001100111100001101001100010101000101010001001010100111011001100100101000001000100001011000011110010000101100011010011010001101110010101010010
101001110100001011011111011001110111110001100111100001111100101010010001000011001001010100111011001100100101000001000100001011000011110010000101100011010011010001101110010101010010
101001110100001011011111011001110111110001100111100001111100110100101010000011001001010100111011001100100101000001000100001011000011110010000101100011010011010001101110010101010010
101001110100001011011111011001110111110001100111100001101001100010010001000011001001010100111011001100100101000001000100001011000011110010000101100011010011010001101110010101010010
101001110100001011011111011001110111110001100111100001101001100010011010000110011011010100111011001100100101000001000100001011000011110010000101100011010011010001101110010101010010
101001110011101000010110111110110011101111100011001111000011010011000100110100000110010010101001110110011001001010000010001000010110000111100100001011000110100110100011011100101010
101001110100001011011111011001110111110001100111100001101001100010011010000011001001010100111011001100100101000001000110001011000011110010000101100011010011010001101110010101010010
101001110100001011011111011001110111110001100111100001101001100010011010111111001001010100111011001100100101000001000100001011000011110010000101100011010011010001101110010101010010
101001110100001011011111011001110111110001100111100001101001100010011010000011001001010100111011001100100101000001000100001011000011110010000101100011010011010001101110010100010010
101001110100001011011111011001110111110001100111100001101001100010011010000011001001010100111011001100100101000001000100001011000011110010000101100011010011010001101110010000010010
101001110100001011011111011001110111110001100111100001101001100010011010000011001001010100111011001100100101001011100000001011000011110010000101100011010011010001101110010101010010
101001110100001011011111011001110111110001100111100001101001100010011001000011001001010100111011001100100101000001000100001011000011110010000101100011010011010001101110010101010010
101001110100001011011111011001110111110001100111100001101001110100101010000011001001010100111011001100100101000001000100001011000011110010000101100011010011010001101110010101010010
101001110100001011011111011001110111110001100111100001101001100010011010000011001001010100111011001100100101000001000100001011000011110010000101100011010011010001101110010101011010
101001110100001011011111011001110111110001100111100001101001100010011010000011001001010100111011001100100101000110010100001000010110000111100100001011000110100110100011011100101010
101001110100001011011111011001110111110001100111100001101001100010101010000011001001010100111011001100100101000001000100001011000011110010000101100011010011010001101110010101010010
101001110100001011011111011011101010011110100101111000110010110100101010000011001001010100111011001100100101000001000100001011000011110010000101100011010011010001101110010101010010
101001110100001011011111011001110111110001100111101011001101100010011010000011001001010100111011001100100101000001000100001011000011110010000101100011010011010001101110010101010010
101001011000001011011111011001110111110001100111100001101001100010011010000011001001010100111011001100100101000001000100001011000011110010000101100011010011010001101110010101010010
101001110100001011011111011001110111110001100111100001101001111100101010000011001001010100111011001100100101000001000100001011000011110010000101100011010011010001101110010101010010
101001110100001011011111011001110111110001100111100001101001100010011010000011001001010100111011001100100101000001000100001011000011110010000101100011010011010001101110011111110110
101001110100001011011111011001110111110001100111100001101001100010011010000011001001010100111011001100100101000001000100001011000011110010000000000001000110100110100011011100101010
101001110100001011011111011001110111110001100111100001111100101010011010000011001001010100111011001100100101000001000100001011000011110010000101100011010011010001101110010101010010
101000100000101011011111011001110111110001100111100001101001100010011010000011001001010100111011001100100101000001000100001011000011110010000101100011010011010001101110010101010010
101001110100001011011111011001110111110001100111100001101001100010011001011011000011110000111011001100100101000001000100001011000011110010000101100011010011010001101110010101010010
101001111010000011011111011001110111110001100111100001101001100010011010000011001001010100111011001100100101000001000100001011000011110010000101100011010011010001101110010101010010
101001110100001011011111011001110111110001100111100000111010110100101010000011001001010100111011001100100101000001000100001011000011110010000101100011010011010001101110010101010010
101001110100001011011111011001110111110001100111100001101001100010011001000010010000010100111011001100100101000001000100001011000011110010000101100011010011010001101110010101010010
101001101011101000010110111110110011101111100011001111000011010011000100110100000110010010101001110110011001001010000010001000010110000111100100001011000110100110100011011100101010
