011110000111101000011100111100010101011000000100110101000001011011100000010100111001010000100001100011000101010101001000111100110111101111101111011010010111100011001011010100101110
011110000111101000011100111100010101011000000100110101000001011011100000010100111001010000100001100011000101010001101000111100110111101111101111011010010111100011001011010100101110
011110000111101000011100111100010101011000000100110101000001011011100000010100111001010000100001100011000101010101001000111100000100001111101111011010010111100011001011010100101110
110100010111101000011100111100010101011000000100110101000001011011100000010100111001010000100001100011000101010101001000111100110111101111101111011010010111100011001011010100101110
110010000111101000011100111100010101011000000100110101000001011011100000010100111001010000100001100011000101010101001000111100110111101111101111011010010111100011001011010100101110
011110000111101000010110011000010101011000000100110101000001011011100000010100111001010000100001100011000101010101001000111100110111101111101111011010010111100011001011010100101110
011110000111101000011100111100010101011000000100110101000001011011100000010100111001010000100001100011000101010100110110010000110111101111101111011010010111100011001011010100101110
011110000111101000011100111100010101011000000100110101000001011011100000010100111001010000100001100011000101011111101100111100110111101111101111011010010111100011001011010100101110
011110000111101000011100111100010101011000000100110101000001011011100000010100111001010000100001100011000101101101001000111100110111101111101111011010010111100011001011010100101110
110010010001101110001011001001010101011000000100110101000001011011100000010100111001010000100001100011000101010101001000111100110111101111101111011010010111100011001011010100101110
011110000111101000011100111100010101011000000100110101000001011011100000010100111001010000100001100011000100110101001000111100110111101111101111011010010111100011001011010100101110
110010010001101110001011001001010100001100100100110101000001011011100000010100111001010000100001100011000101010101001000111100110111101111101111011010010111100011001011010100101110
011110000111101000011100111100010101011000000100110101000001011011100000010100111001010000100001100001101100010101001000111100110111101111101111011010010111100011001011010100101110
011110000111101000011100111100010101011000000100110101000001011011100000010100111001010000100001100011000101010101001000010110100111101111101111011010010111100011001011010100101110
011110000111101000011100111100010101011000000100110101000001011011100000010100111001010000100001100011000110011000101000010110100111101111101111011010010111100011001011010100101110
011110000111101000011100111100010101011000000100110101000001011011100000010100111001010000100001100011000101010101001000111100110111101111010100000110000110101111101100010100101110
011110000111101000011100111100010101011000000100110101000001011011100000010100111001010000100001100011000110011000101000111100110111101111101111011010010111100011001011010100101110
011110000111101101001110111100010101011000000100110101000001011011100000010100111001010000100001100011000101010101001000111100110111101111101111011010010111100011001011010100101110
011110000111101000011100111100010100001100100100110101000001011011100000010100111001010000100001100011000101010101001000111100110111101111101111011010010111100011001011010100101110
011110000111101000011100111100010101011000000100110101000001011011100000010100111001010000100001100011000101010101001000111101100011001111101111011010010111100011001011010100101110
111100000111101000011100111100010101011000000100110101000001011011100000010100111001010000100001100011000101010101001000111100110111101111101111011010010111100011001011010100101110
011110000111101000011100111100010101011000000100110101000001011011100000010100111001010000100001100011000101010011010011111101100011001111101111011010010111100011001011010100101110
011110000111101000011100111100010101011000000100110101000001011011100000010100111001001000100001100011000101010101001000111100110111101111101111011010010111100011001011010100101110
011110000111101000011100111100010101011000000100110101000001011011100000010100111001010000100001100011000100110100110110010000110111101111101111011010010111100011001011010100101110
011110000111101000011100111100111111001000000100110101000001011011100000010100111001010000100001100011000101010101001000111100110111101111101111011010010111100011001011010100101110
011110000111110000010110011000010101011000000100110101000001011011100000010100111001010000100001100011000101010101001000111100110111101111101111011010010111100011001011010100101110
011110000111101000011100111100010101011000000100110101000001011011100000010100111001010001010001101110000101010101001000111100110111101111101111011010010111100011001011010100101110
011110000111101000011100111100010101011000000100110101000001011011100000010100111001010000100001100011000101010101011101110100110111101111101111011010010111100011001011010100101110
110011011100101000011100111100010101011000000100110101000001011011100000010100111001010000100001100011000101010101001000111100110111101111101111011010010111100011001011010100101110
011110000111101000011100111100010101011000000100110101000001011011100000010100111001010000100001100011000101010101001000111100110110001000001111011010010111100011001011010100101110
011110000111101000011100111100010101001000000100110101000001011011100000010100111001010000100001100011000101010101001000111100110111101111101111011010010111100011001011010100101110
011110000111101000011100111100010101011000000100110101000001011011100000010100111001010000100000110111100101010101001000111100110111101111101111011010010111100011001011010100101110
