100010110011000110001011001001001001110110000010101001110110110111010101000110011110001111110001011001000011100101100101011101110100011011111101000110001111011100101010100010010010
100010110011000110001011001001001001110110000010101001110110110111010101000110011110001111110001011001000011100101101000100000111000110000001101001011000000101010011001111000001001
100010110011000110001011001001001001110110000010101001110110110111010101000110011110001111110001011000101000001010001100011011101101100001101011000110011000111000110000111000001001
100010110011000110001011001001001001110110000010101001110110110111010101000110011110001111110001011000101000001010001100011011101111001000101010011100001101110100011001111000001001
100010110011000110001011001001001001110110000010101001110110110111010101000110011110001111110001011001000011100101100111111010001100111100110011100000101110111010011001111000001001
100010110011000101100100100100111011000001010100111011011011101010100011001111000111111000101100100111111001110100111110101000100100001111010011011100001101110100011001111000001001
100010110011000110001011001001001001110110000010101001110110110111010101000110011110001111110001011001000011100101101000100000111000110100111001000100110111111100000101111000001001
100010110011000110001011001001001001110110000010101001110110110111010101000110011110001111110001011000101000101100001011100110010110110000111101011110001001100000111001111000001001
100000111110001100001011001001001001110110000010101001110110110111010101000110011110001111110001011001000011100101100101011101110100011011111101000110001111011100101010100010010010
100010110011000110001011001001001001110110000010101001110110110111010101000110011110001111110001011000101000001010001100011011101101100001101011000110001111011100101010100010010010
100010110011000110001011001001001001110110000010101001110110110111010101000110011110001111110001011001000011100101100101011000000001100100111001000100110111111100000101111000001001
100010110011000110001011001001001001110110000010101001110110110111010101000110011110001111110001011001000011100101100101011101110100000011110111101100000011111100000101111000001001
100010110011000110001011001001001001110110000010101001110110110111010101000110011110001111110001011000101011000100011011011110011110101100110001001011110011111100000101111000001001
100010110011000110111011001001001001110110000010101001110110110111010101000110011110001111110001011001000011100101100101011101110100011011111101000110001111011100101010100010010010
100010110011000110001011001001001001110110000010101001110110110111010101000110011110001111110001011000010011010111110001110101101101100001101011000110011000111000110000111000001001
100010110011111100001011001001001001110110000010101001110110110111010101000110011110001111110001011001000011100101100101011101110100011011111101000110001111011100101010100010010010
100010110010111010001011001001001001110110000010101001110110110111010101000110011110001111110001011001000011100101100101011101110100011011111101000110001111011100101010100010010010
100010110011000110001011001001001001110110000010101001110110110111010101000110011110001111110001011001001110011100011110101110101111011101110011000011000100000100000101111000001001
100010110011000110001011001001001001110110000010101001110110110111010101000110011110001111110001011001000011100011011110100000111000110000001101001011000000101010011001111000001001
100010110011000110001011001001001001110110000010101001110110110111010101000110011110001111110001011001001110011100011110101110011100000101111010011010100110001110010110001000001001
100101010111000110001011001001001001110110000010101001110110110111010101000110011110001111110001011001000011100101100101011101110100011011111101000110001111011100101010100010010010
100010110011000110001011001001001001110110000010101001110110110111010101000110011110001111110001011000101000101100001011100110010110110000111101011110001000100000111001111000001001
100010110011000110001100101001001001110110000010101001110110110111010101000110011110001111110001011001000011100101100101011101110100011011111101000110001111011100101010100010010010
100010110011000110001011001001001001110110000010101001110110110111010101000110011110001111110001011001000011100011011110000010110100011011111101000110001111011100101010100010010010
100010110011000110001011001001001001110110000010101001110110110111010101000110011110001111110001011000101000101100001011100110010110110000111101011110001000100001011110111100000001
100010110011011100001011001001001001110110000010101001110110110111010101000110011110001111110001011001000011100101100101011101110100011011111101000110001111011100101010100010010010
100010001000100000111011001001001001110110000010101001110110110111010101000110011110001111110001011001000011100101100101011101110100011011111101000110001111011100101010100010010010
100010001011100110111011001001001001110110000010101001110110110111010101000110011110001111110001011001000011100101100101011101110100011011111101000110001111011100101010100010010010
100010110011000110001011001001001001110110000010101001110110110111010101000110011110001111110001011001000011100101100101011101110100011011111101001000000110000011011011000010010010
100000111110001101110111001001001001110110000010101001110110110111010101000110011110001111110001011001000011100101100101011101110100011011111101000110001111011100101010100010010010
100010110011000110001011001001001001110110000010101001110110110111010101000110011110001111110001011001001110011100011110101110011100000101111010011010111010011100101010100010010010
100010110010111010001100101001001001110110000010101001110110110111010101000110011110001111110001011001000011100101100101011101110100011011111101000110001111011100101010100010010010
