111000100101100101000111100010001100011100111000000111101100111000000001111010111101110100011101110111110001100111100111011001110010011001100011000000001010101001011001010011110110
111000100101100101000111100010011100011100111000000111101100111000000001111010111101110100011101110111110001100111100111011001110010011001100011000000001010101001011001010011110110
111000100101111001100001100010011100011100111000000111101100111000000001111010111101110100011101110111110001100111100111011001110010011001100011000000001010101001011001010011110110
111000100101110011000010100110110101111101010010110001101100111000000001111010111101110100011101110111110001100111100111011001110010011001100011000000001010101001011001010011110110
111000100101110011000010100110011100011100111000000111101100111000000001111010111101110100011101110111110001100111100111011001110010011001100011000000001010101001011001010011110110
111000100101111001100011000110011100011100111000000111101100111000000001111010111101110100011101110111110001100111100111011001110010011001100011000000001010101001011001010011110110
111000100101100101000111100010010101011100111000000111101100111000000001111010111101110100011101110111110001100111100111011001110010011001100011000000001010101001011001010011110110
111000100101111001100001100010001100011100111000000111101100111000000001111010111101110100011101110111110001100111100111011001110010011001100011000000001010101001011001010011110110
111000100101110011000010100110110011101100111000000111101100111000000001111010111101110100011101110111110001100111100111011001110010011001100011000000001010101001011001010011110110
111000100101110011000010100110110110001100111000000111101100111000000001111010111101110100011101110111110001100111100111011001110010011001100011000000001010101001011001010011110110
111000100101100101000111101110001100011100111000000111101100111000000001111010111101110100011101110111110001100111100111011001110010011001100011000000001010101001011001010011110110
111000100101110011000010100110110101111100111000000111101100111000000001111010111101110100011101110111110001100111100111011001110010011001100011000000001010101001011001010011110110
111000100101100101100111110101100011001100111000000111101100111000000001111010111101110100011101110111110001100111100111011001110010011001100011000000001010101001011001010011110110
111000100101110011001000000010110000011100111000000111101100111000000001111010111101110100011101110111110001100111100111011001110010011001100011000000001010101001011001010011110110
111000100101111001100111110101100011001100111000000111101100111000000001111010111101110100011101110111110001100111100111011001110010011001100011000000001010101001011001010011110110
010010110101100101000111100010001100011100111000000111101100111000000001111010111101110100011101110111110001100111100111011001110010011001100011000000001010101001011001010011110110
111000100101100101000111101110001000011100111000000111101100111000000001111010111101110100011101110111110001100111100111011001110010011001100011000000001010101001011001010011110110
111000101110111101001101000110011100011100111000000111101100111000000001111010111101110100011101110111110001100111100111011001110010011001100011000000001010101001011001010011110110
010010110101100101000111100010011100011100111000000111101100111000000001111010111101110100011101110111110001100111100111011001110010011001100011000000001010101001011001010011110110
111000100100010100001101000110011100011100111000000111101100111000000001111010111101110100011101110111110001100111100111011001110010011001100011000000001010101001011001010011110110
111000100101110011000000000101111010111100111000000111101100111000000001111010111101110100011101110111110001100111100111011001110010011001100011000000001010101001011001010011110110
111000100101110011000010100110110000011100111000000111101100111000000001111010111101110100011101110111110001100111100111011001110010011001100011000000001010101001011001010011110110
111001001001100000010101100010011100011100111000000111101100111000000001111010111101110100011101110111110001100111100111011001110010011001100011000000001010101001011001010011110110
111000100101100101000111100010011001111100111000000111101100111000000001111010111101110100011101110111110001100111100111011001110010011001100011000000001010101001011001010011110110
111001001001100000010101100010001100011100111000000111101100111000000001111010111101110100011101110111110001100111100111011001110010011001100011000000001010101001011001010011110110
111000100101111100110111111010100110000011100000111101101100111000000001111010111101110100011101110111110001100111100111011001110010011001100011000000001010101001011001010011110110
111000011101100101000111100010001100011100111000000111101100111000000001111010111101110100011101110111110001100111100111011001110010011001100011000000001010101001011001010011110110
111000011101100101000111100010011100011100111000000111101100111000000001111010111101110100011101110111110001100111100111011001110010011001100011000000001010101001011001010011110110
111000100100011110101111010001001100011100111000000111101100111000000001111010111101110100011101110111110001100111100111011001110010011001100011000000001010101001011001010011110110
111000100101110011000010100110110011110011100000111101101100111000000001111010111101110100011101110111110001100111100111011001110010011001100011000000001010101001011001010011110110
111000100101110011110111110111010100011100111000000111101100111000000001111010111101110100011101110111110001100111100111011001110010011001100011000000001010101001011001010011110110
111000100101110011000010100110111010011110010001000111101100111000000001111010111101110100011101110111110001100111100111011001110010011001100011000000001010101001011001010011110110
