110001101110000111001010100100000011110110010111110111110110111011111101100111011000011100001001011100111000100101111111001100110100001000011110001110010101111110101010100111001011
101010101110000111001010100100000011110110010111110111110110111011111101100111011000011100001001011100111000100101111111001100110100001000011110001110010101111110101010100111001011
110001101110000111001010100100000011110110010111110111110110111011111101100111011001000111001000000100111000100101111111001100110100001000011110001110010101111110101010100111001011
110001101110000111001010100100000011110110010111110111110110111011111101100111011000011100001001010000111101110111111111001100110100001000011110001110010101111110101010100111001011
110001101110000111001010100100000011110110010111110111110110111011111101100111011001000111001001011100111000100101111111001100110100001000011110001110010101111110101010100111001011
110001101110000111001010100100000011110110010111110111110110111011111101100111001100000010111111111001110001010010111111001100110100001000011110001110010101111110101010100111001011
101010101110000111001010100100000011110110010111110111110110111011111101100111011001000111001000000100111000100101111111001100110100001000011110001110010101111110101010100111001011
110001101110000111001010100100000011110110010111110111110110111011111101100111011000011100001001010000011001110111111111001100110100001000011110001110010101111110101010100111001011
110001101110000111001010100100000011110110010111110111110110111011111101100111011001000111010010000000101110111010000011001100110100001000011110001110010101111110101010100111001011
110001101110000111001010100100000011110110010111110111110110111011111101100111011000011100001001010001001101000101111111001100110100001000011110001110010101111110101010100111001011
110001101110000111001010100100000011110110010111110111110110111011111101100111110100001101011110111001001101000101111111001100110100001000011110001110010101111110101010100111001011
110001101110000111001010100100000011110110010111110111110110111011111101100111011000010111110111111001110001010010111111001100110100001000011110001110010101111110101010100111001011
101010101110000111001010100100000011110110010111110111110110111011111101100111011000011100001001010000111101110111111111001100110100001000011110001110010101111110101010100111001011
101010101110000111001010100100000011110110010111110111110110111011111101100111011001000111001001011100111000100101111111001100110100001000011110001110010101111110101010100111001011
110001101110000111001010100100000011110110010111110111110110111011111101100111011000011100001001010001000010100101101111001100110100001000011110001110010101111110101010100111001011
101010101110000111001010100100000011110110010111110111110110111011111101100111001100000010111111111001110001010010111111001100110100001000011110001110010101111110101010100111001011
110001101110000111001010100100000011110110010111110111110110111011111101100111011000011100001001011110010001100101111111001100110100001000011110001110010101111110101010100111001011
110001101110000111001010100100000011110110010111110111110110111011111101100111011000011100001001010000111000100101111111001100110100001000011110001110010101111110101010100111001011
110001101110000111001010100100000011110110010111110111110110111011111101100111011000011100001001010000011001110000010011001100110100001000011110001110010101111110101010100111001011
101010101110100001111010100100000011110110010111110111110110111011111101100111011000011100001001011100111000100101111111001100110100001000011110001110010101111110101010100111001011
110001101110000111001010100100000011110110010111110111110110111011111101100111011000010111110111110000010111101101100101101100110100001000011110001110010101111110101010100111001011
110001101110000111001010100100000011110110010111110111110110111011111101100111011000011100001001010000011000100101111111001100110100001000011110001110010101111110101010100111001011
110001101110000111001010100100000011110110010111110111110110111011111101100111011001000111001000000100111001011100010101001100110100001000011110001110010101111110101010100111001011
110001101110000101001010100100000011110110010111110111110110111011111101100111011000011100001001011100111000100101111111001100110100001000011110001110010101111110101010100111001011
101010000100101100001010100100000011110110010111110111110110111011111101100111011000011100001001011100111000100101111111001100110100001000011110001110010101111110101010100111001011
101010101110100010110000010101011101110110010111110111110110111011111101100111011000011100001001011100111000100101111111001100110100001000011110001110010101111110101010100111001011
110001101110000111001010100100000011110110010111110111110110111011111101100111011001001011010011010110010001100101111111001100110100001000011110001110010101111110101010100111001011
110001101110000111001010100100000011110110010111110111110110111011111111001110011000011100001001011100111000100101111111001100110100001000011110001110010101111110101010100111001011
101010101110100111001010100100000011110110010111110111110110111011111101100111011000011100001001011100111000100101111111001100110100001000011110001110010101111110101010100111001011
110001101110000111001010100100000011110110010111110111110110111011111101100111011000011100001001010000011001110000000111001100110100001000011110001110010101111110101010100111001011
110001101110000111001010100100000011110110010111110111110110111011111101100111011001000111010010000100111000100101111111001100110100001000011110001110010101111110101010100111001011
110001101110000111001010100100000011110110010111110111110110111011111101100111011000010111110111111001001101000101111111001100110100001000011110001110010101111110101010100111001011
