000110110010001101111110100000000100010111101101000110001010010010101100010101010111000010010111011011000010011000100000010010010000110101010110011011101100111001100111001110110000
000110110010001110110010110101001100010111101101000110001010010010101100010101010111000010010111011011000010011000100000010010010000110101010110011011101100111001100111001110110000
000110110010001101111110110101001100010111101101000110001010010010101100010101010111000010010111011011000010011000100000010010010000110101010110011011101100111001100111001110110000
000110111011000001101000011101101010011000101111011010001100010100100101011000110111000010010111011011000010011000100000010010010000110101010110011011101100111001100111001110110000
000110110010001101111110100000000100010111101101000110001010010010101100010101010111000010010111011011000010011000110010010010010000110101010110011011101100111001100111001110110000
000110111011000001101110011101101010011000101111011010001100010100100101011000110111000010010111011011000010011000100000010010010000110101010110011011101100111001100111001110110000
000110110010001100100101111101101010011000101111011010001100010100100101011000110111000010010111011011000010011000100000010010010000110101010110011011101100111001100111001110110000
000110110010001110110010110101001100010111101101000110001010010010101100010101010111000010010111011011000010011000110010010010010000110101010110011011101100111001100111001110110000
000110110010001100101110011101101010011000101111011010001100010100100101011000110111000010010111011011000010011000100000010010010000110101010110011011101100111001100111001110110000
000110110010011011111110110101001100010111101101000110001010010010101100010101010111000010010111011011000010011000100000010010010000110101010110011011101100111001100111001110110000
000110110010010101001110110101001100010111101101000110001010010010101100010101010111000010010111011011000010011000100000010010010000110101010110011011101100111001100111001110110000
000110110010001101010110110101001100010111101101000110001010010010101100010101010111000010010111011011000010011000100000010010010000110101010110011011101100111001100111001110110000
000110110010001101111110110101001100010111101101000110001010010010101100010101010111000010010111011011000010011000110010010010010000110101010110011011101100111001100111001110110000
000110110010001101111110100000000100010111101101000110001010010010101100011011101111000010010111011011000010011000100000010010010000110101010110011011101100111001100111001110110000
000110111001101000101110011101101010011000101111011010001100010100100101011000110111000010010111011011000010011000100000010010010000110101010110011011101100111001100111001110110000
000110111000111000101110011101101010011000101111011010001100010100100101011000110111000010010111011011000010011000100000010010010000110101010110011011101100111001100111001110110000
000110011000010111001110110101001100010111101101000110001010010010101100010101010111000010010111011011000010011000100000010010010000110101010110011011101100111001100111001110110000
000110110010001110110110110101001100010111101101000110001010010010101100010101010111000010010111011011000010011000100000010010010000110101010110011011101100111001100111001110110000
000110110010001110110010110101001100010111101101000110001010010010101100011011101111000010010111011011000010011000100000010010010000110101010110011011101100111001100111001110110000
000110110010001111001110110101001100010111101101000110001010010010101100010101010111000010010111011011000010011000100000010010010000110101010110011011101100111001100111001110110000
000110110010001101111110110101001100010111101101000110001010010010101100011011101111000010010111011011000010011000100000010010010000110101010110011011101100111001100111001110110000
000110111011000001101110110101001100010111101101000110001010010010101100010101010111000010010111011011000010011000100000010010010000110101010110011011101100111001100111001110110000
000110110010001100101110110101001100010111101101000110001010010010101100010101010111000010010111011011000010011000100000010010010000110101010110011011101100111001100111001110110000
000110110010001100001110110101001100010111101101000110001010010010101100010101010111000010010111011011000010011000100000010010010000110101010110011011101100111001100111001110110000
101100101011010111001110110101001100010111101101000110001010010010101100010101010111000010010111011011000010011000100000010010010000110101010110011011101100111001100111001110110000
000110111000111000101110011101101010011000101111011010001100010100100101011000110111000010010111011011000010011000110010010010010000110101010110011011101100111001100111001110110000
101100100010010111001110110101001100010111101101000110001010010010101100010101010111000010010111011011000010011000100000010010010000110101010110011011101100111001100111001110110000
000011001100110111001110110101001100010111101101000110001010010010101100010101010111000010010111011011000010011000100000010010010000110101010110011011101100111001100111001110110000
000110111011000001111100011101101010011000101111011010001100010100100101011000110111000010010111011011000010011000100000010010010000110101010110011011101100111001100111001110110000
101100100010011011111110110101001100010111101101000110001010010010101100010101010111000010010111011011000010011000100000010010010000110101010110011011101100111001100111001110110000
000110110010001101010110011101101010011000101111011010001100010100100101011000110111000010010111011011000010011000100000010010010000110101010110011011101100111001100111001110110000
101100101011010111001110110101001100010111101101000110001010010010101100010101010111000010010111011011000010011000110010010010010000110101010110011011101100111001100111001110110000
