000011010100001011110000001000001100000011110100111100101000001111111010110001111000011100001011100100010000101011110001100110110111110100100001100110011111101011011110001010101101
000011010100001011110000001000001100000011110100111100101000001111111010110001111000011100010100010000000110111011110001100110110111110100100001100110011111101011011110001010101101
000011010100001011110000001000001100000011110100111100101000001111111010110001111000010000111101100110111001101011110001100110110111110100100001100110011111101011011110001010101101
000011010100001011110000001000001100000011110100111100101000001111111010110001111000011100010100010000000110100110110001100110110111110100100001100110011111101011011110001010101101
000011010100001011110000001000001100000011110100111100101000001111111010110001010100011000111101100110111001101011110001100110110111110100100001100110011111101011011110001010101101
000011010100001011110000001000001100000011110100111100101000001111111010110001111000011100010100010000000110001011110001100110110111110100100001100110011111101011011110001010101101
000011010100001011110000001000001100000011110100111100101000001111111010110001111000011100001111100100010000101011110001100110110111110100100001100110011111101011011110001010101101
000011010100001011110000001000001100000011110100111100101000001111111010110001111000011101000000001001111001111011110001100110110111110100100001100110011111101011011110001010101101
000011010100001011110000001000001100000011110100111100101000001111111010110001111000011100111101100110111001101011110001100110110111110100100001100110011111101011011110001010101101
000011010100001011110000001000001100000011110100111100101000001111111010110001111000011100111110000000010011110100110001100110110111110100100001100110011111101011011110001010101101
000011010100001011110000001000001100000011110100111100101000001111111010110001111000011110110100001010111100111001110001100110110111110100100001100110011111101011011110001010101101
000011010100001011110000001000001100000011110100111100101000001111111010110001111000011100001111111110101001101011110001100110110111110100100001100110011111101011011110001010101101
000011010100001011110000001000001100000011110100111100101000001111111010110001111000011100010100010000000110110011110001100110110111110100100001100110011111101011011110001010101101
000011010100001011110000001000001100000011110100111100101000001111111010110001111000011100000001111010110100111001110001100110110111110100100001100110011111101011011110001010101101
000011010100001011110000001000001100000011110100111100101000001111111010110001111000011100001000000010111001111011110001100110110111110100100001100110011111101011011110001010101101
000011010100001011110000001000001100000011110100111100101000001111111010110001111000011100010100010000000101111001110001100110110111110100100001100110011111101011011110001010101101
000011010100001011110000001000001100000011110100111100101000001111111010110001111000011100001011100100010000111001110001100110110111110100100001100110011111101011011110001010101101
000011010100001011110000001000001100000011110100111100101000001111111010110001111000011100011100101101110001101011110001100110110111110100100001100110011111101011011110001010101101
000011010100001011110000001000001100000011110100111100101000001111111010110001111000010011001001010110011001111011110001100110110111110100100001100110011111101011011110001010101101
000011010100001011110000001000001100000011110100111100101000001111111010110001010100001101110101100110111001101011110001100110110111110100100001100110011111101011011110001010101101
000011010100001011110000001000001100000011110100111100101000001111111010110001111000011100111110000000010000110011110001100110110111110100100001100110011111101011011110001010101101
000011010100001011110000001000001100000011110100111100101000001111111010110001111000011100001011010111010101101011110001100110110111110100100001100110011111101011011110001010101101
000011010100001011110000001000001100000011110100111100101000001111111010110001111000011100111110000000010000101011110001100110110111110100100001100110011111101011011110001010101101
000011010100001011110000001000001100000011110100111100101000001111111010110001111000011100001000000010111001010111110001100110110111110100100001100110011111101011011110001010101101
000011010100001011110000001000001100000011110100111100101000001111111010110001111000011100001000000010111001110011110001100110110111110100100001100110011111101011011110001010101101
000011010100001011110000001000001100000011110100111100101000001111111010110001111000011100001000000010111001101011110001100110110111110100100001100110011111101011011110001010101101
000011010100001011110000001000001100000011110100111100101000001111111010110001111000011100111110000000010000111001110001100110110111110100100001100110011111101011011110001010101101
000011010100001011110000001000001100000011110100111100101000001111111010110001111000011100001000000010111001010111111111000010110011001000011100011001111111101011011110001010101101
000011010100001011110000001000001100000011110100111100101000001111111010110001111000011100010100010000000101101011110001100110110111110100100001100110011111101011011110001010101101
000011010100001011110000001000001100000011110100111100101000001111111010110001010100001101101000010110110001101011110001100110110111110100100001100110011111101011011110001010101101
000011010100001011110000001000001100000011110100111100101000001111111010110001010100001101101001001100100011011101110001100110110111110100100001100110011111101011011110001010101101
000011010100101000010111100000010000011000000111101001111001010000011111110101100011110000111101100110111001101011110001100110110111110100100001100110011111101011011110001010101101
