100000011000101110001001111011101010101000101001111111100000011101001011001011111011001100011111101100001111111100111110101110001010010001011000101011010000111001000110101001000100
100000011000101110001001111011101010101000101001111111100000011101001011001011111011001100011111101100001111111100111110101110001010010001011000101011010000101101110110111000010100
100000011000101110001001111011101010101000101001111111100000011101001011001011111011001100011111101100001111111100111110101110001010010001011000101011010000101111010000001000000001
100000011000101110001001111011101010101000101001111111100000011101001011001011111011001100011111101100001111111100111110101110001010010001011000101011010000101111010000001001000100
100000011000101110001001111011101010101000101001111111100000011101001011001011111011001100011111101100001111111100111110101110001010010001011000101011010000101011111001101000011100
100000011000101110001001111011101010101000101001111111100000011101001011001011111011001100011111101100001111111100111110101110001010010001011000101011010000101111010000001000011100
100000011000101110001001111011101010101000101001111111100010011101001011001011111011001100011111101100001111111100111110101110001010010001011000101011010000111001000110101001000100
100000011000101110001001111011101010101000101001111111100000011101001011001011111011001100011111101100001111111100111110101110001010010001011000101011010000101010001110011110000100
100000011000101110001001111011101010101000101001111111100010011101001011001011111011001100011111101100001111111100111110101110001010010001011000101011010000101101110110111000010100
100000011000101110001001111011101010101000101001111111100010011101001011001011111011001100011111101100001111111100111110101110001010010001011000101011010000101111010000001000000001
100000011000101110001001111011101010101000101001111111100000011101001011001011111011001100011111101100001111111100111110101110001010010001011000101011010000111001000110101010101001
100000011000101110001001111011101010101000101001111111100010011101001011001011111011001100011111101100001111111100111110101110001010010001011000101011010000101111010000001001000100
100000011000101110001001111011101010101000101001111111100010011101001011001011111011001100011111101100001111111100111110101110001010010001011000101011010000101011111001101000011100
100000011000101110001001111011101010101000101001111111100000011101001011001011111011001100011111101100001111111100111110101110001010010001011000101011010000101101110110111000011100
100000011000101110001001111011101010101000101001111111100010011101001011001011111011001100011111101100001111111100111110101110001010010001011000101011010000101111010000001000011100
100000011000101110001001111011101010101000101001111111100010011101001011001011111011001100011111101100001111111100111110101110001010010001011000101011010000101010001110011110000100
100000011000101110001001111011101010101000101001111111100000011101001011001011111011001100011111101100001111111100111110101110001010010001011000101011010000111001110110111000010100
100000011000101110001001111011101010101000101001111111100000011101001011001011111011001100011111101100001111111100111110101110001010010001011000101011010000101011111001100100100100
100000011000101110001001111011101010101000101001111111100000011101001011001011111011001100011111101100001111111100111110101110001010010001011000101011010000111011101111101000011100
100000011000101110001001111011101010101000101001111111100010011101001011001011111011001100011111101100001111111100111110101110001010010001011000101011010000111001000110101010101001
100000011000101110001001111011101010101000101001111111100000011101001011001011111011001100011111101100001111111100111110101110001010010001011000101011010000111001000110101000000001
100000011000101110001001111011101010101000110111110110011100011101001011001011111011001100011111101100001111111100111110101110001010010001011000101011010000101111010000001000000001
100000011000101110001001111011101010101000101001111111100010011101001011001011111011001100011111101100001111111100111110101110001010010001011000101011010000111001000110101000000001
100000011000101110001001111011101010101000101001111111100000011101001011001011111011001100011111101100001111111100111110101110001010010001011000101011010000010101010011000110101001
100000011000101110001001111011101010101000101001111111100000011101001011001011111011001100011111101100001111111100111110101110001010010001011000101011010000101111010000001000001001
100000011000101110001001111011101010101000101001111111100000011101001011001011111011001100011111101100001111111100111110101110001010010001011000101011010000101010001110011010101001
100000011000101110001001111011101010101000101001111111100000011101001011001011111011001100011111101100001111111100111110101110001010010001011000101011010000101011111001101000000001
100000011000101110001001111011101010101000110111110110011100011101001011001011111011001100011111101100001111111100111110101110001010010001011000101011010000111001000110101010101001
100000011000101110001001111011101010101000101001111111100000011101001011001011111011001100011111101100001111111100111110101110001010010001011000101011010000101111010000000010101001
100000011000101110001001111011101010101000101001111111100000011101001011001011111011001100011111101100001111111100111110101110001010010001011000101011010000101010001110011110101001
100000011000101110001001111011101010101000101001111111100000011101001011001011111011001100011111101100001111111100111110101110001010010001011000101011010000101111010000011010101001
100000011000101110001001111011101010101000101001111111100000011101001011001011111011001100011111101100001111111100111110101110001010010001011000101011010000101101110110111000001001
