000010011010101110100100101100101101111011101100001111000111111100001111001000001000001111111100001000110001111110111110001101011110010010011110101011101000100111011100111111111110
000010011010101110100100100100101101111011101100001111000111111100001111001000001000001111111100001000110001111110111110001101011110010010011110101011101000100111011100111111111110
000010011010101110100100100111110000110010100111010101010110110011011101001000001000001111111100001000110001111110111110001101011110010010011110101011101000100111011100111111111110
000010011010101110100100111001111010011011101100001111000111111100001111001000001000001111111100001000110001111110111110001101011110010010011110101011101000100111011100111111111110
000010011010101110100100011100101101111011101100001111000111111100001111001000001000001111111100001000110001111110111110001101011110010010011110101011101000100111011100111111111110
000010011010101110010101010100101101111011101100001111000111111100001111001000001000001111111100001000110001111110111110001101011110010010011110101011101000100111011100111111111110
000010011010101110100100111100101101111011101100001111000111111100001111001000001000001111111100001000110001111110111110001101011110010010011110101011101000100111011100111111111110
000010011010101110111110010100101101111011101100001111000111111100001111001000001000001111111100001000110001111110111110001101011110010010011110101011101000100111011100111111111110
000010011010101110010101011100101101111011101100001111000111111100001111001000001000001111111100001000110001111110111110001101011110010010011110101011101000100111011100111111111110
000010011010101110100101111100101101111011101100001111000111111100001111001000001000001111111100001000110001111110111110001101011110010010011110101011101000100111011100111111111110
000010011010101110111111001100101101111011101100001111000111111100001111001000001000001111111100001000110001111110111110001101011110010010011110101011101000100111011100111111111110
000010011010101110100100100101111111111011101100001111000111111100001111001000001000001111111100001000110001111110111110001101011110010010011110101011101000100111011100111111111110
000010011010101110100100100111010101111011101100001111000111111100001111001000001000001111111100001000110001111110111110001101011110010010011110101011101000100111011100111111111110
000010011010101110100101111100000001111011101100001111000111111100001111001000001000001111111100001000110001111110111110001101011110010010011110101011101000100111011100111111111110
000010011010101110100100100101000000110010100111010101010110110011011101001000001000001111111100001000110001111110111110001101011110010010011110101011101000100111011100111111111110
000010011010101110010101011010101101111011101100001111000111111100001111001000001000001111111100001000110001111110111110001101011110010010011110101011101000100111011100111111111110
000010011010101110100100100111110001111011101100001111000111111100001111001000001000001111111100001000110001111110111110001101011110010010011110101011101000100111011100111111111110
000010011010101110100100111001100101111011101100001111000111111100001111001000001000001111111100001000110001111110111110001101011110010010011110101011101000100111011100111111111110
000010010000000111011101111100000001111011101100001111000111111100001111001000001000001111111100001000110001111110111110001101011110010010011110101011101000100111011100111111111110
000010011010101110100100100101100101111011101100001111000111111100001111001000001000001111111100001000110001111110111110001101011110010010011110101011101000100111011100111111111110
000010011010101110100001101101000000110010100111010101010110110011011101001000001000001111111100001000110001111110111110001101011110010010011110101011101000100111011100111111111110
000010011010101110010100101100101101111011101100001111000111111100001111001000001000001111111100001000110001111110111110001101011110010010011110101011101000100111011100111111111110
000010011010101110100100100111111111101111101100001111000111111100001111001000001000001111111100001000110001111110111110001101011110010010011110101011101000100111011100111111111110
000010011010101110111111010100101101111011101100001111000111111100001111001000001000001111111100001000110001111110111110001101011110010010011110101011101000100111011100111111111110
000010010000000111011101111100101101111011101100001111000111111100001111001000001000001111111100001000110001111110111110001101011110010010011110101011101000100111011100111111111110
000010011010101110100100111110000000110010100111010101010110110011011101001000001000001111111100001000110001111110111110001101011110010010011110101011101000100111011100111111111110
000010011010101110100010111001111010011011101100001111000111111100001111001000001000001111111100001000110001111110111110001101011110010010011110101011101000100111011100111111111110
000010011010101110100011010100101101111011101100001111000111111100001111001000001000001111111100001000110001111110111110001101011110010010011110101011101000100111011100111111111110
000010011010101110100100100111000000110010100111010101010110110011011101001000001000001111111100001000110001111110111110001101011110010010011110101011101000100111011100111111111110
000010011010101110111110000111111111101111101100001111000111111100001111001000001000001111111100001000110001111110111110001101011110010010011110101011101000100111011100111111111110
000010011010101110100100100111101100101111001100001111000111111100001111001000001000001111111100001000110001111110111110001101011110010010011110101011101000100111011100111111111110
000010011010101110100101111101111111111011101100001111000111111100001111001000001000001111111100001000110001111110111110001101011110010010011110101011101000100111011100111111111110
