010100001001110110001001001011000000011100001010101110010110100110011110100101000000010000101011110010111010011001001011001000110000000001010011101011011110111111100011001000100011
010100001001110110001001001011000000011100001010101110010110100110011110100101011111111110001000011110011111000000111001101100110000101001010011101011011110111111100011001000100011
010100001001110110001001001011000000011100001010101110010110100110011110100101011111110010110000100100110011110100001101001000110000000001010011101011011110111111100011001000100011
010100001001110110001001001011000000011100001010101110010100010010110100111111100011111110001000011110011111000000111001101100110000101001010011101011011110111111100011001000100011
010100001001110110001001001011000000011100001010101110010110100110011110100101011111110010110001110010011010010010111011001000110000000001010011101011011110111111100011001000100011
010100001001110110001001001011000000011100001010101110010110100110011110100101011111110010110000100110111010111110101001001000110000000001010011101011011110111111100011001000100011
010100001001110110001001001011000000011100001010101110010110100110011110100101011111110010110000100110111010111111110001101100110000101001010011101011011110111111100011001000100011
100010101000010011101100010010010110000000111000010101011100101000100100011110110111000001001000011110011111000000111001101100110000101001010011101011011110111111100011001000100011
010100001001110110001001001011000000011100001010101110010110100110011110100101011111000111111100100100110011110100001101001000110000000001010011101011011110111111100011001000100011
010100001001110110001001001011000000011100001010101110010110100110011110100101000000010000101111101010110000000110101001001000110000000001010011101011011110111111100011001000100011
010100001001110110001001001011000000011100001010101110010110100110011110100101011111110010110100100100110011110100001101001000110000000001010011101011011110111111100011001000100011
010100001001110110001001001011000000011100001010101110010100010010000111011110110111000001001000011110011111000000111001101100110000101001010011101011011110111111100011001000100011
010100001001110110001001001011000000011100001010101110010110100110011110100101011111110010110100100010011000001100001101001000110000000001010011101011011110111111100011001000100011
101000101011011110111011111010111001110000001111111100010110100110011110100101000000010000101011110010111010011001001011001000110000000001010011101011011110111111100011001000100011
010100001001110110001001001011000000011100001010101110010110100110011110100101011111110010110100100111001001101011101111001000110000000001010011101011011110111111100011001000100011
010100001001110110001001001011000000011100001010101110010110100110011110100101000000010000101011010010100010011010011101111000110000000001010011101011011110111111100011001000100011
010100001001110110001001001011000000011100001010101110010110100110011000001000110110101101000100100010011000001100001101001000110000000001010011101011011110111111100011001000100011
100010101000010011101100010010010110000000111000010101011100101101001100110000010001101000001011110010111010011001001011001000110000000001010011101011011110111111100011001000100011
010100001001110110001001001011000000011100001010101110010110100110011000001000110100000101100011110010111010011001001011001000110000000001010011101011011110111111100011001000100011
010100001001110110001001001011000000011100001010101110010100010010001111011110110111000001001000011110011111000000111001101100110000101001010011101011011110111111100011001000100011
010100001001110110001001001011000000011100001010101110010110100110011110100101011111110010110000100111001001101011101111001000110000000001010011101011011110111111100011001000100011
010100001001110110001001001011000000011100001010101110010110100110011000001000110110101101011110011100110110000001100001001000110000000001010011101011011110111111100011001000100011
010100001001110110001001001011000000011100001010101110010110100110010110100101000000010000101011110010111010011001001011001000110000000001010011101011011110111111100011001000100011
010100001001110110001001001011000000011100001010101110010110100110011110100101101100011000111000011110011111000000111001101100110000101001010011101011011110111111100011001000100011
010100001001110110001001001011000000011100001010101110010100010111001010000101110011111010100011110010111010011001001011001000110000000001010011101011011110111111100011001000100011
101000101011011110111011111010111001110000001111111100010110100110011110100101011111111110001000011110011111000000111001101100110000101001010011101011011110111111100011001000100011
010100001001110110001001001011000000011100001010101110010110100110011000001000110110101101000111110001000000000110101001001000110000000001010011101011011110111111100011001000100011
010100001001110110001001001011000000011100001010101110010110100111001010000101110011111010100011110010111010011001001011001000110000000001010011101011011110111111100011001000100011
010100001001110110001001001011000000011100001010101110010100010000011100001100000001101001110001110010011010010010111011001000110000000001010011101011011110111111100011001000100011
101000101011011110111011111010111001110000001111111100010110100110011110100101011111110010110000100100110011110100001101001000110000000001010011101011011110111111100011001000100011
010100001001110110001001001011000000011100001010101110010110100110011000001001010011101011000100100010011000001100001101001000110000000001010011101011011110111111100011001000100011
010100001001110110001001001011000000011100001010101110010110100110011000001000110111000001001000011110011111000000111001101100110000101001010011101011011110111111100011001000100011
