010110010011011111011001011011011010011101011010111111000010100010010111000101110000011010100100011100011011110101100000011001010000011111011111110111010111011001100000100010001100
010110010011011111011001011011011010011101011010111111000010100010010111000101110000011010100100011100011011110010101011011001010000011111011111110111010111011001100000100010001100
001010001011100001101000101111100000100111100010111111011010000000010101011111000000011100011110101111100000001111111011011000000100111111011111110111010111011001100000100010001100
010110010011011111011001011011011010011101011010111111000010100010010111000101110000011010100100110001011010010101100000011001010000011111011111110111010111011001100000100010001100
001010001011100001101000101111100000100111100010111111011010000000010101011111000110000000011111011000111000110111100000011001010000011111011111110111010111011001100000100010001100
010110010011011111011001011011011010011101011010111111000010100010010111000110111111001010000110101011100111110010101011011001010000011111011111110111010111011001100000100010001100
010110010011011111011001011011011010011101011010111111000010100010010111000101110000011010100100011100011000111011100000011001010000011111011111110111010111011001100000100010001100
001010001011100001101000101111100000100111100010111111011010000000010101011111000000011100011110101111100000001111111000011001010000011111011111110111010111011001100000100010001100
010110010011011111011001011011011010011101011010111111000010101111011011011110001001001011111000110001100000110101100000011001010000011111011111110111010111011001100000100010001100
001010001011100001101000101111100000100111100010111111011010000000010101011111000000011100011110101110000111001101001000011001010000011111011111110111010111011001100000100010001100
010110010011011111011001011011011010011101011010111111000010100010010111000110111111001010000110100101000011101101100000011001010000011111011111110111010111011001100000100010001100
001010001011100001101000101111100000100111100010111111011010000000010101011111000000011100011110101111100000001111100000011001010000011111011111110111010111011001100000100010001100
001010001011100001101000101111100000100111100010111111011010000000010101011111000110000000011111011000111011010101111011011000000100111111011111110111010111011001100000100010001100
001010001011100001101000101111100000100111100010111111011010000000010101011111000000011100011110101110010100100100111000011001010000011111011111110111010111011001100000100010001100
001010001011100001101000101111100000100111100010111111011010000000010101011111000000010010010111110001100000001111111011011000000100111111011111110111010111011001100000100010001100
010110010011011111011001011011011010011101011010111111000010100010010111000101110000011011100001010011001001001110100000011001010000011111011111110111010111011001100000100010001100
010110010011011111011001011011011010011101011010111111000010100010010111000101110000011011100001010010110011000111100000011001010000011111011111110111010111011001100000100010001100
010110010011011111011001011011011010011101011010111111000010100010010111000101110000011010100100011101000001101111111011011000000100111111011111110111010111011001100000100010001100
001010001011100001101000101111100000100111100010111111011010000000010101011111000000011100011110101111100000001001100000011001010000011111011111110111010111011001100000100010001100
001010001011100001101000101111100000100111100010111111011010000000010101011111000110000000011111011000111011010101111000011001010000011111011111110111010111011001100000100010001100
001001100001110011000101001000111001110110000011101000001110101101110111100101101111011111001110101111100000001111111011011000000100111111011111110111010111011001100000100010001100
001001100001110011000101001000111001110110100100000101110011100111010000011010000011101111111101011011100011010111111000011001010000011111011111110111010111011001100000100010001100
001010001011100001101000101111100000100111100010111111011010000000010101011111000000010010010111110001100000001111111000011001010000011111011111110111010111011001100000100010001100
001010001011100001101000101111100000100111100010111111011010000000010101011111000000011100011110101111100000001111111011011000000100111111110011110111010111011001100000100010001100
001010001011100001101000101111100000100111100010111111011010000000010101011111000000010010010111110001100000001111100000011001010000011111011111110111010111011001100000100010001100
001010001011100001101000101111100000100111100010111111011010000000010101011111000000010010010111110000000111001101001000011001010000011111011111110111010111011001100000100010001100
001010001011100001101000101111100000100111100010111111011010000000010101011111000000011100011110101110010100100101100000011001010000011111011111110111010111011001100000100010001100
001010001011100001101000101111100000100111100010111111011010000000010101011111000110000000011111011000111011010101110101010001010000011111011111110111010111011001100000100010001100
001010001011100001101000101111100000100111100010111111011010000000010101011111000110000000011111011000111000110110111000011001010000011111011111110111010111011001100000100010001100
001010001011100001101000101111100000100111100010111111011010000000010101011111000000011100011110101111100000001111110101010001010000011111011111110111010111011001100000100010001100
111001100001110011000101001000111001110110000011101000001110101101110111100101101111011111001110101111100000001111111011011000000100111111011111110111010111011001100000100010001100
111001100001110011000101001000111001110110100100000101110011100111010000011010000011101111111101011011100011010111111000011001010000011111011111110111010111011001100000100010001100
