010110011100110001111001110000100111001010100011001001000000011100010010111101111101111110101110110111101011000101011111011100000001100101110101000001111011001111111111111010011001
010110011100110001111001110000100111001010100011001001000000011100010010111101111101111110101110110111101000111000101010111110010101000000001010011010010011100000100111110000111101
010110011100110001111001110000100111001010100011001001000000011100010010111101111101111110101110110111101011000111010010010000111110111111110100100000110010000111111111111010011001
010110011100110001111001110000100111001010100011001001000000011100010010111101111101111110101110110111101000100101000100011101010101000000001010011010010011100000100111110000111101
010110011100110001111001110000100111001010100011001001000000011100010010111101111101111110101110110111101011000101011111011100000001100010101010011010010011100000100111110000111101
010110011100110001111001110000100111001010100011001001000000011100010010111101111101111110101110110111101000100111001011110100100001000000001010011010010011100000100111110000111101
010110011100110001111001110000100111001010100011001001000000011100010010111101111101111110101110110111101011000101011111011100000001100101110101000001100110111010010111110000111101
010110011100110001111001110000100111001010100011001001000000011100010010111101111101111110101110110111101011000101011111011100000001100101110101000001111100101111011111010010011001
010110011100110001111001110000100111001010100011001001000000011100010010111101111101111110101110110111101000111000101001101010001100100010101010011010010011100000100111110000111101
010110011100110001111001110000100111001010100011001001000000011100010010111101111101111110101110110111101011000001010001010101010010111010100110100010010000001010100100111010011001
010110011100110001111001110000100111001010100011001001000000011100010010111101111101111110101110110111101000111000101010111110010111111010100110100010010000001010100100111010011001
010110011100110001111001110000100111001010100011001001000000011100010010111101111101111110101110110111101011000101011111011100000001100101110101000001100110011110001101110000111101
010110011100110001111001110000100111001010100011001001000000011100010010111101111101111110101110110111101011000001010001010101010010111010100110100010010000001010100100110000111101
010110011100110001111001110000100111001010100011001001000000011100010010111101111101111110101110110111101011000101011111011100000001100101110101000001100110111010000001000000111101
010110011100110001111001110000100111001010100011001001000000011100010010111101111101111110101110110111101011000101011111011100000001100000100110011001100010101000010001011010011001
010110011100110001111001110000100111001010100011001001000000011100010010111101111101111110101110110111101011000101011111011100001110001011011011101100000000110001010001011010011001
010110011100110001111001110000100111001010100011001001000000011100010010111101111101111110101110110111101011000101011111011100000001100000100110011001100010101000010100111101111001
010110011100110001111001110000100111001010100011001001000000011100010010111101111101111110101110110111101000111000101010111110010101000000001010011010010010000100010100111101111001
010110011100110001111001110000100111001010100011001001000000011100010010111101111101111110101110110111101011000101011111011100000001100101110101000001111100101100000111011000111101
010110011100110001111001110000100111001010100011001001000000011100010010111101111101111110101110110111101011000101011111011100000001100101110101000001100110111011101110011000111101
010110011100110001111001110000100111001010100011001001000000011100010010111101111101111110101110110111101000100101000100011101010101000000001010011010010010000100010100111101111001
010110011100110001111001110000100111001010100011001001000000011100010010111101111101111110101110110111101011000101011111011100000001100010101010011010010010000100010100111101111001
010110011100110001111001110000100111001010100011001001000000011100010010111101111101111110101110110111101011000001001110010111101001000000001111001111101111000001111100111010011001
010110011100110001111001110000100111001010100011001001000000011100010010111101111101111110101110110111101011000101011111011100000001100101110101000001100110111010010101110000111101
010110011100110001111001110000100111001010100011001001000000011100010010111101111101111110101110110111101000111000101010111110010111111010100110100010010000001010100100110000111101
010110011100110001111001110000100111001010100011001001000000011100010010111101111101111110101110110111101011000001010001010101010010111010100110100010010000000101010101110000111101
010110011100110001111001110000100111001010100011001001000000011100010010111101111101111110101110110111101011000101011111011100000001100000100110011001100010101001100000100010011011
010110011100110001111001110000100111001010100011001001000000011100010010111101111101111110101110110111101000100111001011110100100001000000001010011010010010000100010100111101111001
010110011100110001111001110000100111001010100011001001000000011100010010111101111101111110101110110111101011000101011111011100000001100101110101000001111011001111101001001010011001
010110011100110001111001110000100111001010100011001001000000011100010010111101111101111110101110110111101000001011011111011100000001100101110101000001111100101111011111010010011001
010110011100110001111001110000100111001010100011001001000000011100010010111101111101111110101110110111101011000101011111011100000001100101110101000001111100101111011111111111110101
010110011100110001111001110000100111001010100011001001000000011100010010111101111101111110101110110111101011000101011111011100001110001011011011101100000000110010100100110000111101
