000100001101110011001000011110110110000000111110001111001011111000011111011000101100000011000001101000011101010110001110110110100010001110110010001000110000000010110101000001010100
000100001101110011001000011110110110000000111110001111001011111000011111011000101100000011000001101000011101010110001110110110100010001110110010001000110000000010110101000110011101
000100001101110011001000011110110110000000111110001111001011111000011111011000101100000011000001101000011001001110010011110110100010001110110010001000110000000010110101000001010100
000100001101110011001000011110110110000000111110001111001011111000011111011000101100000011001111100111000001000100000011010001000111011001000100011000000001011010100000000111000000
000100001101110011001000011110110110000000111110001111001011111000011111011000101100000011001111100111000100010110001110110110100010001110110010001000110000000010110101000001010100
000100001101110011001000011110110110000000111110001111001011111000011111011000101100000011000001101000011001001110010011110110100010001110110010001000110000000010110101000110011101
000100001101110011001000011110110110000000111110001111001011111000011111011000101100000011000001101000011101010110001110110110100010001110110010001000110000000010110101000111000000
000100001101110011001000011110110110000000111110001111001011111000011111011000101100000011001111100111000001000100000011010001000111011001000100011000000001011010100000000110011101
000100001101110011001000011110110110000000111110001111001011111000011111011000101100000011001111100111000100010110001110110110100010001110110010001000110000000010110101000110011101
000100001101110011001000011110110110000000111110001111001011111000011111011000101100000011000001011100110110000010001000000110100010001110110010001000110000000010110101000001010100
000100001101110011001000011110110110000000111110001111001011111000011111011000101100000011000001101000011101010110001000000110100010001110110010001000110000000010110101000001010100
000100001101110011001000011110110110000000111110001111001011111000011111011000101100000011001111100110100110000010001000000110100010001110110010001000110000000010110101000001010100
000100001101110011001000011110110110000000111110001111001011111000011111011000101100000011000001011100110111011001000010010010100010001110110010001000110000000010110101000001010100
000100001101110011001000011110110110000000111110001111001011111000011111011000101100000011001111100110110011100110001000000110100010001110110010001000110000000010110101000001010100
000100001101110011001000011110110110000000111110001111001011111000011111011000101100000011000001011100110110000010001000000110100010001110110010001000110000000010110101000110011101
000100001101110011001000011110110110000000111110001111001011111000011111011000101100000011000001101000011101010110001000000110100010001110110010001000110000000010110101000110011101
000100001101110011001000011110110110000000111110001111001011111000011111011000101100000011001111100110100110000010001000000110100010001110110010001000110000000010110101000110011101
000100001101110011001000011110110110000000111110001111001011111000011111011000101100000011000001101000011101010110011011111110100010001110110010001000110000000010110101000001010100
000100001101110011001000011110110110000000111110001111001011111000011111011000101100000011000001011100110111011001000010010010100010001110110010001000110000000010110101000110011101
000100001101110011001000011110110110000000111110001111001011111000011111011000101100000011001111100110110011100110001000000110100010001110110010001000110000000010110101000110011101
000100001101110011001000011110110110000000111110001111001011111000011111011000101100000011001111100110100111110100100010111110100010001110110010001000110000000010110101000001010100
000100001101110011001000011110110110000000111110001111001011111000011111011000101100000011001111100110110001000100000011010001000111011001000100011000000001011010100000000111000000
000100001101110011001000011110110110000000111110001111001011111000011111011000101100000011000001101000001001100110001000000110100010001110110010001000110000000010110101000001010100
000100001101110011001000011110110110000000111110001111001011111000011111011000101100000011000001101000011001001110010011110110100010001110110010001000110000000010110101000111000000
000100001101110011001000011110110110000000111110001111001011111000011111011000101100000011001111100111000001000100110111110110100010001110110010001000110000000010110101000001010100
000100001101110011001000011110110110000000111110001111001011111000011111011000101100000011000001101000011101010110011011111110100010001110110010001000110000000010110101000110011101
000100001101110011001000011110110110000000110100001111001011111000011111011000101100000011000001101000011101010110001110110110100010001110110010001000110000000010110101000001010100
000100001101110011001000011110110110000000111110001111001011111000011111011000101100000011001111100110101011000111011011010001000111011001000100011000000001011010100000000111000000
000100001101110011001000011110110110000000111110001111001011111000011111011000101100000011000001101000001101111110110010010010100010001110110010001000110000000010110101000001010100
000100001101110011001000011110110110000000111110001111001011111000011111011000101100000011001111100110101110011001000010010010100010001110110010001000110000000010110101000001010100
000100001101110011001000011110110110000000111110001111001011111000011111011000101100000011001111100110100111110100100010111110100010001110110010001000110000000010110101000110011101
000100001101110011001000011110110110000000111110001111001011111000011111011000101100000011001111100110111011100110001000000110100010001110110010001000110000000010110101000001010100
