100001111001010110101100000000011000000010100011101100101000010101001101101001001000101011001000101111010001010010001111101000010000011100110010100011011111000010010011001000000001
001011100010011010001100000000011000000010100011101100101000010101001101101001001000101011001000101111010001010010001111101000010000011100110010100011011111000010010011001000000001
100001111001010110101100000000011000000010100011101100101000010101001101101001001000101011001000101111010001010010001111101000010000011100110010100011110101010010010011001000000001
100001111001010110101100000000011000000010100011101100101000010101001101101001001000101011001000101111010001010010001111101000010001111011111111000011110101010010010011001000000001
100001110010001111111011010111010011011110011110111110101000010101001101101001001000101011001000101111010001010010001111101000010000011100110010100011011111000010010011001000000001
010110101111011111101100000000011000000010100011101100101000010101001101101001001000101011001000101111010001010010001111101000010000011100110010100011011111000010010011001000000001
100001111001010110101100000000011000000010100011101100101000010101001101101001001000101011001000101111010001010010001111101000010000011100110010100010000100001011100010110111010100
100001111001010110101100000000011000000010100011101100101000010101001101101001001000101011001000101111010001010010001111101000010000011100110010110110010111000010010011001000000001
100001110010001111111011011011000100010110100011101100101000010101001101101001001000101011001000101111010001010010001111101000010000011100110010100011011111000010010011001000000001
100100101101110110101100000000011000000010100011101100101000010101001101101001001000101011001000101111010001010010001111101000010000011100110010100011011111000010010011001000000001
100001111001010110101100000000011000000010100011101100100010010101001101101001001000101011001000101111010001010010001111101000010000011100110010100011011111000010010011001000000001
100001110010000110101100000000011000000010100011101100101000010101001101101001001000101011001000101111010001010010001111101000010000011100110010100011011111000010010011001000000001
100001110010000110100110011011011001010110000011101100101000010101001101101001001000101011001000101111010001010010001111101000010000011100110010100011011111000010010011001000000001
100001111001010110101100000000011000000010100011101100101000010101001101101001001000101011001000101111010001010010001111101000010001111011110010100011011111000010010011001000000001
100001111001010110101100000000011000000010100011000000110000010101001101101001001000101011001000101111010001010010001111101000010000011100110010100011011111000010010011001000000001
100001111001010110101100000000011000000010100011101100101000010101001101101001001000101011001000101111010001010010001111101000010000011111111111000011110101010010010011001000000001
010111111011111111101100000000011000000010100011101100101000010101001101101001001000101011001000101111010001010010001111101000010000011100110010100011011111000010010011001000000001
100001111001010110101100000000011000000010100011101100101000010101001101101001001000101011001000101111010001010010001111101000010001111011111010100011011111000010010011001000000001
001011101001010110101100000000011000000010100011101100101000010101001101101001001000101011001000101111010001010010001111101000010000011100110010100011011111000010010011001000000001
100001110010001111111000100000101111010010000011101100101000010101001101101001001000101011001000101111010001010010001111101000010000011100110010100011011111000010010011001000000001
100001111001010110101100000000011000000010100011101100101000010101001101101001001000101011001000101111010001010010001111101000010000011001100000100011011111000010010011001000000001
100000101101110110101100000000011000000010100011101100101000010101001101101001001000101011001000101111010001010010001111101000010000011100110010100011011111000010010011001000000001
100001111001010110101100000000011000000010100110111110101000010101001101101001001000101011001000101111010001010010001111101000010000011100110010100011011111000010010011001000000001
100001110010011010001100000000011000000010100011101100101000010101001101101001001000101011001000101111010001010010001111101000010000011100110010100011011111000010010011001000000001
100001111001010110101100000000011000000010100011101100101000010101001101101001001000101011001000101111010001010010001111101000010001111011111001011011011111000010010011001000000001
100001111001010110101100000000011000000010100011101100101000010101001101101001001000101011001000101111010001010010001111101000010000011100110111000011110101010010010011001000000001
100001110010001111111000100000101111010010000000001110101000010101001101101001001000101011001000101111010001010010001111101000010000011100110010100011011111000010010011001000000001
100001111001010110101100000000011000000010100000100010101000010101001101101001001000101011001000101111010001010010001111101000010000011100110010100011011111000010010011001000000001
100001111001010110101100000000011000000010100011011110101000010101001101101001001000101011001000101111010001010010001111101000010000011100110010100011011111000010010011001000000001
100001111001010110101100000000011000000010100011101100101000010101001101101001001000101011001000101111010001010010001111101000010000011100110010100011011111000010000101111000010100
101010001001010110101100000000011000000010100011101100101000010101001101101001001000101011001000101111010001010010001111101000010000011100110010100011011111000010010011001000000001
100001111001010110101100000000011000000010100011101100101000010101001101101001001000101011001000101111010001010010001111101000010000011100110100111011110101010010010011001000000001
