010001001101001110010001010101100010100000101110001101101001000101101101011010010001001110101000100001111110100111000110101000101001001000000110011001110110000001000110110011001000
110000000001101110010001010101100010100000101110001101101001000101101101011010010001001110101000100001111110100111000110101000101001001000000110011001110110000001000110110011001000
101101001101001110010001010101100010100000101110001101101001000101101101011010010001001110101000100001111110100111000110101000101001001000000110011001110110000001000110110011001000
011010010001101110010001010101100010100000101110001101101001000101101101011010010001001110101000100001111110100111000110101000101001001000000110011001110110000001000110110011001000
010001001101001110010001010101100010100000101110001101101001000101101101011010010001001110101000100001111110100111011110101000101001001000000110011001110110000001000110110011001000
101101110101001110010001010101100010100000101110001101101001000101101101011010010001001110101000100001111110100111000110101000101001001000000110011001110110000001000110110011001000
101101010101001110010001010101100010100000101110001101101001000101101101011010010001001110101000100001111110100111000110101000101001001000000110011001110110000001000110110011001000
010001001101001110010001010101100010100000101110001101101001000101101101011010010001001110101000100001111110100011000110101000101001001000000110011001110110000001000110110011001000
110000000001101110010001010101100010100000101110001101101001000101101101011010010001001110101000100001111110100111011110101000101001001000000110011001110110000001000110110011001000
111011011101001110010001010101100010100000101110001101101001000101101101011010010001001110101000100001111110100111000110101000101001001000000110011001110110000001000110110011001000
101001001101001110010001010101100010100000101110001101101001000101101101011010010001001110101000100001111110100111000110101000101001001000000110011001110110000001000110110011001000
011010011101001110010001010101100010100000101110001101101001000101101101011010010001001110101000100001111110100111000110101000101001001000000110011001110110000001000110110011001000
101101110101101110010001010101100010100000101110001101101001000101101101011010010001001110101000100001111110100111000110101000101001001000000110011001110110000001000110110011001000
011010010001101110010001010101100010100000101110001101101001000101101101011010010001001110101000100001111110100111011110101000101001001000000110011001110110000001000110110011001000
110000000001101110010001010101100010100000101110001101101001000101101101011010010001001110101000100001111110100011000110101000101001001000000110011001110110000001000110110011001000
101101110100001110010001010101100010100000101110001101101001000101101101011010010001001110101000100001111110100111000110101000101001001000000110011001110110000001000110110011001000
101101001101001110010001010101100010100000101110001101101001000101101101011010010001001110101000100001111110100111011110101000101001001000000110011001110110000001000110110011001000
011010010101001110010001010101100010100000101110001101101001000101101101011010010001001110101000100001111110100111000110101000101001001000000110011001110110000001000110110011001000
010001001101001110010001010101100010100000101110001101101001000101101101011010010001001110101000100001101000111011000110101000101001001000000110011001110110000001000110110011001000
010001001101001110010001010101100010100000101110001101101001000101101101011010010001001110101000100001111110110011000110101000101001001000000110011001110110000001000110110011001000
011010001101001110010001010101100010100000101110001101101001000101101101011010010001001110101000100001111110100111000110101000101001001000000110011001110110000001000110110011001000
010001001101001110010001010101100010100000101110001101101001000101101101011010010001001110101000100001111110100110000110101000101001001000000110011001110110000001000110110011001000
011010010001111010011110010101100010100000101110001101101001000101101101011010010001001110101000100001111110100111000110101000101001001000000110011001110110000001000110110011001000
011010011110000010011100100010101011000101000001011100011011010010001011011010110100100010011101010001000011111101000110101000101001001000000110011001110110000001000110110011001000
101101110101001110010001010101100010100000101110001101101001000101101101011010010001001110101000100001111110100111011110101000101001001000000110011001110110000001000110110011001000
011010101101001110010001010101100010100000101110001101101001000101101101011010010001001110101000100001111110100111000110101000101001001000000110011001110110000001000110110011001000
011010010001101110010001010101100010100000101110001101101001000101101101011010010001001110101000100001111110100011000110101000101001001000000110011001110110000001000110110011001000
111011011101001110010001010101100010100000101110001101101001000101101101011010010001001110101000100001111110100111011110101000101001001000000110011001110110000001000110110011001000
110000000001001110010001010101100010100000101110001101101001000101101101011010010001001110101000100001111110100111000110101000101001001000000110011001110110000001000110110011001000
101101001101001110010001010101100010100000101110001101101001000101101101011010010001001110101000100001111110100011000110101000101001001000000110011001110110000001000110110011001000
110000000001101110010001010101100010100000101110001101101001000101101101011010010001001110101000100001101000111011000110101000101001001000000110011001110110000001000110110011001000
101101010101001110010001010101100010100000101110001101101001000101101101011010010001001110101000100001111110100111011110101000101001001000000110011001110110000001000110110011001000
