000010011100001010110111010111011010101101011111100111001111011101101101101011110100110010011100000101011111110000101100001001011111110001010001111001100001100011000001000011011000
000010011100001010110111010111011010101101011111100010101011011101101101101011110100110010011100000101011111110000101100001001011111110001010001111001100001100011000001000011011000
000010011100001011011101011110000100001000000001100001011111011101101101101011110100110010011100000101011111110000101100001001011111110001010001111001100001100011000001000011011000
000010011100001010110111010111011010101101011111100111000111011101101101101011110100110010011100000101011111110000101100001001011111110001010001111001100001100011000001000011011000
000010011100001010110111010111011010101101011111100111001011011101101101101011110100110010011100000101011111110000101100001001011111110001010001111001100001100011000001000011011000
000010011100001010110111010111011010101101011111100111001110010001101101101011110100110010011100000101011111110000101100001001011111110001010001111001100001100011000001000011011000
000010011100001010110111000101000101011100100001001101011111011101101101101011110100110010011100000101011111110000101100001001011111110001010001111001100001100011000001000011011000
111110011100001010110111010111011010101101011111100111001111011101101101101011110100110010011100000101011111110000101100001001011111110001010001111001100001100011000001000011011000
000010011100001010110111010111011010101101011111101000001111011101101101101011110100110010011100000101011111110000101100001001011111110001010001111001100001100011000001000011011000
000010011100001010110111010111011010101101011111100111001101011101101101101011110100110010011100000101011111110000101100001001011111110001010001111001100001100011000001000011011000
000010011100001010110111010111011010101101011111100111001011101010001101101011110100110010011100000101011111110000101100001001011111110001010001111001100001100011000001000011011000
000010011100001010110111010111011010101101011111100111001101100011010011110111001001010010110110010101011111110000101100001001011111110001010001111001100001100011000001000011011000
000010011100001010110111010111011010101101011111100111001011101011101111000010110100110010011100000101011111110000101100001001011111110001010001111001100001100011000001000011011000
000010011100001010110111010111011010101101011111100010101011011001101101101011110100110010011100000101011111110000101100001001011111110001010001111001100001100011000001000011011000
000010011100001010110111010111011010101101011111100111001110001111011101101011110100110010011100000101011111110000101100001001011111110001010001111001100001100011000001000011011000
000010011100001010110111010111011010101101011111100111001101101101010011110111001001010010110110010101011111110000101100001001011111110001010001111001100001100011000001000011011000
000010011100001010110111010111011010101101011111100111001111011011010001011110001001000111111110010101011111110000101100001001011111110001010001111001100001100011000001000011011000
000010011100001010110111010111011010101101011111100001011111011101101101101011110100110010011100000101011111110000101100001001011111110001010001111001100001100011000001000011011000
000010011100001010110111010111011010101101011111100111001111011001101101101011110100110010011100000101011111110000101100001001011111110001010001111001100001100011000001000011011000
000010011100001010110111010111011010101101011111100111111011011101101101101011110100110010011100000101011111110000101100001001011111110001010001111001100001100011000001000011011000
000010011100001010110111010111011010101101011111100111001011110111111101101011110100110010011100000101011111110000101100001001011111110001010001111001100001100011000001000011011000
000010011100001011011101011110000100001000000001100010101011011101101101101011110100110010011100000101011111110000101100001001011111110001010001111001100001100011000001000011011000
111110011100001011011101011110000100001000000001100001011111011101101101101011110100110010011100000101011111110000101100001001011111110001010001111001100001100011000001000011011000
111110011100001010110111010111011010101101011111100010101011011101101101101011110100110010011100000101011111110000101100001001011111110001010001111001100001100011000001000011011000
000010011100001010110111010111011010101101011111100111001011011001101101101011110100110010011100000101011111110000101100001001011111110001010001111001100001100011000001000011011000
000010011100001010110111010111011010101101011111100111001111011011010001011110001000001010110000100101011111110000101100001001011111110001010001111001100001100011000001000011011000
000010011100001010110111010111011010101101011111100111001111101111101101101011110100110010011100000101011111110000101100001001011111110001010001111001100001100011000001000011011000
111110011100001010110111010111011010101101011111100111000111011101101101101011110100110010011100000101011111110000101100001001011111110001010001111001100001100011000001000011011000
000010011100001010110111010111011010101101011111100111001101101011101111000010110100110010011100000101011111110000101100001001011111110001010001111001100001100011000001000011011000
000010011100001010110111010111011010101101011111100111001111011101101101101011110100110010011100000101011111110000101100001001011111110001010001111001100001100011000000001101010111
000010011100001010110111010111011010101101011111100111001111011101101101101011110100110010011100001111010000001010110110001001011111110001010001111001100001100011000001000011011000
000010011100001010110111010111011010101101011111100111001011101011101101101011110100110010011100000101011111110000101100001001011111110001010001111001100001100011000001000011011000
