111011010000011000100100010000110011100110001001000111010100101000001100001111110011101100111101101001111100111110110000110100101011000110011001111001001111101110101000100000000110
111011010000011000100100010000110011100110001001000111010100101000001100001111110011101100100101101001111100111110110000110100101011000110011001111001001111101110101000100000000110
111011010000011000100100010000110011100110001001000111010100101000001100010011010111001011110101101001111100111110110000110100101011000110011001111001001111101110101000100000000110
111011010000011000100100010000110011100110001001000111010100101000001100010011010111001000111101101001111100111110110000110100101011000110011001111001001111101110101000100000000110
111011010000011000100100010000110011100110001001000111010100101000001100010011010111001011101001101001111100111110110000110100101011000110011001111001001111101110101000100000000110
111011010000011000100100010000110011100110001001000111010100101000001100010011010111001011100101101001111100111110110000110100101011000110011001111001001111101110101000100000000110
111011010000011000100100010000110011100110001001000111010100101000001100010011010111001011101111001001111100111110110000110100101011000110011001111001001111101110101000100000000110
111011010000011000100100010000110011100110001001000111010100101000001100010011010111001100100101101001111100111110110000110100101011000110011001111001001111101110101000100000000110
111011010000011000100100010000110011100110001001000111010100101000001100010011010111001101110101101001111100111110110000110100101011000110011001111001001111101110101000100000000110
111011010000011000100100010000110011100110001001000111010100101000001100010011010111001011101101101001111100111110110000110100101011000110011001111001001111101110101000100000000110
111011010000011000100100010000110011100110001001000111010100101000001100010011010111001011111101101001111100111110110000110100101011000110011001111001001111101110101000100000000110
111011010000011000100100010000110011100110001001000111010100101000001100001111110011101100100101011001111100111110110000110100101011000110011001111001001111101110101000100000000110
111011010000011000100100010000110011100110001001000111010100101000000111010111111001001000111101101001111100111110110000110100101011000110011001111001001111101110101000100000000110
111011010000011000100100010000110011100110001001000111010100101000001100001111110010011000111101101001111100111110110000110100101011000110011001111001001111101110101000100000000110
111011010000011000100100010000110011100110001001000111010100101000001100001111110011101100100001101001111100111110110000110100101011000110011001111001001111101110101000100000000110
111011010000011000100100010000110011100110001001000111010100101000001100010011010111001010111101101001111100111110110000110100101011000110011001111001001111101110101000100000000110
111011010000011000100100010000110011100110001001000111010100101000001100010011010111001011111100111101011100111110110000110100101011000110011001111001001111101110101000100000000110
111011010000011000100100010000110011100110001001000111010100101000001100001111110011101100111100111101011100111110110000110100101011000110011001111001001111101110101000100000000110
111011010000011000100100010000110011100110001001000111010100101000001100010011010001010111111101101001111100111110110000110100101011000110011001111001001111101110101000100000000110
111011010000011000100100010000110011100110001001000111010100101000001100010011010111001011110011101001111100111110110000110100101011000110011001111001001111101110101000100000000110
111011010000011000100100010000110011100110001001000111010100101000001100001111110011101100100100111101011100111110110000110100101011000110011001111001001111101110101000100000000110
111011010000011000100100010000110011100110001001000111010100101000001100001111110011101100111101100011111100111110110000110100101011000110011001111001001111101110101000100000000110
111011010000011000100100010000110011100110001001000111010100101000001100001111110011101101010001101001111100111110110000110100101011000110011001111001001111101110101000100000000110
111011010000011000100100010000110011100110001001000111010100101000001100010011010111001000010011101001111100111110110000110100101011000110011001111001001111101110101000100000000110
111011010000011000100100010000110011100110001001000111010100101000001100010011010011111001110101101001111100111110110000110100101011000110011001111001001111101110101000100000000110
111011010000011000100100010000110011100110001001000111010100101000001100001111110011101100111001101001111100111110110000110100101011000110011001111001001111101110101000100000000110
111011010000011000100100010000110011100110001001000111010100101000001100001111110011101100100001010001111100111110110000110100101011000110011001111001001111101110101000100000000110
111011010000011000100100010000110011100110001001000111010100101000001100001111110011111001110101101001111100111110110000110100101011000110011001111001001111101110101000100000000110
111011010000011000100100010000110011100110001001000111010100101000001100001111110011101100111101101001111100111110110000011110111011000110011001111001001111101110101000100000000110
111011010000011000100100010000110011100110001001000111010100101000001100001111110011101100111100000101111001101100110000110100101011000110011001111001001111101110101000100000000110
111011010000011000100100010000110011100110001001000111010100101000001100001111110011101100111101101001111100111110110000110100101011000110011001101100000111101110101000100000000110
111011010000011000100100010000110011100110001001000111010100101000001100001111110011101100111101101001111100111110110000110100101011000110011001111001001111101110101000110000000110
