001001110010011011110100101100111011111111110110101101101011101000111001111110010001010010000110101101000000011011011000101010001010101100111110110100011000110101001010001001111011
001001110010011011110100101100111011111111110110101101101011101000111001111110010001010010000110101101000000011011011000101010001010101100111110110100111000110101001010001001111011
100101110010011011110100101100111011111111110110101101101011101000111001111110010001010010000110101101000000011011011000101010001010101100111110110100011000110101001010001001111011
100011100010011011110100101100111011111111110110101101101011101000111001111110010001010010000110101101000000011011011000101010001010101100111110110100011000110101001010001001111011
100101110010011011110100101100111011111111110110101101101011101000111001111110010001010010000110101101000000011011011000101010001010101100111110110100111000110101001010001001111011
001001110010011011110100101100111011111111110110101101101011101000111001111110010001010010000110101101000000011011011000001111010011111110111111000100110000110101001010001001111011
001001110010011011110100101100111011111111110110101101101011101000111001111110010001010010000110101101000000011011011000101010001010101100111110100001110000110101001010001001111011
011000011011011010111111100111011011111111110110101101101011101000111001111110010001010010000110101101000000011011011000101010001010101100111110110100011000110101001010001001111011
100011100010011011110100101100111011111111110110101101101011101000111001111110010001010010000110101101000000011011011000101010001010101100111110110100111000110101001010001001111011
001001110010011011110100101100111011111111110110101101101011101000111001111110010001010010000110101101000000011011011000101010010110100001011110101101001000110101001010001001111011
000111110101110110101101100101101101111101011111101101101011101000111001111110010001010010000110101101000000011011011000101010001010101100111110110100011000110101001010001001111011
001001110010011011110100101100111011111111110110101101101011101000111001111110010001010010000110101101000000011011011000101010001010101100111110110101111000110101001010001001111011
001001110010011011110100101100111011111111110110101101101011101000111001111110010001010010000110101101000000011011011000101010001010101100111110100001010000110101001010001001111011
001001110010011011110100101100111011111111110110101101101011101000111001111110010001010010000110101101000000011011011000001111010011111110111111000110110000110101001010001001111011
001001110010011011110100101100111011111111110110101101101011101000111001111110010001010010000110101101000000011001011000101010001010101100111110110100011000110101001010001001111011
000111110101110110101010100001011011111111110110101101101011101000111001111110010001010010000110101101000000011011011000101010001010101100111110110100011000110101001010001001111011
001001110010011011110100101100111011111111110110101101101011101000111001111110010001010010000110101101000000011011011000101010001010101100111110110100000011010101001010001001111011
001001110010011011110100101100111011111111110110101101101011101000111001111110010001010010000110101101000000011011011000101010001010111100111110110100011000110101001010001001111011
001001110010011011110100101100111011111111110110101101101011101000111001111110010001010010000110101101000000011011011000101010010110100001011110100001110000110101001010001001111011
001001110010011011110100101100111011111111110110101101101011101000111001111110010001010010000110101101000000011011011000101010001010101100111110110100011000110100111100100101111011
001001110010011010101010100001011011111111110110101101101011101000111001111110010001010010000110101101000000011011011000101010001010101100111110110100011000110101001010001001111011
001001110010011011110100101100111011111111110110101101101011101000111001111110010001010010000110101101000011010110111000000000011010101100111110110100011000110101001010001001111011
000111110101110110101101100101101101111101011111101101101011101000111001111110010001010010000110101101000000011011011000101010001010101100111110110100111000110101001010001001111011
001001110010011011110100101100111011111111110110101101101011101000111001111110010001010010000110101101000000011011011000001111010011111110111110110100011000110101001010001001111011
001001110010011011110100101100111011111111110110101101101011101000111001111110010001010010000110101101000000011011011000101010010110100001011110110100011000110101001010001001111011
001001110010011011110100101100111011111111110110101101101011101000111001111110010001010010000110101101000000011011011000101010001010101100111110110111001000110101001010001001111011
001001110010011011110100101100111011111111110110101101101011101000111001111110010001010010000110101101000000011011011000001111010010000110010111111100110000110101001010001001111011
001001110010011011110100101100111011111111110110101101101011101000111001111110010001010010000110101101000000011011011000000000011010101100111110110100011000110101001010001001111011
001001110010011011110100101100111011111111110110101101101011101000111001111110010001010010000110101101000000011011011000101010001010101110101111100001110000110101001010001001111011
001001110010011011110100101100111011111111110110101101101011101000111001111110010001010010011011001110011000111011011000101010001010101100111110110100011000110101001010001001111011
001001110010011011110100101100111011111111110110101101101011101000111001111110010001010010000110101101000000011011011000101010001010101100111110110100111000111111101000110001111011
110001110111011111101101100101101101111101011111101101101011101000111001111110010001010010000110101101000000011011011000101010001010101100111110110100011000110101001010001001111011
