010101110010000110100011010111111010011001010111100010000011101011010100011011010100110100000110110111010111000010111010110101000111101111010010111101000010101100100111010100110010
010101110010000110100011010111111010011011100010010011110011101011010100011011010100110100000110110111010111000010111010110101000111101111010010111101000010101100100111010100110010
010101110010000110100011010111111010011001010111100010000011101011010100011011010100110100000110110111010111000010111010101100101011101010000000111111110011001100100111010100110010
010101110010000110100011010111111010011001010111100010000011101011010100011011010100110100000110110111010111000010110110001110100111000100010000010110110010101100100111010100110010
010101110010000110100011010111111010011111100010010011110011101011010100011011010100110100000110110111010111000010111010110101000111101111010010111101000010101100100111010100110010
010101110010000110100011010111111010010100111010011001010111101011010100011011010100110100000110110111010111000010111010110101000111101111010010111101000010101100100111010100110010
010101110010000110100011010111111010011001010111100010001011101011010100011011010100110100000110110111010111000010111010110101000111101111010010111101000010101100100111010100110010
010101110010000110100011010111111010011011100010010011110011101011010100011011010100110100000110110111010111000010111010101100101011101010000000111111110011001100100111010100110010
010101110010000110100111111000000000010001101010100101100000000111010110101000110110101001101000001101101111110111001000001110000111101111010010111101000010101100100111010100110010
010101110010000110100011010111111010011011100010010011110011101011010100011011010100110100000110110111010111000010110110001110100111000100010000010110110010101100100111010100110010
010101110010000110100111111000000000010001101010100101100000000111010110101000110110101001101000001101101110101110000101110101000111101111010010111101000010101100100111010100110010
010101110010000110100011010111111010011001010111100010000011101011010100011011010100110100000110110111111011100100000111011010000111101111010010111101000010101100100111010100110010
010101110010000110100111111000000000010001101010100101100000000111010110101000110110101001101000001101101110101110000101100101000111101111010010111101000010101100100111010100110010
010101110010000110100111111000000000010001100011001000101010100001010110101000110110101001101000001101101111110111001000001110000111101111010010111101000010101100100111010100110010
010101110010000110100111111000000000010001101010100101100000000111010110101000110110101001101000001101101110101110000101101100011100111100111011010001110101101100100111010100110010
010101110010000110100111001101000111101011100010010011110011101011010100011011010100110100000110110111010111000010111010110101000111101111010010111101000010101100100111010100110010
010101110010000110100011010111111010011111100010010011110011101011010100011011010100110100000110110111010111000010111010101100101011101010000000111111110011001100100111010100110010
010101110010000101011110100010011000000100111010011001010111101011010100011011010100110100000110110111010111000010111010110101000111101111010010111101000010101100100111010100110010
010101110010000110100011010111111010011111101010100101100000000111010110101000110110101001101000001101101111110111001000001110000111101111010010111101000010101100100111010100110010
010101110010000110100111111000000000010001100011001000101010100001010110101000110110101001101000001101101110101110000101110101000111101111010010111101000010101100100111010100110010
010101110010000110100011010111111010011111100010010011110011101011010100011011010100110100000110110111010111000010110110001110100111000100010000010110110010101100100111010100110010
010101110010000110100011010111111010011001010111100010000011101011010100011011010100110100000110110111010111000010111111110101000111101111010010111101000010101100100111010100110010
101001000110001011110110100100001101011001010111100010000011101011010100011011010100110100000110110111010111000010111010110101000111101111010010111101000010101100100111010100110010
010101110010000110110100110011001101101111100010010011110011101011010100011011010100110100000110110111010111000010111010110101000111101111010010111101000010101100100111010100110010
010101110010000101011110100010011000000001000001110001100100010111010110101000110110101001101000001101101111110111001000001110000111101111010010111101000010101100100111010100110010
010101110010000101011110100010011000000001000001110001100100010111010110101000110110101001101000001101101110101110000101110101000111101111010010111101000010101100100111010100110010
010101110010000101011110100010011000000001000001110001100100010111010110101000110110101001101000001101101110101110000101100101000111101111010010111101000010101100100111010100110010
101001000110001011110110100100001101010011100010010011110011101011010100011011010100110100000110110111010111000010111010110101000111101111010010111101000010101100100111010100110010
010101110010000101011110100010011000000100111010011001010111101011010100011011010100110100000110110111010111000010111010101100101011101010000000111111110011001100100111010100110010
111111100010010000100000001001101000011001010111100010000011101011010100011011010100110100000110110111010111000010111010110101000111101111010010111101000010101100100111010100110010
101001000110001011110110100100001101011001010111100010000011101011010100011011010100110100000110110111010111000010111010101100101011101010000000111111110011001100100111010100110010
010101110010000101011110100010011000000001000001110001100100010111010110101000110110101001101000001101101110101110000101101100011100111100111011010001110101101100100111010100110010
