110111100010100010010100011110111000110001100001100010001010001111010010001100001110110111011000101110100010000011110101001010101101000011000111001101101101110001011000110001011001
110111100010100010010100011110111000110001100001100010001010001111010010001100001110110111011000101110100010000011110101001010101101000011000111001101101101110001011000110100011011
110111100010100010010100011110111000110001100001100010001010001111010010001100001110110111011000101110100010000011110101001010101101000011000111001101101101110001011000110100011001
110111100010100010010100011110111000110001100001100010001010001111010010001100001110110111011000101110100010000011110101001010101101000011000111001101101101110010010001000111100101
110111100010100010010100011110111000110001100001100010001010001111010010001100001110110111011000101110100010000011110101001010000100010111011110110011111111000000001000111110111111
110111100010100010010100011110111000110001100001100010001010001111010010001100001110110111011000101110100010000011110101001010000100010111011110110011111111000000001000110001011001
110111100010100010010100011110111000110001100001100010001010001111010010001100001110110111011000101110100010000011110101001011111001100011000111001101101101110001011000110001011001
110111100010100010010100011110111000110001100001100010001010001111010010001100001110110111011000101110100011001101000001100000100010100001001010000010111001110001011000110001011001
110111100010100010010100011110111000110001100001100010001010001111010010001100001110110111011000101110100010000011110101001010101101000000010000010110101100100101111000011101000001
110111100010100010010100011110111000110001100001100010001010001111010010001100001110110111011000101110100010000011110101010011111001100011000111001101101101110001011000110001011001
110111100010100010010100011110111000110001100001100010001010001111010010001100001110110111011000101110100010000101101110001011111001100011000111001101101101110001011000110001011001
110111100010100010010100011110111000110001100001100010001010001111010010001100001110110111011000101110100010000011110101001010000100010111011110110011111111000000001000110100011001
110111100010100010010100011110111000110001100001100010001010001111010010001100001110110111011000101110100010000011110101001010000100010111011110110011111111000000001000110100011011
110111100010100010010100011110111000110001100001100010001010001111010010001100001110110111011000101110100010000011110101001010000100010111011110110011111111000000001000111110111101
110111100010100010010100011110111000110001100001100010001010001111010010001100001110110111011000101110100010000011110101001010101101000011000111001101101101110001011000110101011001
110111100010100010010100011110111000110001100001100010001010001111010010001100001110110111011000101110100010000011110101001011111001100011000111001101101101110001011000110100011011
110111100010100010010100011110111000110001100001100010001010001111010010001100001110110111011000101110100010000011111111001010101101000011000111001101101101110001011000110001011001
110111100010100010010100011110111000110001100001100010001010001111010010001100001110110111011000101110100010000011110101001011111001100011000111001101101101110001011000110100011001
110111100010100010010100011110111000110001100001100010001010001111010010001100001110110111011000101110100010000011110101001010101101000000010000010110101100100101111000011000011011
110111100010100010010100011110111000110001100001100010001010001111010010001100001110110111011000101110100010000011110101001010101101000101000010010100000101110010010001000111100101
110111100010100010010100011110111000110001100001100010001010001111010010001100001110110111011000101110100011001101000001100000100010100001001010000010111001110001011000110100011011
110111100010100010010100011110111000110001100001100010001010001111010010001100001110110111011000101110100010000011110101001010000100010111011110110011111111001110000101101100111111
110111100010100010010100011110111000110001100001100010001010001111010010001100001110110111011000101110100011001101000001100000100010100001001010000010111001110001011000110100011001
110111100010100010010100011110111000110001100001100010001010001111010010001100001110110111011000101110100010000011110101001010101101000000010000010110101100100110110001101010010001
110111100010100010010100011110111000110001100001100010001010001111010010001100001110110111011000101110100010000011110101010011111001100011000111001101101101110001011000110100011011
110111100010100010010100011110111000110001100001100010001010001111010010001100001110110111011000101110100010000101101110001011111001100011000111001101101101110001011000110100011011
110111100010100010010100011110111000110001100001100010001010001111010010001100001110110111011000101110100010000011110101010011111001100011000111001101101101110001011000110100011001
110111100010100010010100011110111000110001100001100010001010001111010010001100001110110111011000101110100010000101101110001011111001100011000111001101101101110001011000110100011001
110111100010100010010100011110111000110001100001100010001010001111010010001100001110110111011000101110100010000011110101001010101101000011000111001101101101110001011000110001011110
110111100010100010010100011110111000110001100001100010001010001111010010001100001110110111011000101110100010000011110101001010101101000011000111001101101101110011110001110100001101
110111100010100010010100011110111000110001100001100010001010001111010010001100001110110111011000101110100010000011110101001010000100000111111010010111110001000010100001110111101101
110111100010100010010100011110111000110001100001100010001010001111010010001100001110110111011000101110100010000011110101001010101101000011000111001101101101110001011000110100001101
