100001110000011001110101011100111110111000001001001101011101011111011111000111101100000001110100011011101101001010010111111100100101001011111100111001111100111110000001101100110110
100001110000011001110101011100111110111000001001001101011101011111100011000111101100000001110100011011101101001010010111111100100101001011111100111001111100111110000001101100110110
100001110000011001110101011100111110111000001001001101011101011111011111000111101100000001110100011011101101001010010111111100100101000000010010001001111100111110000001101100110110
100001110000011001110101011100111110111000001001001101011101011111011111000111101100000001110100011011101101001010010111111100100101001011111011111101111100111110000001101100110110
100001110000011001110101011100111110111000001001001101011101011111011111000111101100000001110100011011101101001010010111111100100101001011110110011101111100111110000001101100110110
100001110000011001110101011100111110111000001001010111011101011111011111000111101100000001110100011011101101001010010111111100100101001011111100111001111100111110000001101100110110
100001110000011001110101011100111110111000001001001101011101011111011111000111101100000001110100011011101101001010010111111100100101110000010010001001111100111110000001101100110110
100001110000011001110101011100111110111000001001001101011101011111011111000111101100000001110100011011101101001010010111111100100101001011111010100101101000111110000001101100110110
100001110000011001110101011100111110111000001001001101011101011111011111000111101100000001110100011011101101001010010111111100100101001011111101101011111100111110000001101100110110
100001110000011001110101011100111110111000001001001101011101011111011111000111101100000001110100011011101101001010010111111100100101001011111101001001111100111110000001101100110110
100001110000011001110101011100111110111000001001001101011101011111011111000111101100000001110100011011101101001010010111111100100101001011111010111001111100111110000001101100110110
001011100000011001110101011100111110111000001001001101011101011111011111000111101100000001110100011011101101001010010111111100100101001011111100111001111100111110000001101100110110
100001110000011001110101011100111110111000001001001101011101011111011111000111101100000001110100011011101101001010010111111100100101001011111010100101111100111110000001101100110110
100001110000011001110101011100111110111000001001001101011101011111011111000111101100000001110100011011101101001010010111111100100101001011111011111101010011111110000001101100110110
100001110000011001110101011100111110111000001001001101011101011111011111000111101100000001110100011011101101001010010111111100100101001011111010110110100111111110000001101100110110
100001110000011001110101011100111110111000001001001101011101011111100011000111101100000001110100011011101101001010010111111100100101000000010010001001111100111110000001101100110110
100001110000011001110101011100111110111000001001001101011101011111011111000111101100000001110100011011101101001010010111111100100101001011010110011101111100111110000001101100110110
100001110000011001110101011100111110111000001001001101011101011111011111000111101100000001110100011011101101001010010111111100100101011000101010001001111100111110000001101100110110
100001110000011001110101011100111110111000001001001101011101011111011111000111101100000001110100011011101101001010010111111101110001101011010110011101111100111110000001101100110110
100001110000011001110101011100111110111000001001001101011101011111011111000111101100000001110100011011101101001010010111111100100101001011111010111101111100111110000001101100110110
100001110000011001110101011100111110111000001001001101011101011111011111000111101100000001110100011011101101001010010111111100100101001011010001001001111100111110000001101100110110
100001110000011001110101011100111110111000001001001101011101011111011111000111101100000001110100011011101101001010010111111100100101011000100000101101111100111110000001101100110110
100001110000011001110101011100111110111000001001001101011101011111100011000111101100000001110100011011101101001010010111111100100101001011111011111101111100111110000001101100110110
100001110000011001110101011100111110111000001001001101011101011111011111000110110110100101110100011011101101001010010111111100100101001011111100111001111100111110000001101100110110
100001110000011001110101011100111110111000001001001101011101011111100011000111101100000001110100011011101101001010010111111100100101001011110110011101111100111110000001101100110110
100001110000011001110101011100111110111000001001010111011101011111100011000111101100000001110100011011101101001010010111111100100101001011111100111001111100111110000001101100110110
010111110010110000110101011100111110111000001001001101011101011111011111000111101100000001110100011011101101001010010111111100100101001011111100111001111100111110000001101100110110
100001110000011001110101011100111110111000001001001101011101011111011111000111101100000001110100011011101101001010010111111100100101011000100010001001111100111110000001101100110110
100001110000011001110101011100111110111000001001001101011101011111011111000111101100000001110100011011101101001010010111111100100101001011111100101101111100111110000001101100110110
100001110000011001110101011100111110111000001001010111011101011111011111000111101100000001110100011011101101001010010111111100100101000000010010001001111100111110000001101100110110
100001110000011001110101011100111110111000001001001101011101011111011111000111101100000001110100011011101101001010010111111100100101001011111011110110100111111110000001101100110110
100001110000011001110101011100111110111000001001001101011101011111011111000111101100000001110100011011101101001010010111111100100101011000100001011101111100111110000001101100110110
