001101101111010100101000111011101001111011001101001010000101100100010100011010101010011010101111101100111001011010000101011111010110100110110111010110000101110100001110110011001110
000010111011110100101000111011101001111011001101001010000101100100010100011010101010011010101111101100111001011010000101011111010110100110110111010110000101110100001110110011001110
001101101111010100101000111011101001111010101010100100010001111010100100011010101010011010101111101100111001011010000101011111010110100110110111010110000101110100001110110011001110
001101111010100001000111011011000011101011001101001010000101100100010100011010101010011010101111101100111001011010000101011111010110100110110111010110000101110100001110110011001110
001101101111010100101000111011101001111000101010100100010001111010100100011010101010011010101111101100111001011010000101011111010110100110110111010110000101110100001110110011001110
001101101111010100101000111011101001001000101010100100010001111010100100011010101010011010101111101100111001011010000101011111010110100110110111010110000101110100001110110011001110
001101111011110100101000111011101001111011001101001010000101100100010100011010101010011010101111101100111001011010000101011111010110100110110111010110000101110100001110110011001110
000011101111010100101000111011101001111011001101001010000101100100010100011010101010011010101111101100111001011010000101011111010110100110110111010110000101110100001110110011001110
001101101111010100101000111011101001111000010101000000100001100001111100011010101010011010101111101100111001011010000101011111010110100110110111010110000101110100001110110011001110
001101101111010100000101011011000011101011001101001010000101100100010100011010101010011010101111101100111001011010000101011111010110100110110111010110000101110100001110110011001110
001101101111010101011110100100001111111011001101001010000101100100010100011010101010011010101111101100111001011010000101011111010110100110110111010110000101110100001110110011001110
001101101111010101011110100100001111111000101010100100010001111010100100011010101010011010101111101100111001011010000101011111010110100110110111010110000101110100001110110011001110
001101101111010100101000111011101000101100111100101110111000011010100100011010101010011010101111101100111001011010000101011111010110100110110111010110000101110100001110110011001110
001101101111010101011110100100001111110101101011111010010000101100010100011010101010011010101111101100111001011010000101011111010110100110110111010110000101110100001110110011001110
001101101111010100101000111011101001111000011100101110111000011010100100011010101010011010101111101100111001011010000101011111010110100110110111010110000101110100001110110011001110
001101101111010100101000111011101001111011001101001010000101100011010100011010101010011010101111101100111001011010000101011111010110100110110111010110000101110100001110110011001110
001100111011110100101000111011101001111011001101001010000101100100010100011010101010011010101111101100111001011010000101011111010110100110110111010110000101110100001110110011001110
001101101111010100101000111011101001111011001101001010000101100100010100011010101010011010101111101100111001011010000101011111010110100110110111010110000110011001101110110011001110
001101101111010101011110100100001111111010101010100100010001111010100100011010101010011010101111101100111001011010000101011111010110100110110111010110000101110100001110110011001110
100111111111000010001101101000111111101011001101001010000101100100010100011010101010011010101111101100111001011010000101011111010110100110110111010110000101110100001110110011001110
100111101010110100101000111011101001111011001101001010000101100100010100011010101010011010101111101100111001011010000101011111010110100110110111010110000101110100001110110011001110
100111111111000010001101101000101000101100111100101110111000011010100100011010101010011010101111101100111001011010000101011111010110100110110111010110000101110100001110110011001110
001101111010110100101000111011101001111011001101001010000101100100010100011010101010011010101111101100111001011010000101011111010110100110110111010110000101110100001110110011001110
100111111111010100101000111011101001111011001101001010000101100100010100011010101010011010101111101100111001011010000101011111010110100110110111010110000101110100001110110011001110
100111111110100101100101011011000011101011001101001010000101100100010100011010101010011010101111101100111001011010000101011111010110100110110111010110000101110100001110110011001110
000010111011000110101001110101101001111011001101001010000101100100010100011010101010011010101111101100111001011010000101011111010110100110110111010110000101110100001110110011001110
001101111010100101100101011011000011101011001101001010000101100100010100011010101010011010101111101100111001011010000101011111010110100110110111010110000101110100001110110011001110
000011101111100110101001110101101001111011001101001010000101100100010100011010101010011010101111101100111001011010000101011111010110100110110111010110000101110100001110110011001110
100111111111000011111011110111011001001000101010100100010001111010100100011010101010011010101111101100111001011010000101011111010110100110110111010110000101110100001110110011001110
100111111111001000101000111011101001111011001101001010000101100100010100011010101010011010101111101100111001011010000101011111010110100110110111010110000101110100001110110011001110
100111111111000000100011100110011111011000101010100100010001111010100100011010101010011010101111101100111001011010000101011111010110100110110111010110000101110100001110110011001110
100111111111000011111011110111011001111011001101001010000101100100010100011010101010011010101111101100111001011010000101011111010110100110110111010110000101110100001110110011001110
