101101101010010010001001000101110100011011110101000000011110000010010001000001110100000101111111100101010000011010111101001101010011000100101001100111000100011000010011111101001010
101101101010010010001001000101110100011011110101000000011110000010010001000001110100000101111111100101010000011010111101001101010010110101100010010101000100110111011000101100111000
000011110010101111100101111110100010000110110011000001011110000010010001000001110100000101111111100101010000011010111101001101010011000100101001100111000100011000010011111101001010
101001100010111001010111100010111000101110111101110111100110000010010001000001110100000101111111100101010000011010111101001101010011000100101001100111000100011000010011111101001010
101101101010010010001001000101110100011011110101000000011110000010010001000001110100000101111111100101010011000100001111110010100110110101100010010101000100110111011000101100111000
000011110010101111100101111110100010001010110110010011011110000010010001000001110100000101111111100101010000011010111101001101010011000100101001100111000100011000010011111101001010
101101101010010010001001011001100010110010010011000001011110000010010001000001110100000101111111100101010000011010111101001101010011000100101001100111000100011000010011111101001010
111011111111000011100101111110100010000110110011000001011110000010010001000001110100000101111111100101010000011010111101001101010011000100101001100111000100011000010011111101001010
101101101010010010001001001100101010111000110101000000011110000010010001000001110100000101111111100101010000011010111101001101010011000100101001100111000100011000010011111101001010
101001100010111001010111100010111000101110111101110111100110000010010001000001110100000101111111100101010000011010111101001101010010110101100010010101000100110111011000101100111000
101101101010010010001001000101110100011011110101000000011110000010010001000001110100000101111111100101010011001001010101101100001000011100101001100111000100011000010011111101001010
101101101010010010001001000110111111110100001100011101110100001110101110011100101100100011001011001111011101101101010101010000001010110101100010010101000100110111011000101100111000
111011111111000011100110101000001111100110110011000001011110000010010001000001110100000101111111100101010000011010111101001101010011000100101001100111000100011000010011111101001010
101101101010010010001001000101110100011011110101000000011110000010010001000001110100000101111111100101010000011010111101001101010010110101100010010101000100110111011000100000111000
101101101010010010001001000101110100011011110101000000011110000010010001000001110100000101111111100101010000011010111101001101010010110101100010010101000100110111011000100100001010
000011110010101111100101111110100010000110110011000001011110000010010001000001110100000101111111100101010000011010111101001101010010110101100010010101000100110111011000101100111000
111011111111000011100101111110100010001010110110010011011110000010010001000001110100000101111111100101010000011010111101001101010011000100101001100111000100011000010011111101001010
111100100100100110001111010100110100100111101000011000111010000111101110011100101100100011001011001111011101101101010101010000001010110101100010010101000100110111011000101100111000
101101101010010010001001000101110100011011110101000000011110000010010001000001110100000101111111100101010000011010111101001101010011000100101001100111000100011000010011110100100000
000011110010101111100101111110100010001010110110010011011110000010010001000001110100000101111111100101010000011010111101001101010010110101100010010101000100110111011000101100111000
101101101010010010000011001010110010001101001111001000001010011110000010011001111110100001111010001111011101101101010101010000001010110101100010010101000100110111011000101100111000
000100000110010111011011000101110100011011110101000000011110000010010001000001110100000101111111100101010000011010111101001101010011000100101001100111000100011000010011111101001010
100000110110011001110100011011010101110001011101111011101111001111100100111111001110110100110010000101110100101010110110000100000100111100100011000011000001111010000011100001100000
110001000000011110111101010100101110110101101011001011111010000111101110011100101100100011001011001111011101101101010101010000001010110101100010010101000100110111011000101100111000
000011110010101111100101000010100011100110110011000001011110000010010001000001110100000101111111100101010000011010111101001101010011000100101001100111000100011000010011111101001010
101101101010010010000011000110001111100110110011000001011110000010010001000001110100000101111111100101010000011010111101001101010011000100101001100111000100011000010011111101001010
100000110110011001110100011011010101110001011101111011101111001111100100111111001110110100110010000101110100101010110110000100000100111100100010010101000100110111011000101100111000
100000110110011001110100011010010011110100001100011101110100001110101110011100101100100011001011001111011101101101010101010000001010110101100010010101000100110111011000101100111000
101101101010010010001001000101110100011011110101000000011110000010010001000001110100000101111111100101010000011010111101001101010010110101101000110001000001010101001011000100001010
101101101010010010001001011001111011000010110110001110111010000111101110011100101100100011001011001111011101101101010101010000001010110101100010010101000100110111011000101100111000
101101101010010010001001001100110100100111101000011000111010000111101110011100101100100011001011001111011101101101010101010000001010110101100010010101000100110111011000101100111000
101101101010010010001001011001100010110010010011000001011110000010010001000001110100000101111111100101010000011010111101001101010010110101100010010101000100110111011000101100111000
