110111011101111100101110101110000111110011010000000001110101100101111110101110000111010000001101101001100111010010010100010001111101011110111110001101100010011000111011001111011110
110111011101111100101110101110000111110011010000000001110101100101111110101110000111010000001101101001100111010010010100010001111101011110111110000110101010010001010010001111011110
110111011101111100101110101110000111110011010000000001110101100101111110101110000111010000001101101001100111010010010100010001111101011110111110001010011100010011111011001111011110
110111011101111100101110101110000111110011010000000001110101100101111110101110000111010000001101101001100111010010010100010001111101011110111110001101100010010001010010001111011110
110111011101111100101110101110000111110011010000000001110101100101111110101110000111010000001101101001100111010010010100010001111101011110111110001100011100010011111011001111011110
110111011101111100101110101110000111110011010000000001110101100101111110101110000111010000001101101001100111010010010100010001111101011110111110000110101010010011111011001111011110
110111011101111100101110101110000111110011010000000001110101100101111110101110000111010000001101101001100111010010010100010001111101011110111110001101100010010011111011001111011110
110111011101111100101110101110000111110011010000000001110101100101111110101110000111010000001101101001100111010010010100010001111101011110111110001101111011100110001011001111011110
110111011101111100101110101110000111110011010000000001110101100101111110101110000111010000001101101001100111010010010100010001111101011110111110001101100010011000111010100010011110
110111011101111100101110101110000111110011010000000001110101100101111110101110000111010000001101101001100111010010010100010001111101011110111110001100010101001110110011001111011110
110111011101111100101110101110000111110011010000000001110101100101111110101110000111010000001101101001100111010010010100010001111101011110111110001101111011100001111011001111011110
110111011101111100101110101110000111110011010000000001110101100101111110101110000111010000001101101001100111010010010100010001111101011110111110001101111011100110001010001111011110
110111011101111100101110101110000111110011010000000001110101100101111110101110000111010000001101101001100111010010010100010001111101011110111110001101100010011000111010001111011110
110111011101111100101110101110000111110011010000000001110101100101111110101110000111010000001101101001100111010010010100010001111101011110111110001101111011000101110010001111011110
110111011101111100101110101110000111110011010000000001110101100101111110101110000111010000001101101001100111010010010100010001111101011110111110001101101011000101110010001111011110
110111011101111100101110101110000111110011010000000001110101100101111110101110000111010000001101101001100111010010010100010001111101011110111110001101111011100110001010000010111110
110111011101111100101110101110000111110011010000000001110101100101111110101110000111010000001101101001100111010010010100010001111101011110110001100011011100010011111011001111011110
110111011101111100101110101110000111110011010000000001110101100101111110101110000111010000001101101001100111010010010100010001111101011110111110001101011101000111011011001111011110
110111011101111100101110101110000111110011010000000001110101100101111110101110000111010000001101101001100111010010010100010001111101011110111110001010010101001110110011001111011110
110111011101111100101110101110000111110011010000000001110101100101111110101110000111010000001101101001100111010010010100010001111101011110111110011000101010010011111011001111011110
110111011101111100101110101110000111110011010000000001110101100101111110101110000111010000001101101001100111010010010100010001111101011110111111010010010101001110110011001111011110
110111011101111100101110101110000111110011010000000001110101100101111110101110000111010000001101101001100111010010010100010001111101011110111110001100001100010011111011001111011110
110111011101111100101110101110000111110011010000000001110101100101111110101110000111010000001101101001100111010010010100010001111101011110111000010010010101001110110011001111011110
110111011101111100101110101110000111110011010000000001110101100101111110101110000111010000001101101001100111010010010100010001111101011110111110011000110011100001111011001111011110
110111011101111100101110101110000111110011010000000001110101100101111110101110000111010000001101101001100111010010010100010001111101011110111011000110101010010001010010001111011110
110111011101111100101110101110000111110011010000000001110101100101111110101110000111010000001101101001100111010010010100010001111101011110111110001101101100010011111011001111011110
110111011101111100101110101110000111110011010000000001110101100101111110101110000111010000001101101001100111010010010100010001111101011110111110001101111011100110001001001111011110
110111011101111100101110101110000111110011010000000001110101100101111110101110000111010000001101101001100111010010010100010001111101011110111111111000011100010011111011001111011110
110111011101111100101110101110000111110011010000000001110101100101111110101110000111010000001101101001100111010010010100010001111101011110111110001101111011100110001111010111110111
110111011101111100101110101110000111110011010000000001110101100101111110101110000111010000001101101001100111010010010100010001111101011110111110001101111110000011111011001111011110
110111011101111100101110101110000111110011010000000001110101100101111110101110000111010000001101101001100111010010010100010001111101011110111110001101111011000111011011001111011110
110111011101111100101110101110000111110011010000000001110101100101111110101110000111010000001101101001100111010010010100010001111101011110111110001101100010011000111001111101101100
