101101110101101101100010101100111000000101101101001010010101000000001010000000000001100000101011100101000110111000110100101100011001100000111111000011100101010000110110000011111000
110011100010010001010110011100000010110110100101001010100000000101000000000000110000010101110010100011011100011010010110001100110000011111100001110010101000101001101100010000100000
101101110101101101100010101100111000000101101101001010010101000000001010000000000001100000101011100101000110111000110100101100011001100000111111000011100101010001010011011000100000
110011100000000011010010111101101111000101101101001010010101000000001010000000000001100000101011100101000110111000110100101100011001100000111111000011100101010000110110000011111000
101101110100010011111110101000111001100101101101001010010101000000001010000000000001100000101011100101000110111000110100101100011001100000111111000011100101010000110110000011111000
110011100010010001111010011100000010110110100101001010100000000101000000000000110000010101110010100011011100011010010110001100110000011111100001110010101000101001101100010000100000
110011100000000011010010111101101111000101101101001010010101000000001010000000000001100000101011100101000110111000110100101100011001100000111111000011100101010001010011011000100000
101101110100010011111110101000111001100101101101001010010101000000001010000000000001100000101011100101000110111000110100101100011001100000111111000011100101010001010011011000100000
110011100010010001010110011100000010110110100101001010100000000101000000000000110000010101110010100011011100011010010110001100110000011111100001110010101000011011000001110000100000
110011100000000011010100101000111001100101101101001010010101000000001010000000000001100000101011100101000110111000110100101100011001100000111111000011100101010000110110000011111000
110011100010010001010110011100000010110110100101001010100000000101000000000000110000010101110010100011011100011010010110001100110000011111100001110010101000011011000001111111110000
110011100010010001010111001100111000000101101101001010010101000000001010000000000001100000101011100101000110111000110100101100011001100000111111000011100101010000110110000011111000
110011100010010001111010001100100010110110100101001010100000000101000000000000110000010101110010100011011100011010010110001100110000011111100001110010101000101001101100010000100000
101101110100010011111110101000100111000101101101001010010101000000001010000000000001100000101011100101000110111000110100101100011001100000111111000011100101010000110110000011111000
110011100000000011010010110111010111000101101101001010010101000000001010000000000001100000101011100101000110111000110100101100011001100000111111000011100101010000110110000011111000
110011100000000011010100101000111001100101101101001010010101000000001010000000000001100000101011100101000110111000110100101100011001100000111111000011100101010001010011011000100000
110011100010010001010110011100000010110110100101001010100000000101000000000000000001100000101011100101000110111000110100101100011001100000111111000011100101010000110110000011111000
110011100010010001010111001100111000000101101101001010010101000000001010000000000001100000101011100101000110111000110100101100011001100000111111000011100101010001010011011000100000
101101110100010011111110101000100111000101101101001010010101000000001010000000000001100000101011100101000110111000110100101100011001100000111111000011100101010001010011011000100000
110010110110110001010110011100000010110110100101001010100000000101000000000000110000010101110010100011011100011010010110001100110000011111100001110010101000101001101100010000100000
100100000101101101100010101100111000000101101101001010010101000000001010000000000001100000101011100101000110111000110100101100011001100000111111000011100101010000110110000011111000
100111001111100000110110011100000010110110100101001010100000000101000000000000110000010101110010100011011100011010010110001100110000011111100001110010101000101001101100010000100000
100100000101101101100010101100111000000101101101001010010101000000001010000000000001100000101011100101000110111000110100101100011001100000111111000011100101010001010011011000100000
110010110100100011111110101000111001100101101101001010010101000000001010000000000001100000101011100101000110111000110100101100011001100000111111000011100101010000110110000011111000
110011100010010001111010001100111000000101101101001010010101000000001010000000000001100000101011100101000110111000110100101100011001100000111111000011100101010000110110000011111000
110011100000000011010010110111010111000101101101001010010101000000001010000000000001100000101011100101000110111000110100101100011001100000111111000011100101010001010011011000100000
110011100000000011010011101100111000000101101101001010010101000000001010000000000001100000101011100101000110111000110100101100011001100000111111000011100101010000110110000011111000
110011100010010001010110011100000010110110100101001010100000000101000000000000000001100000101011100101000110111000110100101100011001100000111111000011100101010001010011011000100000
110011100000000011010010110100111000000101101101001010010101000000001010000000000001100000101011100101000110111000110100101100011001100000111111000011100101010000110110000011111000
110011100010010001111010011100000010110110100101001010100000000101000000000000110000010101110010100011011100011010010110001100110000011111100001110010101000011011000001110000100000
110010110100100011111110101000111001100101101101001010010101000000001010000000000001100000101011100101000110111000110100101100011001100000111111000011100101010001010011011000100000
100111001111100011111110101000111001100101101101001010010101000000001010000000000001100000101011100101000110111000110100101100011001100000111111000011100101010000110110000011111000
