101111001110010010010101110011010001101100011000010101100101001101110010000101101011111101001101000011011111100111011110001111101100000101011011110011111010000100111011101001011111
101111001110010010010101110011010001101100011000010101100101001101110010000101101011111101001101000001110110100111011110001111101100000101011011110011111010000100111011101001011111
101111001110010010010101110011010001101100011000010101100101001101110010000101101011111101100111010011011111100111011110001111101100000101011011110011111010000100111011101001011111
101111001110010010010101110011010001101100011000010101100101001101110010000101101011111101001101001011011111100111011110001111101100000101011011110011111010000100111011101001011111
101111001110010010010101110011010001101100011000010101100101001101110010000101101011111101001101000011011111100111011110001111101100000101011011110011111010000100111011101001010001
101111001110010010010101110011010001101100011000010101100101001101110010000101101011111101001101000000000111101101111010001111101100000101011011110011111010000100111011101001011111
101111001110010010010101110011010001101100011000010101100101001101110010000101101011111101001001000011011111100111011110001111101100000101011011110011111010000100111011101001011111
101111001110010010010101110011010001101100011000010101100101001101110010000101101011111101001101000011011111100111011110001111101100000101011011110011111010110111011001000000010001
101111001110010010010101110011010001101100011000010101100101001101110010000101101011111101010100110011011111100111011110001111101100000101011011110011111010000100111011101001011111
101111001110010010010101110011010001101100011000010010101101011110100011100011001101100100110111001011011111100111011110001111101100000101011011110011111010000100111011101001011111
101111001110010010010101110011010001101100011000010000100101001101110010000101101011111101001101000011011111100111011110001111101100000101011011110011111010000100111011101001011111
101111001110010010010101110011010001101100011000010101100101001101110010000101101011111101001101000111111111100111011110001111101100000101011011110011111010000100111011101001011111
101111001110010010010101110011010001101100011000010101100101001101110010000101101011111101001101000011011111100111011110001111101100000101011011110101001001111011000000000000010001
101111001110010010010101110011010001101100011000010101100101001101110010000101101011111111111100001011011111100111011110001111101100000101011011110011111010000100111011101001011111
101111001110010010010101110011010001101100011000010101100101001101110010000101101011111101001101000011011111100111011110001111101100000101011011110011111010110101110000000000010001
101111001110010010010101110011010001101100011000010101100101001101110010000101101011111101001101000000000111100111011110001111101100000101011011110011111010000100111011101001011111
101111001110010010010101110011010001101100011000010101100101001101110010000101101011111101001101000011011010110101011110001111101100000101011011110011111010000100111011101001011111
101111001110010010010101110011010001101100011000010101100101001101110010000101111101110001111111001011011111100111011110001111101100000101011011110011111010000100111011101001011111
101111001110010010010101110011010001101100011000010010100110111001000010110101111110100110100000001011011111100111011110001111101100000101011011110011111010000100111011101001011111
101111001110010010010101110011010001101100011000010101100101001101110010000101111101110001111111000011011111100111011110001111101100000101011011110011111010000100111011101001011111
101111001110010010010101110011010001101100011000010101100101001101110010000101101011111101001101000001011111100111011110001111101100000101011011110011111010000100111011101001011111
101111001110010010010101110011010001101100011000010101100101001101110010000101101011111101001101000011011111100111011110001111101100000101011011110011111010000100111011100011111011
101111001110010010010101110011010001101100011000010101100101001101110010000101101011101000000101001011011111100111011110001111101100000101011011110011111010000100111011101001011111
101111001110010010010101110011010001101100011000010101110000000101110010000101101011111101001101000011011111100111011110001111101100000101011011110011111010000100111011101001011111
101111001110010010010101110011010001101100011000010101100101001101110010000101101011111101001101000111011111100111011110001111101100000101011011110011111010000100111011101001011111
101111001110010010010101110011010001101100011000010101100101001101110010000101101011111111110110011011011111100111011110001111101100000101011011110011111010000100111011101001011111
101111001110010010010101110011010001101100011000010101100101001101110010000101101011111101001010101111011111100111011110001111101100000101011011110011111010000100111011101001011111
101111001110010010010101110011010001101100011000010101100101001101110010000101101011111101001101000001111001010111001011000111101100000101011011110011111010000100111011101001011111
101111001110010010010101110011010001101100011000010101100101001101110010010010000110011101100111010011011111100111011110001111101100000101011011110011111010000100111011101001011111
101111001110010010010101110011010001101100011000010101100101001101110010000101101011111101001101000001101111100111011110001111101100000101011011110011111010000100111011101001011111
101111001100111011010101110011010001101100011000010101100101001101110010000101101011111101001101000011011111100111011110001111101100000101011011110011111010000100111011101001011111
101111001111110101010101110011010001101100011000010101100101001101110010000101101011111101001101000011011111100111011110001111101100000101011011110011111010000100111011101001011111
