010000010001111001011110100101101010001110100101000111011001001011001100011011010100101100111001010111011001111001011101111010101100101110010000011010111101001011011011010000100110
001001100010111001011110100101101010001110100101000111011001001011001100011011010100101100111001010111011001111001011101111010101100101110010000011010111101001011011011010000100110
001001100010111010001110100101101010001110100101000111011001001011001100011011010100101100111001010111011001111001011101111010101100101110010000011010111101001011011011010000100110
001001100010111001101110100101101010001110100101000111011001001011001100011011010100101100111001010111011001111001011101111010101100101110010000011010111101001011011011010000100110
001001100010111010001110111100011010001110100101000111011001001011001100011011010100101100111001010111011001111001011101111010101100101110010000011010111101001011011011010000100110
001001100010111010001110110000100010001110100101000111011001001011001100011011010100101100111001010111011001111001011101111010101100101110010000011010111101001011011011010000100110
001001100010111010001110111110101011011010000101000111011001001011001100011011010100101100111001010111011001111001011101111010101100101110010000011010111101001011011011010000100110
011010101011110101100000010011101010001110100101000111011001001011001100011011010100101100111001010111011001111001011101111010101100101110010000011010111101001011011011010000100110
010000010011010000011110100101101010001110100101000111011001001011001100011011010100101100111001010111011001111001011101111010101100101110010000011010111101001011011011010000100110
001001100010111100111100100101101010001110100101000111011001001011001100011011010100101100111001010111011001111001011101111010101100101110010000011010111101001011011011010000100110
001001100010111010001111100101101010001110100101000111011001001011001100011011010100101100111001010111011001111001011101111010101100101110010000011010111101001011011011010000100110
001001100010111010001110111110101010001110100101000111011001001011001100011011010100101100111001010111011001111001011101111010101100101110010000011010111101001011011011010000100110
011010101011110101100000010011101101011111010001000111011001001011001100011011010100101100111001010111011001111001011101111010101100101110010000011010111101001011011011010000100110
001001100010111010001111100100111010001110100101000111011001001011001100011011010100101100111001010111011001111001011101111010101100101110010000011010111101001011011011010000100110
001001101001111001011110100101101010001110100101000111011001001011001100011011010100101100111001010111011001111001011101111010101100101110010000011010111101001011011011010000100110
001001100010111010001111100100111110001110100101000111011001001011001100011011010100101100111001010111011001111001011101111010101100101110010000011010111101001011011011010000100110
001001100010111010001100100101101010001110100101000111011001001011001100011011010100101100111001010111011001111001011101111010101100101110010000011010111101001011011011010000100110
001001100010111001101110110000100010001110100101000111011001001011001100011011010100101100111001010111011001111001011101111010101100101110010000011010111101001011011011010000100110
100011110011001011000101000000111010001110100101000111011001001011001100011011010100101100111001010111011001111001011101111010101100101110010000011010111101001011011011010000100110
001001100010111010001101011011111110001110100101000111011001001011001100011011010100101100111001010111011001111001011101111010101100101110010000011010111101001011011011010000100110
111010001100010110011101100101101010001110100101000111011001001011001100011011010100101100111001010111011001111001011101111010101100101110010000011010111101001011011011010000100110
100011110011001011000101000010001010001110100101000111011001001011001100011011010100101100111001010111011001111001011101111010101100101110010000011010111101001011011011010000100110
100011110011001011000101000000100010001110100101000111011001001011001100011011010100101100111001010111011001111001011101111010101100101110010000011010111101001011011011010000100110
111010001100010110011101100110001110001110100101000111011001001011001100011011010100101100111001010111011001111001011101111010101100101110010000011010111101001011011011010000100110
100011110011001011000101000000111110001110100101000111011001001011001100011011010100101100111001010111011001111001011101111010101100101110010000011010111101001011011011010000100110
100011110010101100001100100101101010001110100101000111011001001011001100011011010100101100111001010111011001111001011101111010101100101110010000011010111101001011011011010000100110
100011111001111001011110100101101010001110100101000111011001001011001100011011010100101100111001010111011001111001011101111010101100101110010000011010111101001011011011010000100110
111010001100010110011101100100111010001110100101000111011001001011001100011011010100101100111001010111011001111001011101111010101100101110010000011010111101001011011011010000100110
100011110010101100111110100101101010001110100101000111011001001011001100011011010100101100111001010111011001111001011101111010101100101110010000011010111101001011011011010000100110
100011110010101100111100100101101010001110100101000111011001001011001100011011010100101100111001010111011001111001011101111010101100101110010000011010111101001011011011010000100110
100011110010100001010100000001101010001110100101000111011001001011001100011011010100101100111001010111011001111001011101111010101100101110010000011010111101001011011011010000100110
111010001100010110011101100110001010001110100101000111011001001011001100011011010100101100111001010111011001111001011101111010101100101110010000011010111101001011011011010000100110
