000010100110111000111001001110110001111100010011110101111111001101000100111001010110011100001000110011011101001101010100001100101010001011010011101001010111100100110010011011101010
100111100110111000111001001110110001111100010011110101111111001101000100111001010110011100001000110011011101001101010100001100101010001011010011101001010111100100110010011011101010
000010100110111000111001001110110001111100010011110101111111001101000100111001010110011100001000110011011101001101010111001100101010001011010011101001010111100100110010011011101010
100111100110111000111001001110110001111100010011110101111111001101000100111001010110011100001000110011011101001101010111001100101010001011010011101001010111100100110010011011101010
000010100110111000111001001110110001111100010011110101111111001101000100111001010110011100001000110011011101001101010111000000101100000111010001011101010111100100110010011011101010
100111100110111000111001001110110001111100010011110101111111001101000100111001010110011100001000110011011101001101010111000000101100000111010001011101010111100100110010011011101010
000010100110111000111001001110110001111100010011110101111111001101000100111001010110011100001000110001110100001100001100001100101010001011010011101001010111100100110010011011101010
000010100110111000111001001110110001111100010011110101111111001101000100111001010110011100001000110011011101001101011100001100101010001011010011101001010111100100110010011011101010
000010100110111000111001001110110001111100010011110101111111001101000100111001010110011100001000110001110100001100001100000000101100000111010001011101010111100100110010011011101010
000010100110111000111001001110110001111100010011110101111111001101000100111001010110011100001000110011011101001101010100001100101010001011010001011101010111100100110010011011101010
100111100110111000111001001110110001111100010011110101111111001101000100111001010110011100001000110001110100001100001100001100101010001011010011101001010111100100110010011011101010
000010100110111000111001001110110001111100010011110101111111001101000100111001011010110011110101001111101111110010010100001100101010001011010011101001010111100100110010011011101010
100111100110111000111001001110110001111100010011110101111111001101000100111001010110011100001000110011011101001101011100001100101010001011010011101001010111100100110010011011101010
100111100110111000111001001110110001111100010011110101111111001101000100111001010110011100001000110001110100001100001100000000101100000111010001011101010111100100110010011011101010
000010100110111000111001001110110001111100010011110101111111001101000100111001010110011100001000110001110100001100001111001101111110101011010011101001010111100100110010011011101010
000010100110111000111001001110110001111100010011110101111111001101000100111001010110011100001000110001110100001100001100101000011001010100010110100101010111100100110010011011101010
100111100110111000111001001110110001111100010011110101111111001101000100111001010110011100001000110011011101001101010100001100101010001011010001011101010111100100110010011011101010
100111100110111000111001001110110001111100010011110101111111001101000100111001011010110011110101001111101111110010010100001100101010001011010011101001010111100100110010011011101010
100111100110111000111001001110110001111100010011110101111111001101000100111001010110011100001000110001110100001100001111001101111110101011010011101001010111100100110010011011101010
100111100110111000111001001110110001111100010011110101111111001101000100111001010110011100001000110001110100001100001100101000011001010100010110100101010111100100110010011011101010
000010100110111000111001001110110001111100010011110101111111001101000100111001010110011100001000110011011101001101010111010101001000001000100001011101010111100100110010011011101010
000010100110111000111001001110110001111100010011110101111111001101000100111001010110011100001000110011011101001101010111001101111110101011010011101001010111100100110010011011101010
000010100110111000111001001110110001111100010011110101111111001101000100111001010110011100001000110001110100001100001100000001111001010100010110100101010111100100110010011011101010
000010100110111000111001001110110001111100010011110101111111001101000100111001010110011100001000110011011101001101010100001100101010001011010011101001100001100110011011011011101010
100111100110111000111001001110110001111100010011110101111111001101000100111001010110011100001000110011011101001101010111010101001000001000100001011101010111100100110010011011101010
000010100110111000111001001110110001111100010011110101111111001101000100111001010110011100001000110011011101001101010111000001110101010001000100100101010111100100110010011011101010
111110100110111000111001001110110001111100010011110101111111001101000100111001010110011100001000110011011101001101010100001100101010001011010011101001010111100100110010011011101010
100111100110111000111001001110110001111100010011110101111111001101000100111001010110011100001000110011011101001101010111001101111110101011010011101001010111100100110010011011101010
000010100110111000111001001110110001111100010011110101111111001101000100111001010110011100001000110011011101001101011111011100111110111001100110101001100001100110011011011011101010
100111100110111000111001001110110001111100010011110101111111001101000100111001010110011100001000110001110100001100001100000001111001010100010110100101010111100100110010011011101010
100111100110111000111001001110110001111100010011110101111111001101000100111001010110011100001000110011011101001101010100001100101010001011010011101001100001100110011011011011101010
100111100110111000111001001110110001111100010011110101111111001101000100111001010110011100001000110011011101001101011111011100111110111001100110101001100001100110011011011011101010
