100111111101111010011011110000101001010001110010010010101011110001010000000010001110000000010101110110111010011111011101110011101001101000110010100001001111010001001100010000010011
100111111101111010011011110000101001010001100100010101001100110101101000110100110010110001101001010001000010111001111101011001111001101000110010100001001111010001001100010000010011
100111111101111010011011110000101001010000011101110000000111101101100010001010001110000000010101110110111010011111011101110011101001101000110010100001001111010001001100010000010011
100111111101111010011011110000101001010001110010010010101011110001010000000010000101110100110000010110100011100011011101001001111001101000110010100001001111010001001100010000010011
100111111101111010011011110000101001010000011101110101001100110101101000110100110010110001101001010001000010111001111101011001111001101000110010100001001111010001001100010000010011
100111111101111010011011110000101001010001110010010101001100110101101000110100110010110001101001010001000010111001111101011001111001101000110010100001001111010001001100010000010011
100111111101111010011011110000101001010001110001011111011100101100110110101010001110000000010101110110111010011111011101110011101001101000110010100001001111010001001100010000010011
100111111101111010011011110000101001010001100100010101001100110101101000110100110010110001101001010001000010111001111101110011101001101000110010100001001111010001001100010000010011
100111111101111010011011110000101001010000111111010101001100110101101000110100110010110001101001010001000010111001111101011001111001101000110010100001001111010001001100010000010011
100111111101111010011011110000101001010001110011010101001100110101101000110100110010110001101001010001000010111001111101011001111001101000110010100001001111010001001100010000010011
100111111101111010011011110000101001010001100111010101001100110101101000110100110010110001101001010001000010111001111101011001111001101000110010100001001111010001001100010000010011
100111111101111010011011110000101001010001110010010010001000011010110100000011001110000000010101110110111010011111011101110011101001101000110010100001001111010001001100010000010011
100111111101111010011011110000101001010000011101110101001100110101101000110100110010110001101001010001000010111001111101110011101001101000110010100001001111010001001100010000010011
100111111101111010011011110000101001010001110010010101001100110101101000110100110010110001101001010001000010111001111101110011101001101000110010100001001111010001001100010000010011
100111111101111010011011110000101001010001110010010010101011110001010000000010000011100000111111100110101100010010111101011001111001101000110010100001001111010001001100010000010011
100111111101111010011011110000101001010001100111100010110111011110101100000010111101110100110000010110100011100011011101001001111001101000110010100001001111010001001100010000010011
100111111101111010011011110000101001010001110010110000000111101101100010001010001110000000010101110110111010011111011101110011101001101000110010100001001111010001001100010000010011
100111111101111010011011110000101001010000111111010101001100110101101000110100110010110001101001010001000010111001111101110011101001101000110010100001001111010001001100010000010011
100111111101111010011011110000101001010001110000011000011000000011101010011101110010110001101001010001000010111001111101011001111001101000110010100001001111010001001100010000010011
100111111101111010011011110000101001010001110001010101001100110101101000110100110010110001101001010001000010111001111101011001111001101000110010100001001111010001001100010000010011
100111111101111010011011110000101001010001110011010101001100110101101000110100110010110001101001010001000010111001111101110011101001101000110010100001001111010001001100010000010011
100111111101111010011011110000101001010001100111100010111110111001011001101101010011011111001010011110111010011111011101110011101001101000110010100001001111010001001100010000010011
100111111101111010011011110000101001010000011011111101100111000111110010011111001110000000010101110110111010011111011101110011101001101000110010100001001111010001001100010000010011
100111111101111010011011110000101001010001100111010101001100110101101000110100110010110001101001010001000010111001111101110011101001101000110010100001001111010001001100010000010011
100111111101111010011011110000101001010000111111111101100111000111110010011111001110000000010101110110111010011111011101110011101001101000110010100001001111010001001100010000010011
100111111101111010011011110000101001010000101001010101111000101000000001000001110010110001101001010001000010111001111101011001111001101000110010100001001111010001001100010000010011
100111111101111010011011110000101001010001110010010010101011110001010000000010000101110100110000010110100011100101101100111110000101101101100000100001001111010001001100010000010011
100111111101111010011011110000101001010001110010010010101011110001010000000010000101110100110000010110100011100101101100111110010101101101100000100001001111010001001100010000010011
100111111101111010011011110000101001010000101001010101111000101000000001000001110000011111110011010110001010010011010001110111100011111101011111111010001110000101101100010000010011
100111111101111010011011110000101001010001111010100110011010110100011010011001011000110100101000100001011100111110101100111100110100011001010000100111101000101101101110100110100111
100111111101111010011011110000101001010001011000000011110110110001000101000111000000001010111011011101001111101110111001110100110100011001010000100111101000101101101110100110100111
100111111101111010011011110000101001010001111010100110011010110100011010011001011000110100101000100001011100111110111001110100110100011001010000100111101000101101101110100110100111
