110101110001000011010100100101010000111011100100100011011101111111011101010000010100011100111101001101011110000011111000111100111011111010100001011110011000001010001001111101101110
110101110001000011010100100101010000111011100100100011011101111010010000010011001000010101010011101010011010100001110011000011111010100001101101110100010001010101011001111101101110
110101110001000011010100100101010000111011100100100011011101111010010000010011001000010101010011101011111100001011111000111100111011111010100001011110011000001010001001111101101110
110101110001000011010001011110011101110100101000010110101110110110101001110001001111001010111111101010011010100001110011000011111010100001101101110100010001010101011001111101101110
110101110001000011010100100101010000111011100100100011011101111010010000010011001000010101010011101011111100001011111101001010010110100100111111110110100000010000010000101011110101
110101110001000011010100100101010000111011100100100011011101111111011101010000010100011100111101001101011110000011111000111100111011111010100001011110011000001010001001001010000010
110101110001000011010100100101010000111011100100100011011101111010010000010011001000010101010011101011111100001011111000111100111011111010100001011110011000001010001001001010000010
110101110001000011010100100101010000111011100100100011011101111010010000010011001000010101010011101011111100001101100110010101010111111111110010110110100000010000010000101011110101
110101110001000011010100100101010000111011100100100011011101111010010000010011001000010101010011101010011010100001110010010011100010110110010010110110100000010000010000101011110101
110101110001000011010100100101010000111011100100100011011101111010010000010011001000010101010011101010011010100001110011000011111010100001101101110110100000010000010000101011110101
110101110001000011010100100101010000111011100100100011011101111010010000010001110100110100111101001101011110000011111000111100111011111010100001011110011000001010001001001010000010
110101110001000011010001011110011101110100101000010110101110110110101001110001001111001010111111101010011010100001110010010011100010110110010010110110100000010000010000101011110101
110101110001000011010001011110011101110100101000010110101110110110101001110001001111001010111111101010011010100001110011000011111010100001101101110110100000010000010000101011110101
110101110001000011010100100101010000111011100100100011011101111010010000010011001000010101010011101010011010100001110011000011111010100001101101110100010100011010101010110111110101
110101110001000011010001011110011101110100101000010110101110110110101001110001001111001010111111101010011010100001110011000011111010100001101101110100010100011010101010110111110101
110101110001000011010100100101010000111011100100100011011101111010010000010011001000010101010011101011111100001010100010111010010110100100111111110110100000010000010000101011110101
110101110001000011010100100101010000111011100100100011011101111111011101010000010100011100111101001101011110000011111000111100111011111010100001011110011000010000010000101011110101
110101110001000011010100100101010000111011100100101001111001111111011101010000010100011100111101001101011110000011111000111100111011111010100001011110011000001010001001001010000010
110101110001000011010100100101010000111011100100100011011101111010010000010011001000010101010011101010011010100001110011000011111010100001101101110100010100110111111101010011110101
110101110001000011010100100101010000111011100100100011011101111010010000010100110011110000010010111111011100001011111101001010010110100100111111110110100000010000010000101011110101
110101110001000011010001011110011101110100101000010110101110110110101001110001001111001010111111101010011010100001110011000011111010100001101101110100010100110111111101010011110101
110101110001000011010100100101010000111011100100100011011101111111011101010000010100011100111101001101011110000011111101001010010110100100111111110110100000010000010000101011110101
110101001110000110000000011110011101110100101000010110101110110110101001110001001111001010111111101010011010100001110010010011100010110110010010110110100000010000010000101011110101
110101110001000011010100100101010000111011100100100011011101111010010000010011001000010101010011101010011010100001111111111100111011111010100001011110011000001010001001001010000010
110101110001000011010100100101010000111011100100100011011101111010010000010100110011110000010010111111011100001011111000111100111011111010100001011110011000001010001001001010000010
110101110001000011010001011110011101110100101000010110101110110110101001110001001111001010111111101010011010100001111111111100111011111010100001011110011000001010001001001010000010
110101110001000011010100100101010000111011100100100011011101111010010000010011001000010101010011101011111100100111111000111100111011111010100001011110011000001010001001001010000010
110101110001000011010100100101010000111011100100100011011101111010010000010000010100011100111101001101011110000011111000111100111011111010100001011110011000001010001001001010000010
110101110001000011010100100101010000111011100100100011011101111010010000010100110011110000010010111111011100100111111000111100111011111010100001011110011000001010001001001010000010
110101110001000011010001011110011101110100101000010110101110110110101001110001001110001001000011101011111100001011111000111100111011111010100001011110011000001010001001001010000010
110101110001000011010100100101010000111011100100100011011101111111011101010000010100011100111101001101011101001011111000111100111011111010100001011110011000001010001001001010000010
110101110001000011010001011110011101110100101000010110101110110110101001110001001110100011001011001111110111000011111000111100111011111010100001011110011000001010001001001010000010
