101100110000101101011111100110010100001101101100001111001001010011001001001000111101000110101000100000101000110110100100110101001010101011101111000001110111110000011000101000011011
101100110000101101011111100110010100001101101100001111001010011111001001001000111101000110101000100000101000110110100100110101001010101011101111000001110111110000011000101000011011
101100101111011010010110100010100010001111000101001110101010110101011001001000111101000110101000100000101000110110100100110101001010101011101111000001110111110000011000101000011011
101100110000101101011111100110010100001100001011001110101010110101011001001000111101000110101000100000101000110110100100110101001010101011101111000001110111110000011000101000011011
101100110001001010011100000110100001101010010100101001010010010010010101100100001110111111010110000101000110100010100101000010111101001011101111000001110111110000011000101000011011
101100110001001010011100000110100001101010010100101001001001001010110010000111011111101011000010100011010001010010100001011110100100000110010010101110001110001110100000100010111111
101100110000101101011111100110010100001101101100001111001001010011001001001000111101000110101000100000101000110110100100110101001010101011101111000001110111110000011000100010111111
101100110000101101011111100110010100001101101100100011101101001010110010000111011111101011000010100011010001010010100001011110100100000110010010101110001110001110100000100010111111
101100101111011010011011000010001000011110110100000011001010011111001001001000111101000110101000100000101000110110100100110101001010101011101111000001110111110000011000101000011011
101100101111011010010001100110001010010010010100101001010010010010010101100100001110111111010110000101000110100010100101000010111101001011101111000001110111110000011000101000011011
101100110000101101011111100110010100001100001000000011001010011111001001001000111101000110101000100000101000110110100100110101001010101011101111000001110111110000011000101000011011
101100110001001010011100000110100001101010010100101001010001011110011101101000111101000110101000100000101000110110100100110101001010101011101111000001110111110000011000101000011011
101100110000101101011111100110010100001101101100001111001001010011001001001000111101000110101000100000101000110110100100110101001010101011010001010000111110000111001111100000011011
101100110000101101011111100110010100001101101100001111001010011111001001001000111101000110101000100000101000110110100100110101001010101011101111000001110111110000011000100010111111
000110100000111011010110100010100010001111000101001110101010110101011001001000111101000110101000100000101000110110100100110101001010101011101111000001110111110000011000101000011011
101100101111011010011100011010100000000111001111101110001101100100100100011110100011010100010000010100011011010010011010100101010101111100011101001110011010010111011110011000011011
000110100000111011010011000011011110000100111000111001111011010010110010000111011111101011000010100011010001010010100001011110100100000110010010101110001110001110100000100010111111
101100101111011010011100011010100010001111000101001110101010110101011001001000111101000110101000100000101000110110100100110101001010101011101111000001110111110000011000101000011011
101100101111011010011100011010100000000111000101001110101010110101011001001000111101000110101000100000101000110110100100110101001010101011101111000001110111110000011000101000011011
110101000011011111100110110111101100100100111000111001111011010010110010000111011111101011000010100011010001010010100001011110100100000110010010101110001110001110100000100010111111
000110111111001100101100001111110010011110110100000011001010011111001001001000111101000110101000100000101000110110100100110101001010101011101111000001110111110000011000101000011011
101100110000101101011110011100110001100010100111010101011010101100100100011110100011010100010000010100011011010010011010100101010101111100011101001110011010010111011110011000011011
000110100000111011011100000110100001101010010100101001001001001010110010000111011111101011000010100011010001010010100001011110100100000110010010101110001110001110100000100010111111
101100100111000011110000010001001001001010010100101001001001001010110010000111011111101011000010100011010001010010100001011110100100000110010010101110001110001110100000100010111111
000110100000111011010011010110010110001110110100000011001010011111001001001000111101000110101000100000101000110110100100110101001010101011101111000001110111110000011000101000011011
101100110000101101011111100110010100001101101100001111001010011111001001001000111101000110101000100000101000110110100100110101001010101011010001010000111110000111001111100000011011
101100101111011010010110100010100100101111101010010011100011011111001001001000111101000110101000100000101000110110100100110101001010101011101111000001110111110000011000101000011011
000110111110101011011100000110100001101010010100101001001001001010110010000111011111101011000010100011010001010010100001011110100100000110010010101110001110001110100000100010111111
101100101111011010011100011010100000100111110110111001111011010010110010000111011111101011000010100011010001010010100001011110100100000110010010101110001110001110100000100010111111
101100101111011010010110100010100010001111000101001110101010110101011001001000111101000110101000100000101000110110100100110101001010101011101111000001110111110000011000100010111111
101100110000101101011111100110010100001100001011001110101010110101011001001000111101000110101000100000101000110110100100110101001010101011101111000001110111110000011000100010111111
000110100000101101011111100110010100001101101100001111001001010011001001001000111101000110101000100000101000110110100100110101001010101011101111000001110111110000011000101000011011
