010101101110110000100001000101110001101110010101111110010010010101110001100011101111010001000110011001010001011011101000100111000110010110010110101111100100110101000000110000000001
010101101110110000100001000101110001101110010101111110010010010101110001100011101111010001010001101011111000011011101000100111000110010110010110101111100100110101000000110000000001
010101101110110000100001000101110001101110010101111110010010010101110001100011101111010001000110011001010001011100111000100111000110010110010110101111100100110101000000110000000001
010101101110110000100001000101110001101110010101111110010010010101110001100011101111010001010001101011111000011100111000100111000110010110010110101111100100110101000000110000000001
010101101110110000100001000101110001101110010101111110010010010101110001100011101111010001000110011001010001011101110100100111000110010110010110101111100100110101000000110000000001
010101101110110000100001000101110001101110010101111110010010010101110001100011101111010001010001101011111000011101110100100111000110010110010110101111100100110101000000110000000001
010101101110110000100001000101110001101110010101111110010010010101110001100011101111010001010001101010000000111011101000100111000110010110010110101111100100110101000000110000000001
010101101110110000100001000101110001101110010101111110010010010101110001100011101111010001010001101011111011110111010100100111000110010110010110101111100100110101000000110000000001
010101101110110000100001000101110001101110010101111110010010010101110001100011101111010001000110011001010001011101100000100111000110010110010110101111100100110101000000110000000001
010101101110110000100001000101110001101110010101111110010010010101110001100011101111010001000110011001010010010011110000100111000110010110010110101111100100110101000000110000000001
010101101110110000100001000101110001101110010101111110010010010101110001100011101111010001001000011001010001011011101000100111000110010110010110101111100100110101000000110000000001
010101101110110000100001000101110001101110010101111110010010010101110001100011101111010001010001101011111011010011110000100111000110010110010110101111100100110101000000110000000001
010101101110110000100001000101110001101110010101111110010010010101110001100011101111010001010001101011111000011101100000100111000110010110010110101111100100110101000000110000000001
010101101110110000100001000101110001101110010101111110010010010101110001100011101111010001001000011001010001011100111000100111000110010110010110101111100100110101000000110000000001
010101101110110000100001000101110001101110010101111110010010010101110001100011101111010001010001101010000011110111010100100111000110010110010110101111100100110101000000110000000001
010101101110110000100001000101110001101110010101111110010010010101110001100011101111010001000110011001000111011011101000100111000110010110010110101111100100110101000000110000000001
010101101110110000100001000101110001101110010101111110010010010101110001100011101111010001001000011001010001011101110100100111000110010110010110101111100100110101000000110000000001
010101101110110000100001000101110001101110010101111110010010010101110001100011101111010001000110011001010001011100101100100111000110010110010110101111100100110101000000110000000001
010101101110110000100001000101110001101110010101111110010010010101110001100011101111010001000110011001010001101011101000100111000110010110010110101111100100110101000000110000000001
010101101110110000100001000101110001101110010101111110010010010101110001100011101111010001010001101010000100100011110000100111000110010110010110101111100100110101000000110000000001
010101101110110000100001000101110001101110010101111110010010010101110001100011101111010001010001101011101101111011101000100111000110010110010110101111100100110101000000110000000001
010101101110110000100001000101110001101110010101111110010010010101110001100011101111010001000110011001000100011011101000100111000110010110010110101111100100110101000000110000000001
010101101110110000100001000101110001101110010101111110010010010101110001100011101111010001010001101011111111101100111000100111000110010110010110101111100100110101000000110000000001
010101101110110000100001000101110001101110010101111110010010010101110001100011101111010001000110011001010001101011111101111100000000101110010110101111100100110101000000110000000001
010101101110110000100001000101110001101110010101111110010010010101110001100011101111010001010001101011111000011100101100100111000110010110010110101111100100110101000000110000000001
010101101110110000100001000101110001101110010101111110010010010101110001100011101111010001010001101011101110011011101000100111000110010110010110101111100100110101000000110000000001
010101101110110000100001000101110001101110010101111110010010010101110001100011101111010001001000011000000000111011101000100111000110010110010110101111100100110101000000110000000001
010101101110110000100001000101110001101110010101111110010010010101110001100011101111011111111001000100011110011011101000100111000110010110010110101111100100110101000000110000000001
010101101110110000100001000101110001101110010101111110010010010101110001100011101111010001010001101010000100000011110000100111000110010110010110101111100100110101000000110000000001
010101101110110000100001000101110001101110010101111110010010010101110001100011101111010001001000011000000010011011101000100111000110010110010110101111100100110101000000110000000001
010101101110110000100001000101110001101110010101111110010010010101110001100011101111010001010001101011100011000110011101111100000000101110010110101111100100110101000000110000000001
010101101110110000100001000101110001101110010101111110010010010101110001100011101111010001010001101011111000101011111101111100000000101110010110101111100100110101000000110000000001
