110000010111110100111000111010010010101010010100110100000100000000001011110001000000001110011001010100110111111010100010101010101110001011011111110001110010101111011000001010000110
110000010111110100111000111010010010101010010100110100000100000000001011110001000000001110011001010100110111000100101011100001101110001011011111110001110010101111011000001010000110
110000010111110100111000111010010010101010010100110100000100000000001011110001000000001110011001010100110100110100101011100001101110001011011111110001110010101111011000001010000110
110000010111110100111000111010010010101010010100110100000100000000001011110001000000001110011001010100101100010100101011100001101110001011011111110001110010101111011000001010000110
110000010111110100111000111010010010101010010100110100000100000000001011110001000000001110011001010100100011000100101011100001101110001011011111110001110010101111011000001010000110
110000010111110100111000111010010010101010010100110100000100000000001011110001000000001110011001010100110111111010100010101001101110001011011111110001110010101111011000001010000110
110000010111110100111000111010010010101010010100110100000100000000001011110001000000001110011001010101111011000100101011100001101110001011011111110001110010101111011000001010000110
110000010111110100111000111010010010101010010100110100000100000000001011110001000000001110011001010100110111111010101011100001101110001011011111110001110010101111011000001010000110
110000010111110100111000111010010010101010010100110100000100000000001011110001000000001110011001010100011001011000101001001010111110001011011111110001110010101111011000001010000110
110000010111110100111000111010010010101010010100110100000100000000001011110001000000001110011001010100111011000100101011100001101110001011011111110001110010101111011000001010000110
110000010111110100111000111010010010101010010100110100000100000000001011110001000100100011001001010001111011000100101011100001101110001011011111110001110010101111011000001010000110
110000010111110100111000111010010010101010010100110100000100000000001011110001000000001110011001010101000110100100101011100001101110001011011111110001110010101111011000001010000110
110000010111110100111000111010010010101010010100110100000100000000001011110001000000001110011001010100110111111010100010101010101110011010101110010001110010101111011000001010000110
110000010111110100111000111010010010101010010100110100000100000000001011110001000111001010110110100110100110100100101011100001101110001011011111110001110010101111011000001010000110
110000010111110100111000111010010010101010010100110100000100000000001011110001000111001010110110101101100011000100101011100001101110001011011111110001110010101111011000001010000110
110000010111110100111000111010010010101010010100110100000100000000001011110001000000001110011001010100101011000100101011100001101110001011011111110001110010101111011000001010000110
110000010111110100111000111010010010101010010100110100000100000000001011110001100010000000011100110010101001011000101001001010111110001011011111110001110010101111011000001010000110
110000010111110100111000111010010010101010010100110100000100000000001011110001000100100011001001010001100110001001001011100001101110001011011111110001110010101111011000001010000110
110000010111110100111000111010010010101010010100110100000100000000001011110001000000001110011001010100101100010100100101011111000110001011011111110001110010101111011000001010000110
110000010111110100111000111010010010101010010100110100000100000000001011110001000000001110011001010100000011000100101011100001101110001011011111110001110010101111011000001010000110
110000010111110100111000111010010010101010010100110100000100000000001011110001000000001110011001010100100001011110110000100000111010101011011111110001110010101111011000001010000110
110000010111110100111000111010010010101010010100110100000100000000001011110001000000001110011001010101000110001001001011100001101110001011011111110001110010101111011000001010000110
110000010111110100111000111010010010101010010100110100000100000000001011110001000000001110011001010100100001011000101001001010111110001011011111110001110010101111011000001010000110
110000010111110100111000111010010010101010010100110100000100000000001011110001000100100011001001010001100110100100101011100001101110001011011111110001110010101111011000001010000110
110000010111110100111000111010010010101010010100110100000100000000001011110001000000001110011001010100110111111010100010101010101110010101011111110001110010101111011000001010000110
110000010111110100111000111010010010101010010100110100000100000000001011110001000000001110011001010100101010100100101011100001101110001011011111110001110010101111011000001010000110
110000010111110100111000111010010010101010010100110100000100000000001011110001000100100011001001010001110001011000101001001010111110001011011111110001110010101111011000001010000110
110000010111110100111000111010010010101010010100110100000100000000001011110001000000001110011001010101000110110111000010000000111110001011011111110001110010101111011000001010000110
110000010111110100111000111010010010101010010100110100000100000000001011110001000000001110011001010100110111101110110000100000111010101011011111110001110010101111011000001010000110
110000010111110100111000111010010010101010010100110100000100000000001011110001000000001110011001010100101010100100110000010111001101000110100000010001110010101111011000001010000110
110000010111110100111000111010010010101010010100110100000100000000001011110001000100100011001001010001100110001001001011001011111110001011011111110001110010101111011000001010000110
110000010111110100111000111010010010101010010100110100000100000000001011110001000000001110011001010101000110001001001011001011111110001011011111110001110010101111011000001010000110
