000111010001010011011100001111101111010011110101010011111001011011001101111100011010110101111000100011100111010001100010011011000101101101100111011101011010000101100010011110001000
000111010001010011011100001111101111010011110101010011111001011011001101111100011010110101111100100011100111010001100010011011000101101101100111011101011010000101100010011110001000
000111010001010011011100001111101111010011110101010011111001011011001101111100011010110101111100110011100111010001100010011011000101101101100111011101011010000101100010011110001000
000111010001010011011100001111101111010011110101010011111001011011001101111100011010110101111010100011100111010001100010011011000101101101100111011101011010000101100010011110001000
000111010001010011011100001111101111010011110101010011111001011011001101111100011010110101010110100011100111010001100010011011000101101101100111011101011010000101100010011110001000
000111010001010011000101110111101100000011110101010011111001011011001101111100011010110101111000100011100111010001100010011011000101101101100111011101011010000101100010011110001000
000111010001010011011100001111101111010011110101010011111001011011001101111100011010111001011100100011100111010001100010011011000101101101100111011101011010000101100010011110001000
000111010001010011011100001111101111010011110101010011111001011011001101111100011010110101110010100011100111010001100010011011000101101101100111011101011010000101100010011110001000
000111010001010011011100001111101111010011110101010011111001011011001101111100011010111001000100000011100111010001100010011011000101101101100111011101011010000101100010011110001000
000111010001010011011100001111101111010011110101010011111001011011001101111100011010110101100000100011100111010001100010011011000101101101100111011101011010000101100010011110001000
000111010001010011000101110111101100000011110101010011111001011011001101111100011010110101111100100011100111010001100010011011000101101101100111011101011010000101100010011110001000
000111010001010011011100001111101111010011110101010011111001011011001101111100011010110101111001110111010110101110100010011011000101101101100111011101011010000101100010011110001000
000111010001010011011100001111101111010001011100010011111001011011001101111100011010110101111000100011100111010001100010011011000101101101100111011101011010000101100010011110001000
000111010001010011011100001111101111010011110101010011111001011011001101111100011010110101111011011111100111010001100010011011000101101101100111011101011010000101100010011110001000
000111010001010011011100001111101111010011110101010011111001011011001101111100011010111001000100100011100111010001100010011011000101101101100111011101011010000101100010011110001000
000111010001010011011100001111101111010010111000100010001110001010011101100110000000011110101010100011100111010001100010011011000101101101100111011101011010000101100010011110001000
000111010001010011011100001111101111010011110101010011111001011011001101111100011010110101101010100011100111010001100010011011000101101101100111011101011010000101100010011110001000
000111010001010011011100001111101111010011110101010011111001011011001101111100011010110101100110100011100111010001100010011011000101101101100111011101011010000101100010011110001000
000111010001010011011100001111101111010011110101010011111001011011001101111100011010110111001100100011100111010001100010011011000101101101100111011101011010000101100010011110001000
000111010001010011011100001111101111010011110101010011111001011011001101111100011010111001001010100011100111010001100010011011000101101101100111011101011010000101100010011110001000
000111010001010011000101110111101100000011110101010011111001011011001101111100011010110101111100110011100111010001100010011011000101101101100111011101011010000101100010011110001000
000111010001010011011100001111101111010011110101010011111001011011001101111100011010110101111001110111000111010001100010011011000101101101100111011101011010000101100010011110001000
000111010001010011011100001111101111010010110101010011111001011011001101111100011010110101111000100011100111010001100010011011000101101101100111011101011010000101100010011110001000
000111010001010011011100001111101111010011110101010011111001011011001101111100011010110101110010000011100111010001100010011011000101101101100111011101011010000101100010011110001000
000111010001010011000101110111101100000011110101010011111001011011001101111100011010110101111010100011100111010001100010011011000101101101100111011101011010000101100010011110001000
000111010001010011011100001111101111010011110101010011111001011011001101111100011010110101111100000110100111010001100010011011000101101101100111011101011010000101100010011110001000
000111010001010011011100001111101111010011110101010011111001011011001101111100011010110111010110100011100111010001100010011011000101101101100111011101011010000101100010011110001000
000111010001010011011100001111101111010011110101010011111001011011001101111100011010000101101010100011100111010001100010011011000101101101100111011101011010000101100010011110001000
000111010001010011011100001111101111010011110101010011111001011011001101111100011010111001010110100011100111010001100010011011000101101101100111011101011010000101100010011110001000
000111010001010011011100001111101111010010010110111010101011011000111100100110000110100010110100100011100111010001100010011011000101101101100111011101011010000101100010011110001000
000111010001010011011100001111101111010001011100010011111001011011001101111100011010110101111100100011100111010001100010011011000101101101100111011101011010000101100010011110001000
101100010101110011000101110111101100000011110101010011111001011011001101111100011010110101111000100011100111010001100010011011000101101101100111011101011010000101100010011110001000
