000100000011111111101111011000101100001011011100101100101111001011111000101110100101011101000011000100010011100110111001100100100011101101110101010110101100100101011110001010011101
000100000011111111101111011000101100001011011100101100101111001011111000101110100101011101011010000100010011100110111001100100100011101101110101010110101100100101011110001010011101
000100000011111111101111011000101100001011011100101100101111001011111000101110100101011101000110100100010011100110111001100100100011101101110101010110101100100101011110001010011101
000100000011111111101111011000101100001011011100101100101111001011111000101110100110011100010010000100010011100110111001100100100011101101110101010110101100100101011110001010011101
000100000011111111101111011000101100001011011100101100101111001011111000101110101101011111110010000100010011100110111001100100100011101101110101010110101100100101011110001010011101
000100000011111111101111011000101100001011011100101100101111001011111000101110100101011101000010001001110011011100110010010001110110111010101011010110010010101111000101001110011101
000100000011111111101111011000101100001011011100101100101111001011111000101110001001001101110000010100010011100110111001100100100011101101110101010110101100100101011110001010011101
000100000011111111101111011000101100001011011100101100101111001011111000101110111000011001110101110100010011100110111001100100100011101101110101010110101100100101011110001010011101
000100000011111111101111011000101100001011011100101100101111001011111000101110100101011101000010001001110011011100110010010001110110111010101011010110010010000000111101101000011101
000100000011111111101111011000101100001011011100101100101111001011111000101110001111001000001011000100010011100110111001100100100011101101110101010110101100100101011110001010011101
000100000011111111101111011000101100001010000010010110011110000110010001111010010110001001011010000100010011100110111001100100100011101101110101010110101100100101011110001010011101
000100000011111111101111011000101100001011011100101100101111001011111000101110100101101100001011000100010011100110111001100100100011101101110101010110101100100101011110001010011101
000100000011111111101111011000101100001011011100101100101111001011111000101110101100111000010010000100010011100110111001100100100011101101110101010110101100100101011110001010011101
000100000011111111101111011000101100001011011100101100101111001011111000101110001100111010111010000100010011100110111001100100100011101101110101010110101100100101011110001010011101
000100000011111111101111011000101100001011011100101100101111001011111000101110111010111111011000010100010011100110111001100100100011101101110101010110101100100101011110001010011101
000111101001001001100001010101101101010110111010110100010011111110101101001011000100101101011010000100010011100110111001100100100011101101110101010110101100100101011110001010011101
000100000011111111101111011000101100001011011100101100101111001011111000101110001010101010010000010100010011100110111001100100100011101101110101010110101100100101011110001010011101
000100000011111111101111011000101100001011011100101100101111001011111000101110001001001101011010000100010011100110111001100100100011101101110101010110101100100101011110001010011101
000100000011111111101111011000101100001011011100100111110000010000110000111111011110111000001011000100010011100110111001100100100011101101110101010110101100100101011110001010011101
000100000011111111101111011000101100001011011100101100101111001011111000101110100101011101000010001001110011011100110010010001110110111010101011010110010010101111000101001101011101
000100000011111111101111011000101100001011011100101100101111001011111000101110100110011100010010110100010011100110111001100100100011101101110101010110101100100101011110001010011101
000100000011111111101111011000101100001010000010010110011110000110010101101101110100111000010010000100010011100110111001100100100011101101110101010110101100100101011110001010011101
000100000011111111101111011000101100001011011100101100101111001011111000101110100101011101000010001001110011011100110010010001110110111010101011010110010010000000111101101000001101
000100000011111111101111011000101100001011011100101100101111001011111000101110100101011101000010001001110011011100110010010001110110111010101011010110010010101111000101001110101011
000100000011111111101111011000101100001011011100101100101111001011111000101110100101011101000010001001110011011100110010010001110110111010101011010110010010101111000101001000011101
000100000011111111101111011000101100001011011100101100101111001011111000101110010101001000001011000100010011100110111001100100100011101101110101010110101100100101011110001010011101
000100000011111111101111011000101100001011011100101100101111001011111000101110100101011111110010000100010011100110111001100100100011101101110101010110101100100101011110001010011101
000100000011111111101111011000101100001011011100101100101111001011111000101110101100111010111010000100010011100110111001100100100011101101110101010110101100100101011110001010011101
000100000011111111101111011000101100001011011100101100101111001011111000101110100101101100001110100100010011100110111001100100100011101101110101010110101100100101011110001010011101
000100000011111111101111011000101100001011011100101100101111001011111000101110100101011101000010001001110011011100110010010001110110111010101011010110010110000000111101101000011101
000100000011111111101111011000101100001011011100101100101111001011111000101110001111111001000011000100010011100110111001100100100011101101110101010110101100100101011110001010011101
000100000011111111101111011000101100001011011100101100101111001011111000101110001001101001101100111101010011100110111001100100100011101101110101010110101100100101011110001010011101
