011000100011101001011010001000011110011010111111101111111101100001000110100011000100010101001111110100010111011110010001110111101001001110101001100111000111111101001100001001111010
011000100011101001011000011000011110011010111111101111111101100001000110100011000100010101001111110100010111011110010001110111101001001110101001100111000111111101001100001001111010
011000100011111000010111101000011110011010111111101111111101100001000110100011000100010101001111110100010111011110010001110111101001001110101001100111000111111101001100001001111010
011000100011101001110100001111001101011111110111111110110000100011010001100010001010100111111010001011101111001000111011110111101001001110101001100111000111111101001100001001111010
011000100011101001011001000101101011110010000111101111001011001101000110100011000100010101001111110100010111011110010001110111101001001110101001100111000111111101001100001001111010
011000100011101001011000011010000101011111110111111110110000100011010001100010001010100111111010001011101111001000111011110111101001001110101001100111000111111101001100001001111010
011000100011101001011110001111001101011111110111111110110000100011010001100010001010100111111010001011101111001000111011110111101001001110101001100111000111111101001100001001111010
011000100011101001110100001111001101011111110111111110110000100011010001100010001010100111111010001011101111001000111011110101100110010110100011000011000111111101001100001001111010
011000100011101001011100011000011110011010111111101111111101100001000110100011000100010101001111110100010111011110010001110111101001001110101001100111000111111101001100001001111010
011000100011101001011010001001111010011010111111101111111101100001000110100011000100010101001111110100010111011110010001110111101001001110101001100111000111111101001100001001111010
011000100011101001011000011100110010011010111111101111111101100001000110100011000100010101001111110100010111011110010001110111101001001110101001100111000111111101001100001001111010
011000100011101010111110001000011110011010111111101111111101100001000110100011000100010101001111110100010111011110010001110111101001001110101001100111000111111101001100001001111010
011001110111001001110100001111001101011111110111111110110000100011010001100010001010100111111010001011101111001000111011110111101001001110101001100111000111111101001100001001111010
011000100011101001011000001000011110011010111111101111111101100001000110100011000100010101001111110100010111011110010001110111101001001110101001100111000111111101001100001001111010
011000100011101001110100001111001101011111110111111110110000100011010001100010001010100111111010001011101111001000111011000111101001001110101001100111000111111101001100001001111010
011000100011101001011000011010000101011111110111111110110000100011010001100010001010100111111010001011101111001000111011110101100110010110100011000011000111111101001100001001111010
011000100011101001011110001111001101011111110111111110110000100011010001100010001010100111111010001011101111001000111011110101100110010110100011000011000111111101001100001001111010
011000100011101001110100001111001101011111110111111110110000100011010001100010001010100111111010001011101111001000111011110110111101101110101001100111000111111101001100001001111010
011000100011101001011000010000001110001000000011000111010110001101000110100011000100010101001111110100010111011110010001110111101001001110101001100111000111111101001100001001111010
011000100011101011000111101000011110011010111111101111111101100001000110100011000100010101001111110100010111011110010001110111101001001110101001100111000111111101001100001001111010
011000100011101001011000011000011101100010111111101111111101100001000110100011000100010101001111110100010111011110010001110111101001001110101001100111000111111101001100001001111010
011000100011101001011000001001111010011010111111101111111101100001000110100011000100010101001111110100010111011110010001110111101001001110101001100111000111111101001100001001111010
011000100011101001110100001111001101011111110111111110110000100011010001100010001010100111111010001011101111001000111011110011111110010110100011000011000111111101001100001001111010
011001110111001001110100001111001101011111110111111110110000100011010001100010001010100111111010001011101111001000111011110101100110010110100011000011000111111101001100001001111010
011000100011101001110100001111001101011111110111111110110000100011010001100010001010100111111010001011101111001000111011111100001010010110100011000011000111111101001100001001111010
011000100011101001110100001111001101011111110111111110110000100011010001100010001010100111111010001011101111001000111011000101100110010110100011000011000111111101001100001001111010
011000100011101001110100001111001101011111110111111110110000100011010001100010001010100111111010001011101111001000111011110011101001001110101001100111000111111101001100001001111010
011000100011101001110100001111001101011111110111111110110000100011010001100010001010100111111010001011101111001000111011101111101001001110101001100111000111111101001100001001111010
011000100011101001011110001000011110011010111111101111111101100001000110100011000100010101001111110100010111011110010001110111101001001110101001100111000111111101001100001001111010
011000100011101001011000010000001110001000000011000111010111000001000110100011000100010101001111110100010111011110010001110111101001001110101001100111000111111101001100001001111010
011000100011101001011000011010000101011111110111111110110000100011010001100010001010100111111010001011101111001000111011110011111110010110100011000011000111111101001100001001111010
011000100011101001110100001111001101011111110111111110110000100011010001100010001010100111111010001011101111001000111011111100001010010011110001000001110001111111100101001000101100
