000000000001000101111011010101100100111000111001010110010010111000010111001000100101010100110011111100111010101010110101011101000100110001100110110100001100011111110000010000001110
000000000011101100111010001111110010010010111001010110010010111000010111001000100101010100110011111100111010101010110101011101000100110001100110110100001100011111110000010000001110
000101010000110100110000101011110010010010111001010110010010111000010111001000100101010100110011111100111010101010110101011101000100110001100110110100001100011111110000010000001110
000000000010001010101010100000101100111000111001010110010010111000010111001000100101010100110011111100111010101010110101011101000100110001100110110100001100011111110000010000001110
011011110111001100000111111100000100010010111001010110010010111000010111001000100101010100110011111100111010101010110101011101000100110001100110110100001100011111110000010000001110
011001110001101010110111101001001100011000111001010110010010111000010111001000100101010100110011111100111010101010110101011101000100110001100110110100001100011111110000010000001110
000000000001000101111011010111010010010010111001010110010010111000010111001000100101010100110011111100111010101010110101011101000100110001100110110100001100011111110000010000001110
101010100010110010111101001101010000111000111001010110010010111000010111001000100101010100110011111100111010101010110101011101000100110001100110110100001100011111110000010000001110
101010010000110100110000101011110010010010111001010110010010111000010111001000100101010100110011111100111010101010110101011101000100110001100110110100001100011111110000010000001110
011011110110010010111101001101010000111000111001010110010010111000010111001000100101010100110011111100111010101010110101011101000100110001100110110100001100011111110000010000001110
000000000000110100110000101011110010010010111001010110010010111000010111001000100101010100110011111100111010101010110101011101000100110001100110110100001100011111110000010000001110
011011110111001100000111111100011100111000111001010110010010111000010111001000100101010100110011111100111010101010110101011101000100110001100110110100001100011111110000010000001110
101010010000110100110000101011110100011000111001010110010010111000010111001000100101010100110011111100111010101010110101011101000100110001100110110100001100011111110000010000001110
000101100010110010111101001101010000111000111001010110010010111000010111001000100101010100110011111100111010101010110101011101000100110001100110110100001100011111110000010000001110
011001110001101010110111101001010000111000111001010110010010111000010111001000100101010100110011111100111010101010110101011101000100110001100110110100001100011111110000010000001110
011001110001101010110111101001010100111000111001010110010010111000010111001000100101010100110011111100111010101010110101011101000100110001100110110100001100011111110000010000001110
000000000001000101111011010111001011001010111001010110010010111000010111001000100101010100110011111100111010101010110101011101000100110001100110110100001100011111110000010000001110
100110000010110010111101001101010000111000111001010110010010111000010111001000100101010100110011111100111010101010110101011101000100110001100110110100001100011111110000010000001110
101010010011101100111010001111110010010010111001010110010010111000010111001000100101010100110011111100111010101010110101011101000100110001100110110100001100011111110000010000001110
011011110110010010000000111110111100011000111001010110010010111000010111001000100101010100110011111100111010101010110101011101000100110001100110110100001100011111110000010000001110
011011111100000010100101000000001001010010111001010110010010111000010111001000100101010100110011111100111010101010110101011101000100110001100110110100001100011111110000010000001110
100110101100110010111101001101010000111000111001010110010010111000010111001000100101010100110011111100111010101010110101011101000100110001100110110100001100011111110000010000001110
101010010001101010110111101001001100011000111001010110010010111000010111001000100101010100110011111100111010101010110101011101000100110001100110110100001100011111110000010000001110
101010010001010010100000000110011000011000111001010110010010111000010111001000100101010100110011111100111010101010110101011101000100110001100110110100001100011111110000010000001110
011110011011001001011000110101101011001010111001010110010010111000010111001000100101010100110011111100111010101010110101011101000100110001100110110100001100011111110000010000001110
111111011100110010111101001101010000111000111001010110010010111000010111001000100101010100110011111100111010101010110101011101000100110001100110110100001100011111110000010000001110
101010010001101010110111101001010000111000111001010110010010111000010111001000100101010100110011111100111010101010110101011101000100110001100110110100001100011111110000010000001110
011101010100110010111101001101010000111000111001010110010010111000010111001000100101010100110011111100111010101010110101011101000100110001100110110100001100011111110000010000001110
101010010001101010110111101001010100111000111001010110010010111000010111001000100101010100110011111100111010101010110101011101000100110001100110110100001100011111110000010000001110
011011111101000000101001010101100100111000111001010110010010111000010111001000100101010100110011111100111010101010110101011101000100110001100110110100001100011111110000010000001110
011011110111011010101111100100001001010010111001010110010010111000010111001000100101010100110011111100111010101010110101011101000100110001100110110100001100011111110000010000001110
001100111100110010111101001101010000111000111001010110010010111000010111001000100101010100110011111100111010101010110101011101000100110001100110110100001100011111110000010000001110
