010100001110000101001001111100110100101001101100001101011110010111001110111010010110111011111111001111110100001011101000101101111011001111001000111000100101101001001011101111010011
000010010000100100111110011010010100110110000110101111001011001101001101011101110110111011111111001111110100001011101000101101111011001111001000111000100101101001001011101111010011
111111001010110011100000010001111010101001110010011001101100110111001110111010010110111011111111001111110100001011101000101101111011001111001000111000100101101001001011101111010011
010100001110000101001001111100110100101001101100001101011110010110111111011100000110111011111111001111110100001011101000101101111011001111001000111000100101101001001011101111010011
011101010001100001001001111100110100101001101100001101011110010111001110111010010110111011111111001111110100001011101000101101111011001111001000111000100101101001001011101111010011
011101010001100001001001111100110100101001101100001101011110010110111111011100000110111011111111001111110100001011101000101101111011001111001000111000100101101001001011101111010011
010100001110000101001001111100110100101001101100001101011110010110101110101100000110111011111111001111110100001011101000101101111011001111001000111000100101101001001011101111010011
010100001110000101001001111100110100101001101100001101011110010110011010011010111010111011111111001111110100001011101000101101111011001111001000111000100101101001001011101111010011
000001101101101001001001111100110100101001101100001101011110010111001110111010010110111011111111001111110100001011101000101101111011001111001000111000100101101001001011101111010011
010100001110000101001001111100110100101001101100001101011100110111001110111010010110111011111111001111110100001011101000101101111011001111001000111000100101101001001011101111010011
000010010000111100011101100010111010110011110011100111000101010111001110111010010110111011111111001111110100001011101000101101111011001111001000111000100101101001001011101111010011
000000001111110011100000010001111010101001110010011001101100110111001110111010010110111011111111001111110100001011101000101101111011001111001000111000100101101001001011101111010011
000100110000101110001001111100110100101001101100001101011110010111001110111010010110111011111111001111110100001011101000101101111011001111001000111000100101101001001011101111010011
000010010000111100011101100010111010110011110011100111000010100000111101110101000110111011111111001111110100001011101000101101111011001111001000111000100101101001001011101111010011
010100001110000101001001111100110100101001101100001101011110010110101110101100000000010000011111001111110100001011101000101101111011001111001000111000100101101001001011101111010011
011101010001100001001001111100110100101001101100001101011110010110101110101100000110111011111111001111110100001011101000101101111011001111001000111000100101101001001011101111010011
101000000001101100011101100010111010110011110011100111000101010111001110111010010110111011111111001111110100001011101000101101111011001111001000111000100101101001001011101111010011
011101010001100001001001111100110100101001101100001101011110010110011010011010111010111011111111001111110100001011101000101101111011001111001000111000100101101001001011101111010011
010111100001011111000010001010111011111101010010110111101111011011000111111000110110111011111111001111110100001011101000101101111011001111001000111000100101101001001011101111010011
010100001110000101001001111100110100101001101100001101011110010110111111011100000000010000011111001111110100001011101000101101111011001111001000111000100101101001001011101111010011
011000010111000100111110011010010100110110000110101111001011001101001101011101110110111011111111001111110100001011101000101101111011001111001000111000100101101001001011101111010011
001111001010110011100000010001111010101001110010011001101100110111001110111010010110111011111111001111110100001011101000101101111011001111001000111000100101101001001011101111010011
000000100100011111110011001101111001000101101001011111011100110111001110111010010110111011111111001111110100001011101000101101111011001111001000111000100101101001001011101111010011
000001101101101001001001111100110100101001101100001101011110010110111111011100000110111011111111001111110100001011101000101101111011001111001000111000100101101001001011101111010011
010100001110000101001001111100110100101001101100001101011110010110011010011010111010101000011111001111110100001011101000101101111011001111001000111000100101101001001011101111010011
011101010001100001001001111100110100101001101100001101011100110111001110111010010110111011111111001111110100001011101000101101111011001111001000111000100101101001001011101111010011
010011011011011001001001111100110100101001101100001101011110010111001110111010010110111011111111001111110100001011101000101101111011001111001000111000100101101001001011101111010011
010100001110000101001001111100110100101001101100001101011110010110011010011010010110111011111111001111110100001011101000101101111011001111001000111000100101101001001011101111010011
001000001111110011100000010001111010101001110010011001101100110111001110111010010110111011111111001111110100001011101000101101111011001111001000111000100101101001001011101111010011
101000000001101100011101100010111010110011110011100111000010100000111101110101000110111011111111001111110100001011101000101101111011001111001000111000100101101001001011101111010011
111101101010001111100111110000000110101001110010011001101100110111001110111010010110111011111111001111110100001011101000101101111011001111001000111000100101101001001011101111010011
010111100001011111110011001101111001000101101001011111011100110111001110111010010110111011111111001111110100001011101000101101111011001111001000111000100101101001001011101111010011
