000110111000100001000111110011100111101011010101110101001000111110010001000000000111011000010011101000001000000100000001100100010011110010001100101100011101111110111000101001011000
000110111000100001000111110011100111101011010101110101001000111110010001000010000111011000010011101000001000000100000001100100010011110010001100101100011101111110111000101001011000
000110111000100001000111110011100111101011010101110101001000111110010001000001100011011000010011101000001000000100000001100100010011110010001100101100011101111110111000101001011000
000110111000100001000111110011100111101011010101110101001000111110010001000011000011011000010011101000001000000100000001100100010011110010001100101100011101111110111000101001011000
000110111000100001000111110011100111101011010101110101001000111110010001000010010111011000010011101000001000000100000001100100010011110010001100101100011101111110111000101001011000
000110111000100001000111110011100111101011010101110101001000111110010001000010000010001111000110101010100001000100000001100100010011110010001100101100011101111110111000101001011000
000110111000100001000111110011100111101011010101110101001000111110010001000001110101011000010011101000001000000100000001100100010011110010001100101100011101111110111000101001011000
000110111000100001000111110011100111101011010101110101001000111110010001000001010101011000010011101000001000000100000001100100010011110010001100101100011101111110111000101001011000
000110111000100001000111110011100111101011010101110101001000111110010001000001100000010100000111111110101000000100000001100100010011110010001100101100011101111110111000101001011000
000110111000100001000111110011100111101011010101110101001000111110010001000001100000011010011110101101000101001001100001001110000011110010001100101100011101111110111000101001011000
000110111000100001000111110011100111101011010101110101001000111110010001000010000011011000010011101000001000000100000001100100010011110010001100101100011101111110111000101001011000
000110110000011000110111100110101111101011010101110101001000111110010001000000000111011000010011101000001000000100000001100100010011110010001100101100011101111110111000101001011000
000110111000100001000111110011100111101011010101110101001000111110010001000001001100011010011110101101000101001001100001001110000011110010001100101100011101111110111000101001011000
000110110000011011111111110011100111101011010101110101001000111110010001000000000111011000010011101000001000000100000001100100010011110010001100101100011101111110111000101001011000
000110111000100001000111110011100111101011010101110101001000111110010001000000001100011010011110101101000101001001100001001110000011110010001100101100011101111110111000101001011000
000110111000100001000111110011100111101011010101110101001000111110010001000010000010001111000110101010001000000100000001100100010011110010001100101100011101111110111000101001011000
000110111000100001000111110011100111101011010101110101001000111110010001000001111010101101110001110011011111111110110000101001111011110010001100101100011101111110111000101001011000
000110111000100001000111110011100111101011010101110101001000111110010001000001100111011000010011101000001000000100000001100100010011110010001100101100011101111110111000101001011000
000110111000100001000111110011100111101011010101110101001000111110010001000001000111011000010011101000001000000100000001100100010011110010001100101100011101111110111000101001011000
000110111000100001000111110011100111101011010101110101001000111110010001000010110111011000010011101000001000000100000001100100010011110010001100101100011101111110111000101001011000
000110111000100001000111110011100111101011010101110101001000111110010001000001101010101101110001110011011111111110110000101001111011110010001100101100011101111110111000101001011000
000110110000011000011100110011100111101011010101110101001000111110010001000000000111011000010011101000001000000100000001100100010011110010001100101100011101111110111000101001011000
000110111000100001000111110011100111101011010101110101001000111110010001000010011101000011010010111100101000000100000001100100010011110010001100101100011101111110111000101001011000
000110110000011000110111100110101111101011010101110101001000111110010001000010000111011000010011101000001000000100000001100100010011110010001100101100011101111110111000101001011000
000110111000100001000111110011100111101011010101110101001000111110010001000010011011011000010011101000001000000100000001100100010011110010001100101100011101111110111000101001011000
000110110000011000110111110011100111101011010101110101001000111110010001000000000111011000010011101000001000000100000001100100010011110010001100101100011101111110111000101001011000
000110111000100001000111110011100111101011010101110101001000111110010000001111011010101101110001110011011111111110110000101001111011110010001100101100011101111110111000101001011000
000110111000100001000111110011100111101011010101110101001000111110010001000001111111111010100100110001110110111110110000101001111011110010001100101100011101111110111000101001011000
000110111000100001000111110011100111101011010101110101001000111110010001000001110011111000010011101000001000000100000001100100010011110010001100101100011101111110111000101001011000
000110111000100001000111110011100111101011010101110101001000111110010001000001111111011000010011101000001000000100000001100100010011110010001100101100011101111110111000101001011000
000110110000011000110111100110101111101011010101110101001000111110010001000001100011011000010011101000001000000100000001100100010011110010001100101100011101111110111000101001011000
000110110001101001110100001111100111001111010110101011101010010001111100100010000111011000010011101000001000000100000001100100010011110010001100101100011101111110111000101001011000
