011001110000001010101101101110101011010100011101000110000100011101101100100000110110111001001100001000001100000010101100001100010110010001111100010101010110000000111000101010010111
011001110000001010101101101110101011010100011101000110000100011101101100100000100100111001001100001000001100000010101100001100010110010001111100010101010110000000111000101010010111
011001110000001010101101101110101011010100011101000110000100011101101100100000100011111001001100001000001100000010101100001100010110010001111100010101010110000000111000101010010111
110011100000001010101101101110101011010100011101000110000100011101101100100000110110111001001100001000001100000010101100001100010110010001111100010101010110000000111000101010010111
011001110000001010101101101110101011010100011101000110000100011101101100100000100100011101001100001000001100000010101100001100010110010001111100010101010110000000111000101010010111
011001110000001010101101101110101011010100011101000110000100011101101100100000101110011001001100001000001100000010101100001100010110010001111100010101010110000000111000101010010111
011001110000001010101101101110101011010100011101000110000100011101101100100000110000111001001100001000001100000010101100001100010110010001111100010101010110000000111000101010010111
011001110000001010101101101110101011010100011101000110000100011101101100100000110110101000001100001000001100000010101100001100010110010001111100010101010110000000111000101010010111
011001110000001010101101101110101011010100011101000110000100011101101100100101111100011101001100001000001100000010101100001100010110010001111100010101010110000000111000101010010111
011001110000001010101101101110101011010100011101000100000100011101101100100000110110111001001100001000001100000010101100001100010110010001111100010101010110000000111000101010010111
011001110000001010101101101110101011010100011101000110000100011101101100100000111100011101001100001000001100000010101100001100010110010001111100010101010110000000111000101010010111
011001110000001010101101101110101011010100011101000110000100011101101100100000110110111101001100001000001100000010101100001100010110010001111100010101010110000000111000101010010111
011001110000001010101101101110101011010100011101000110000100011101101100100101110110111001001100001000001100000010101100001100010110010001111100010101010110000000111000101010010111
011001110000001010101101101110101011010100011101000100101000000101000001101000111100011101001100001000001100000010101100001100010110010001111100010101010110000000111000101010010111
011001110000001010101101101110101011010100011101000110000100011101101100100000100100110001001100001000001100000010101100001100010110010001111100010101010110000000111000101010010111
011001110000001010101101101110101011010100011101000110000100011101101100100010001100011001001100001000001100000010101100001100010110010001111100010101010110000000111000101010010111
011001110000001010101101101110101011010100011101000110000100011101101101010100110110111001001100001000001100000010101100001100010110010001111100010101010110000000111000101010010111
011001110000001010101101101110101011010100011101000110000100011101101100100000110100011101001100001000001100000010101100001100010110010001111100010101010110000000111000101010010111
011001110000001010101101101110101011010100011101000110000100011101101100100000110110110101001100001000001100000010101100001100010110010001111100010101010110000000111000101010010111
011001110000001010101101101110101011010100011101000110000100011101101100100000110001011001001100001000001100000010101100001100010110010001111100010101010110000000111000101010010111
011001110000001010101101101110101011010100011101000110000100011101101100100000100100111101001100001000001100000010101100001100010110010001111100010101010110000000111000101010010111
011001110000001010101101101110101011010100011101000110000100011101101100100000110110101100000100001000001100000010101100001100010110010001111100010101010110000000111000101010010111
011001110000001010101101101110101011010100011101000110000100011101101100100000110110110011001100001000001100000010101100001100010110010001111100010101010110000000111000101010010111
011001110000001010101101101110101011010100011101000110000100011101101100100000101001010001001100001000001100000010101100001100010110010001111100010101010110000000111000101010010111
011001110000001010101101101110101011010100011101000110000100011101101100100000101110011101001100001000001100000010101100001100010110010001111100010101010110000000111000101010010111
011001110000001010101101101110101011010100011101000110000100011101101100100101111100010111001100001000001100000010101100001100010110010001111100010101010110000000111000101010010111
011001110000001010101101101110101011010100011101000110000100011101101100100000101111000111001100001000001100000010101100001100010110010001111100010101010110000000111000101010010111
011001110000001010101101101110101011010100011101000110000100011101101100100101100100111001001100001000001100000010101100001100010110010001111100010101010110000000111000101010010111
011001110000001010101101101110101011010100011000010100000100011101101100100000110110111001001100001000001100000010101100001100010110010001111100010101010110000000111000101010010111
011001110000001010101101101110101011010100011101000110000100011101101100100000100101110101001100001000001100000010101100001100010110010001111100010101010110000000111000101010010111
011001110000001010101101101110101011010100011101000110000100011101101100100000100011111111001100001000001100000010101100001100010110010001111100010101010110000000111000101010010111
011001110000001010101101101110101011010100011101000110000100011101101100100000101110010100001100001000001100000010101100001100010110010001111100010101010110000000111000101010010111
