110101000101001100011001110110100010110011011001100010110010000011100010110011010011100000010011110011001001010010010011010110000000011000101100100111100001010110110000111110010101
110101000111100101011000101100000110010010011000001001110100101001101011110011010011100000010011110011001001010010010011010110000000011000101100100111100001010110110000111110010101
110101000101001100011001110101000100010100011000001001110100101001101011110011010011100000010011110011001001010010010011010110000000011000101100100111100001010110110000111110010101
110101000101001100011001110110100010110011011001100010110010000011100010100010001100011010011101111011001001010010010011010110000000011000101100100111100001010110110000111110010101
110101000101001100011001110110100010110011011001100010110010000001001011110011010011100000010011110011001001010010010011010110000000011000101100100111100001010110110000111110010101
110101000011100111111011111000101011101100000100111010010100110101111001101001110000001001111001100100101101001100001100010110000000011000101100100111100001010110110000111110010101
110101000100011111011101000000100110001111011000001001110100101001101011110011010011100000010011110011001001010010010011010110000000011000101100100111100001010110110000111110010101
110101000101001100011001110110100010110011011000001001110100101001101011110011010011100000010011110011001001010010010011010110000000011000101100100111100001010110110000111110010101
110101000010000111001111110111110001010111011000001001110100101001101011110011010011100000010011110011001001010010010011010110000000011000101100100111100001010110110000111110010101
110101000111100101011000100000001100011111011000001001110100101001101011110011010011100000010011110011001001010010010011010110000000011000101100100111100001010110110000111110010101
110101000101011001101101010101101110000100011000001001110100101001101011110011010011100000010011110011001001010010010011010110000000011000101100100111100001010110110000111110010101
011111010101001100011001110110100010110011011001100010110010000011100010110011010011100000010011110011001001010010010011010110000000011000101100100111100001010110110000111110010101
110101000011100111111011111000101011101100011000001001110100101001101011110011010011100000010011110011001001010010010011010110000000011000101100100111100001010110110000111110010101
110101000010000000111100101100000110010010011000001001110100101001101011110011010011100000010011110011001001010010010011010110000000011000101100100111100001010110110000111110010101
110101000011100111111011110110100010110011011001100010110010000011100010110011010011100000010011110011001001010010010011010110000000011000101100100111100001010110110000111110010101
110101001001110010010010010111110001010111011000001001110100101001101011110011010011100000010011110011001001010010010011010110000000011000101100100111100001010110110000111110010101
110000100101110111000111000111110001010111011000001001110100101001101011110011010011100000010011110011001001010010010011010110000000011000101100100111100001010110110000111110010101
110101000111100101011000100000001100011111011100110000110000110000011011110011010011100000010011110011001001010010010011010110000000011000101100100111100001010110110000111110010101
110101000011100111111011111011001101001011101110100111010100001001101011110011010011100000010011110011001001010010010011010110000000011000101100100111100001010110110000111110010101
011111010101001100011001110101000100010100011000001001110100101001101011110011010011100000010011110011001001010010010011010110000000011000101100100111100001010110110000111110010101
011111010101001100011001110110100010110011011001100010110010000011100010100010001100011010011101111011001001010010010011010110000000011000101100100111100001010110110000111110010101
110101000011100111000111000111110001010111011000001001110100101001101011110011010011100000010011110011001001010010010011010110000000011000101100100111100001010110110000111110010101
011111010101001100011001110110100010110011011001100010110010000001001011110011010011100000010011110011001001010010010011010110000000011000101100100111100001010110110000111110010101
110101000111100101011000100101101110000100011000001001110100101001101011110011010011100000010011110011001001010010010011010110000000011000101100100111100001010110110000111110010101
101100110111000111001111110111110001010111011000001001110100101001101011110011010011100000010011110011001001010010010011010110000000011000101100100111100001010110110000111110010101
110101100010111001101101010101101110000100011000001001110100101001101011110011010011100000010011110011001001010010010011010110000000011000101100100111100001010110110000111110010101
011111010010000111001111110111110001010111011000001001110100101001101011110011010011100000010011110011001001010010010011010110000000011000101100100111100001010110110000111110010101
110101101001000111001111110111110001010111011000001001110100101001101011110011010011100000010011110011001001010010010011010110000000011000101100100111100001010110110000111110010101
110101000110110110011100011000001000011011010110111000000110010110011011110011010011100000010011110011001001010010010011010110000000011000101100100111100001010110110000111110010101
011111010101001100011001110110100010110011011000001001110100101001101011110011010011100000010011110011001001010010010011010110000000011000101100100111100001010110110000111110010101
011111010101010010010010010111110001010111011000001001110100101001101011110011010011100000010011110011001001010010010011010110000000011000101100100111100001010110110000111110010101
110101101000011010001111000000100110001111011000001001110100101001101011110011010011100000010011110011001001010010010011010110000000011000101100100111100001010110110000111110010101
