011111010101001111110001101101101010000010100101001100101010100101001000011110011010100011100000000010010011100010110111110010000011101111100011011001001000010101000101101101011100
110101000101001111110001101101101010000010100101001100101010100101001000011110011010100011100000000010010011100010110111110010000011101111100011011001001000010101000101101101011100
110101000011100110110001101101101010000010100101001100101010100101001000011110011010100011100000000010010011100010110111110010000011101111100011011001001000010101000101101101011100
011111010101001111110001101101101010000010100101001100101010100101001000011110011010011111100000000010010011100010110111110010000011101111100011011001001000010101000101101101011100
011111010101001111110001101101101010000010100101001100101010100101001000011110011011011111100000000010010011100010110111110010000011101111100011011001001000010101000101101101011100
110101000011000110011100001101000000010010100101001100101010100101001000011110011010100011100000000010010011100010110111110010000011101111100011011001001000010101000101101101011100
011111010101001111110001101101101010000010100101001100101010100101001000011110011010100000100000000010010011100010110111110010000011101111100011011001001000010101000101101101011100
011111010101001111110001101101101010000010100101001100101010100101001000011011001000100011100000000010010011100010110111110010000011101111100011011001001000010101000101101101011100
011111010101001111110001101101000000010010100101001100101010100101001000011110011010100011100000000010010011100010110111110010000011101111100011011001001000010101000101101101011100
011111010101001111110001101101101010000010100101001100101010100101001000011110011010100011100000001010010011100010110111110010000011101111100011011001001000010101000101101101011100
011111010101001111110001101101101010000010100101001100101010100101001000011110011010111011100000000010010011100010110111110010000011101111100011011001001000010101000101101101011100
110101110000000101010001101101101010000010100101001100101010100101001000011110011010100011100000000010010011100010110111110010000011101111100011011001001000010101000101101101011100
011111010101001111110001101101101010000010100101001100101010100101001000011110011010101111100000000010010011100010110111110010000011101111100011011001001000010101000101101101011100
011111010101001111110001101101101010000010100101001100101010100101001000011110011010100111100000000010010011100010110111110010000011101111100011011001001000010101000101101101011100
011111010101001111110001101101101010000010100101001100101010100101001000011110011010100000110110101001000111100010110111110010000011101111100011011001001000010101000101101101011100
011111010101001111110001101101101010000010100101001100101010100101001000011110011010100011100001010110110011100010110111110010000011101111100011011001001000010101000101101101011100
110101000001001111110001101101101010000010100101001100101010100101001000011110011010100011100000000010010011100010110111110010000011101111100011011001001000010101000101101101011100
011111010101001111110001101101101010000010100101001100101010100101001000011110011010101000100000000010010011100010110111110010000011101111100011011001001000010101000101101101011100
011111010101001111110001101101101010000010100101001100101010100101001000011110011010101001000001101101010010001111000111110010000011101111100011011001001000010101000101101101011100
011111010101001111110001101101101010000010100001001100101010100101001000011110011010100011100000000010010011100010110111110010000011101111100011011001001000010101000101101101011100
011010110101001111110001101101101010000010100101001100101010100101001000011110011010100011100000000010010011100010110111110010000011101111100011011001001000010101000101101101011100
011111010101001111110001101101101010000010100101001100111111101101001000011110011010100011100000000010010011100010110111110010000011101111100011011001001000010101000101101101011100
011111010101001111110001101101101010000010100101001100101010100101001000011110011010100001010110000000111010100010110111110010000011101111100011011001001000010101000101101101011100
011111010101001111110001101101101010000010100101001100101010100101001000011110011011111011100000000010010011100010110111110010000011101111100011011001001000010101000101101101011100
011111010101001111110001101101101010000010110011111100111111101101001000011110011010100011100000000010010011100010110111110010000011101111100011011001001000010101000101101101011100
110101000101001111110001101101101010000010100101001100101010100101001000011110011010011111100000000010010011100010110111110010000011101111100011011001001000010101000101101101011100
011111010101001111110001101101101010000010100101001100101010100101001000011110011010100101100000000010010011100010110111110010000011101111100011011001001000010101000101101101011100
011111010101001111110001101101101010000010100101001100101010100101001000011110011010100000100001010110110011100010110111110010000011101111100011011001001000010101000101101101011100
110101000101001111110001101101101010000010100101001100101010100101001000011110011011011111100000000010010011100010110111110010000011101111100011011001001000010101000101101101011100
011111010101001111110001101101101010000010100101001100101010100101001000011110111110001111100000000010010011100010110111110010000011101111100011011001001000010101000101101101011100
011111010101001111110001101101101010000010100101001100101010100101001010110111011010100011100000000010010011100010110111110010000011101111100011011001001000010101000101101101011100
011111010101001010100011101101101010000010100101001100101010100101001000011110011010100011100000000010010011100010110111110010000011101111100011011001001000010101000101101101011100
