110011000110001010010010000100101111111100001111100101111010111001010011101000110110111101100111010001111001010010011110001111110110001111011011001010101011010010000100011101110011
110011000110001010010010000100101111111100001111100101111010111001010011101000110110111101100111010001111001010010011110001111110110001111011011011111100011010010000100011101110011
110011000110001010010010000100101111111100001111100101111010111001010011101000110110111101100111010001111001010010011110001111110110001111011011001010000001000010000100011101110011
110011000110001010010010000100101111111100001111100101111010111001010011101000110110111101100111010001111001010010011110001111110110001111011011001010101011011001001000101101110011
110011000110001010010010000100101111111100001111100101111010111001010011101000110110111101100111010001111001010010011110001111110110001111011011001010101011011000110100011101110011
110011000110001010010010000100101111111100001111100101111010111001010011101000110110111101100111010001111001010010011110001111110110001111011011001010101011011001000100011101110011
110011000110001010010010000100101111111100001111100101111010111001010011101000110110111101100111010001111001010010011110001111110110001111011011001010001111101010000100011101110011
110011000110001010010010000100101111111100001111100101111010111001010011101000110110111101100111010001111001010010011110001111110110001111011011001010101011011100110011000101000111
110011000110001010010010000100101111111100001111100101111010111001010011101000110110111101100111010001111001010010011110001111110110001111011011001010101011011001000101011101110011
110011000110001010010010000100101111111100001111100101111010111001010011101000110110111101100111010001111001010010011110001111110110001111011011001010101011011001011100010111010111
110011000110001010010010000100101111111100001111100101111010111001010011101000110110111101100111010001111001010010011110001111110110001111011011001010101001000010000100011101110011
110011000110001010010010000100101111111100001111100101111010111001010011101000110110111101100111010001111001010010011110001111110110001111011011001010101011010011001000101101110011
110011000110001010010010000100101111111100001111100101111010111001010011101000110110111101100111010001111001010010011110001111110110001111011011001010101011011000110100010110110011
110011000110001010010010000100101111111100001111100101111010111001010011101000110110111101100111010001111001010010011110001111110110001111011011001010101011011100110110010111010111
110011000110001010010010000100101111111100001111100101111010111001010011101000110110111101100111010001111001010010011110001111110110001111011011001010101011011100110110011101110011
110011000110001010010010000100101111111100001111100101111010111001010011101000110110111101100111010001111001010010011110001111110110001111011011001010101011011000011100011101110011
110011000110001010010010000100101111111100001111100101111010111001010011101000110110111101100111010001111001010010011110001111110110001111011011001010101011011001011100011101110011
110011000110001010010010000100101111111100001111100101111010111001010011101000110110111101100111010001111001010010011110001111110110001111011011001010101011011000110011000101000111
110011000110001010010010000100101111111100001111100101111010111001010011101000110110111101100111010001111001010010011110001111110110001111011011001010101011011001000001000101000111
110011000110001010010010000100101111111100001111100101111010111001010011101000110110111101100111010001111001010010011110001111110110001111011011001010101011011110011100011101110011
110011000100100011010010000100101111111100001111100101111010111001010011101000110110111101100111010001111001010010011110001111110110001111011011001010101011010010000100011101110011
110011000110001010010010000100101111111100001111100101111010111001010011101000110110111101100111010001111001010010011110001111110110001111011011001010101011101010000100011101110011
110011000110001010010010000100101111111100001111100101111010111001010011101000110110111101100111010001111001010010011110001111110110001111010110101010000001000010000100011101110011
110011000110001010010010000100101111111100001111100101111010111001101011101000110110111101100111010001111001010010011110001111110110001111011011001010101011010010000100011101110011
110011000110001010010010000100101111111100001111100101111010111001010011101000110110111101100111010001111001010010011110001111110110001111011011001010101011011100110110010111000111
110011000110001010010010000100101111111100001111100101111010111001010011101000110110110101100111010001111001010010011110001111110110001111011011001010101011010010000100011101110011
110011000110001010010010000100101111111100001111100101111010111001010011101000110110111101100111010001111001010010011110001111110110001111011011001010101011011001010011000101000111
110011000110001010010010000100101111111100001111100101111010111001010011101000110110111101100111010001111001010010011110001111110110001111011011001010101011011100100011000101000111
110011000110001010010010000100101111111100001111100101111010111001010011101000110110111101100111010001111001010010011110001111110110001111011011001010101011010010010000100111010111
110011000110001010010010000100101111111100001111100101111010111001010011101000110110111101100111010001111001010010011110001111110110001111011011001010101011010010000100010111010111
110011000110001010010010000100101111111100001111100101111010111001010011101000110110111101100111010001111001010010011110001111110110001111011100001110000100101110110011000101000111
110011000110001010010010000100101111111100001111100101111010111001010011101000110110111101100111010001111001010010011110001111110110001111011011001010101110110000110011000101000111
