100010001100001011111000110101101000110100010101110001100000000011110001011001010110010000011111001001000100101111100100110000100000101101000100011101101110100011000111111110011001
100010110111000101000000110101101000110100010101110001100000000011110001011001010110010000011111001001000100101111100100110000100000101101000100011101101110100011000111111110011001
011011100010100000011010110100011010001010111000110000000001111000101100101011001000001111100100100010010111110010011000010000010110100010001110110111010001100011111111100101011001
100010001100001011111000110101101000110100010101110001100000000011110001011001010110010000011111001001000100101111100100110000100000101101000100011101101110100011000111111010011001
100010110111000101000000110101101000110100010101110001100000000011110001011001010110010000011111001001000100101111100100110000100000101101000100011101101110100011000111111010011001
100010001100001011111000110101101000110100010101110001100000000011110001011001010110010000011111001001000100101111100100110000100000101101000100011101101110100010010110101110001001
100010001100001011111000110101101000110100010101110001100000000011110001011001010110010000011111001001000100101111100100110100000100100110101101100011000001000001101110111110011001
100010110111000101000000110101101000110100010101110001100000000011110001011001010110010000011111001001000100101111100100110000100000101101000100011101101110100010010110101110001001
100010110111000101000000110101101000110100010101110001100000000011110001011001010110010000011111001001000100101111100100110100000100100110101101100011000001000001101110111110011001
100010001100001011111000110101101000110100010101110001100000000011110001011001010110010000011111001001000100101111100100110000100000101101000100011101101110100011000111111111000001
011011100010100000011010110100011010001010111000110000000001111000101100101011001000001111100100100010010111110010011000010000010110100010001110110111110111001001111110000101111001
100010001100001011111000110101101000110100010101110001100000000011110001011001010110010000011111001001000100101111100100110100000100100110101101100011000001001011010111000011110001
011011100010100000011010110100011010001010111000110000000001111000101100101011001000001111100100100010010111110010011000010000010110100010001110110111110111001001111110000001000001
100010001100001011111000110101101000110100010101110001100000000011110001011001010110010000011111001001000100101111100100110100000100100110101101100011000001001011010111000110011001
100010110111000101000000110101101000110100010101110001100000000011110001011001010110010000011111001001000100101111100100110000100000101101000100011101101110100011000111111111000001
100010001100001011111000110101101000110100010101110001100000000011110001011001010110010000011111001001000100101111100100110000100000101101000100011101101110100011000111111110010001
011011100010100000011010110100011010001010111000110000000001111000101100101011001000001111100100100010010111110010011000010000010110100010001110110111010001100011111111100001110001
100010110111000101000000110101101000110100010101110001100000000011110001011001010110010000011111001001000100101111100100110100000100100110101101100011000001001011010111000110011001
100010110111000101000000110101101000110100010101110001100000000011110001011001010110010000011111001001000100101111100100110000100000101101000100011101101110100011000111111110010001
100010001100001011111000110101101000110100010101110001100000000011110001011001010110010000011111001001000100101111100100110000100000101101000100011101101111101110010011111100001001
100010110111000101000000110101101000110100010101110001100000000011110001011001010110010000011111001001000100101111100100110000100000101101000100011101101111101110010011111100001001
100010001100001011111000110101101000110100010101110001100000000011110001011001010110010000011111001001000100101111100100110100000100100101100011101101001000010101001110010010011001
011011100010100000011010110100011010001010111000110000000001111000101100101011001000001111100100100010010111110010011000010000010110100010001110110111010001100011111111100101011011
100010110111000101000000110101101000110100010101110001100000000011110001011001010110010000011111001001000100101111100100110100000100100101100011101101001000010101001110010010011001
011011100010100000011010110100011010001010111000110000000001111000101100101011001000001111100100100010010111110010011000010000010110010100101111101101001000010101001110010010011001
100010001100001011111000110101101000110100010101110001100000000011110001011001010110010000011111001001000100101111100100110000100000101101000100000000111001000001101110111110011001
100010001100001011111000110101101000110100010101110001100000000011110001011001010110010000011111001001000100101111100100110100000100100110101101100011000001000110110001000110011001
100010110111000101000000110101101000110100010101110001100000000011110001011001010110010000011111001001000100101111100100110100000100100110101101100011000001001011010111000011110001
100010110111000101000000110101101000110100010101110001100000000011110001011001010110010000011111001001000100101111100100110000100000101101000100000000111001000001101110111110011001
011011100010100000011010110100011010001010111000110000000001111000101100101011001000001111100100100010010111110010011000010000010110100010001110110111010001100011111111100011100100
100010001100001011111000110101101000110100010101110001100000000011110001011001010110010000011111001001000100101111100100110100000100100110101101100011000001001011010111000100111111
100010001100001011111000110101101000110100010101110001100000000011110001011001010110010000011111001001000100101111100100110000100000101101000100011101101110100011000111111111001010
