000001010011101110110010011100101101110101000111111001001010000000011011000100111011010011011100011001100110110111000001011110110011101010110111001000010011011111101001110010011011
000001010011101110110010011100101101110101000111111001001010000000011011000100111011011010100001100101111011101111100111101010011001110000001111001000010011011111101001110010011011
000001010011101110110010011100101101110101000111111001001010000000011011000100111011010011000011000001100010000101110110110000101110010000001111001000010011011111101001110010011011
000001010011101110110010011100101101110101000111111001001010000000011011000100111011010011011100011001100110110111000001011110110011101010110111001000010011011111101001110010011001
000001010011101110110010011100101101110101000111111001001010000000011011000100111011011010100001100101111011101111100111101010011001110000001111001000010011011111101001110010011001
000001010011101110110010011100101101110101000111111001001010000000011011000100111011010011000011000001100010000101110110110000101110010000001111001000010011011111101001110010011001
000001010011101110110010011100101101110101000111111001001010000000011011000100111011010011011100100001100110110111000001011110110011101010110111001000010011011111101001110010011011
000001010011101110110010011100101101110101000111111001001010000000011011000100111011010011000100110010011010110001111100010000010010000001001111110111001000100110000100110111111000
000001010011101110110010011100101101110101000111111001001010000000011011000100111011010011011100011001100100110101100011111000100000100100000010000010110001010110000100110111111000
000001010011101110110010011100101101110101000111111001001010000000011011000100111011010011000100111001000010111011011000010111001000000111100100001001101111110100111001001101111000
000001010011101110110010011100101101110101000111111001001010000000011011000100111011010011000100111001000010111011011000010000010010000001001111110111001000100110000100110111111000
000001010011101110110010011100101101110101000111111001001010000000011011000100111011010011011111000001100010000101110110110000101110010000001111001000010011011111101001110010011011
000001010011101110110010011100101101110101000111111001001010000000011011000100111011010011000100110010011010110001111100010000010010000001001101001000010011011111101001110010011011
000001010011101110110010011100101101110101000111111001001010000000011011000100111011010011011100011001100100110101100011111000100000100100000010010011001111011111101001110010011011
000001010011101110110010011100101101110101000111111001001010000000011011000100111011010011000011000001100010000100101011000011110101110101011101001000010011011111101001110010011011
000001010011101110110010011100101101110101000111111001001010000000011011000100111011010011011100100001100110110111000001011110110011101010110111001000010011011111101001110010011001
000001010011101110110010011100101101110101000111111001001010000000011011000100111011010011000100111001000010111011011000010000010010000001001101001000010011011111101001110010011011
000001010011101110110010011100101101110101000111111001001010000000011011000100111011010011011100011001100110110111000001011110110011111100110101111001000001110101011100111101010011
000001010011101110110010011100101101110101000111111001001010000000011011000100111011010011011100011001100110110111000001011110110011111100110000001000010011011111101001110010011011
000001010011101110110010011100101101110101000111111001001010000000011011000100111011010011000100111001000010111011011000010111001000000111100100001001101111110101011100111101010011
000001010011101110110010011100101101110101000111111001001010000000011011000100111011010011011100011001100100110101100011111000100000100100000010011111101110010001010101011011011111
000001010011101110110010011100101101110101000111111001001010000000011011000100111011010011011101110101111011101111100111101010011001110000001111001000010011011111101001110010011011
000001010011101110110010011100101101110101000111111001001010000000011011000100111011010011011010001110011111001101000111010001000110100001100100001001101111110100111001001101111000
000001010011101110110010011100101101110101000111111001001010000000011011000100111011010011011100100000000000000111010100010110111000101011001111001000010011011111101001110010011011
000001010011101110110010011100101101110101000111111001001010000000011011000100111011010011011100100000000101010101010110100110010000101000001101001000010011011111101001110010011011
000001010011101110110010011100101101110101000111111001001010000000011011000100111011010011011100011001100100110101100011111000100000100100000010000011100101001110101101010001111011
000001010011101110110010011100101101110101000111111001001010000000011011000100111011010011011111000001100010000101110110110000101110010000001111001000010011011111101001110010011001
000001010011101110110010011100101101110101000111111001001010000000011011000100111011011010100001100101111011101111100111101011001101010000100011001000010011011111101001110010011011
000001010011101110110010011100101101110101000111111001001010000000011011000100111011011010100001100101111011101111100111101010011001110000001011001000010011011111101001110010011011
000001010011101110110010011100101101110101000111111001001010000000011011000100111011011010100001100101111011101111100111101010011001110000001011101001100110000011111001011010011000
000001010011101110110010011100101101110101000111111000001000000011111010110110101011101111110101000011001011110111011111001111010100110011100000001000010011011111101001110010011011
000001010011101110110010011100101101110101000111111000110000111100111001010101110001111110100110100010011010110001111100010000010010000001001111110111001000100110000100110111111000
