011011000011110011110011101011101000111100110001001111100000101100111011110100010111001101010001010010111111011010001110101100001010101110110001011010100000110010010010000000000111
011011000011110011110011101011101000111100110001001111100000101100111011110100010111001101010001010010111111011011101110000110011010101110110001011010100000110010010010000000000111
011011000011110011110011101011101000111100110001001111100000101100110000111001100011100010001111100101101101000111010110000101101010101110110001011010100000110010010010000000000111
011011000011110011110011101011101000111100110001001111100000101100111011110100010111001101010001010011001011011010001110101100001010101110110001011010100000110010010010000000000111
011011000011110011110011101011101000111100110001001111100000101100111011110100010111001101010001010010111111011101110110101100001010101110110001011010100000110010010010000000000111
011011000011110011110011101011101000111100110001001111100000101100110001011110100001000000101011011111001011011010001110101100001010101110110001011010100000110010010010000000000111
011000110100101110100111100111010111010001111001100010011111000001011001100001110011000111000100011111001011011010001110101100001010101110110001011010100000110010010010000000000111
011011000011110011110011101011101000111100110001001111100000101100110001011110101011100100101110111111001011011010001110101100001010101110110001011010100000110010010010000000000111
011011000011110011110011101011101000111100110001001111100000101100111011110100010111001101010001010011001110001000001110101100001010101110110001011010100000110010010010000000000111
011010010111010011110011101011101000111100110001001111100000101100111011110100010111001101010001010010111111011010001110101100001010101110110001011010100000110010010010000000000111
011011000011110011110011101011101000111100110001001111100000101100111011110100010111001101010001010000010110011010110010000000011100001000000001001111101000110010010010000000000111
100110000101100011110011101011101000111100110001001111100000101100111011110100010111001101010001010010111111011010001110101100001010101110110001011010100000110010010010000000000111
011011000011110011110011101011101000111100110001001111100000101100111011110100010111001101010001010010111111011010110010000000011100001000000001001111101000110010010010000000000111
011000111111100011110011101011101000111100110001001111100000101100111011110100010111001101010001010010111111011010001110101100001010101110110001011010100000110010010010000000000111
011011000011110011110011101011101000111100110001001111100000101100110011110100010111001101010001010010111111011010001110101100001010101110110001011010100000110010010010000000000111
011011000011110011110011101011101000111100110001001111100000101100111001101101010110010001001100100111001011011010001110101100001010101110110001011010100000110010010010000000000111
011011000011110011110011101011101000111100110001001111100000101100110001011000000100010111000100011111001011011010001110101100001010101110110001011010100000110010010010000000000111
011011000011110011110011101011101000111100110001001111100000101100111011110100010111001101010001010010111111011011101001000001111010101110110001011010100000110010010010000000000111
011000111111010011110011101011101000111100110001001111100000101100111011110100010111001101010001010010111111011010001110101100001010101110110001011010100000110010010010000000000111
011011000011110011110011101011101000111100110001001111100000101100111011110100010111001111010100011111001011011010001110101100001010101110110001011010100000110010010010000000000111
100010000101100011110011101011101000111100110001001111100000101100111011110100010111001101010001010010111111011010001110101100001010101110110001011010100000110010010010000000000111
011011000011110011110011101011101000111100110001001111100101010000111010100000000100010111000100011111001011011010001110101100001010101110110001011010100000110010010010000000000111
011011000011110011110011101011101000111100110001001111100000101100110001011101010110010111000100011111001011011010001110101100001010101110110001011010100000110010010010000000000111
100110110111010011110011101011101000111100110001001111100000101100111011110100010111001101010001010010111111011010001110101100001010101110110001011010100000110010010010000000000111
011010010111010011110011101011101000111100110001001111100000101100111011110100010111001101010001010010111111011011101110000110011010101110110001011010100000110010010010000000000111
011011000011110011110011101011101000111100110001001111100101010000111011110100010111001101010001010010111111011010001110101100001010101110110001011010100000110010010010000000000111
011011000011110011110011101011101000111100110001001111100000101100110000101100011101101001010100011111001011011010001110101100001010101110110001011010100000110010010010000000000111
100110000101100011110011101011101000111100110001001111100000101100111011110100010111001101010001010010111111011011101110000110011010101110110001011010100000110010010010000000000111
110001010011100101110011101011101000111100110001001111100000101100111011110100010111001101010001010010111111011010001110101100001010101110110001011010100000110010010010000000000111
101010010111010011110011101011101000111100110001001111100000101100111011110100010111001101010001010010111111011010001110101100001010101110110001011010100000110010010010000000000111
011000111111100011110011101011101000111100110001001111100000101100111011110100010111001101010001010010111111011011101110000110011010101110110001011010100000110010010010000000000111
110001010011110011110011101011101000111100110001001111100000101100111011110100010111001101010001010010111111011010001110101100001010101110110001011010100000110010010010000000000111
