101001010101011000101100010100101101100011011110101111111000001100011001101010111101011001110011101100010100101011110011011000100011111000100111000011100000101010101100000111101011
101001010101011000101100010100101101100011011110101111111000001100011001101010111101011001110011101100010100101011110011011000100011111000100001011000100001111110011110111110001000
101001010101011000101100010100101101100011011110101111111000001100011001101010111101011001110011101100010100101011110011011000100011111000100011000011100000101010101100000111101011
101001010101011000101100010100101101100011011110101111111000001100011001101010111101011001110011101100010100101011110011011000100011111000100001011000100000101101000110110100101100
101001010101011000101100010100101101100011011110101111111000001100011001101010111101011001110011101100010100101011110011011000100011111000100001011000100001111110001100000111101011
101001010101011000101100010100101101100011011110101111111000001100011001101010111101011001110011101100010100101011110011011000100011111000100001011000100001111110001100101011111001
101001011100111110010111101011100101100011011110101111111000001100011001101010111101011001110011101100010100101011110011011000100011111000100111000011100000101010101100000111101011
101001011100111110010111101011100101100011011110101111111000001100011001101010111101011001110011101100010100101011110011011000100011111000100001011000100001111110011110111110001000
101001011100111110010111101011100101100011011110101111111000001100011001101010111101011001110011101100010100101011110011011000100011111000100011000011100000101010101100000111101011
101001011100111110010111101011100101100011011110101111111000001100011001101010111101011001110011101100010100101011110011011000100011111000100001011000100000101101000110110100101100
101001010101011000101100010100101101100011011110101111111000001100011001101010111101011001110011101100010100101011110011011000100011111000100001011000100001111110001100101011110001
101001011100111110010111101011100101100011011110101111111000001100011001101010111101011001110011101100010100101011110011011000100011111000100001011000100001111110001100000111101011
101001010101011000101100010100101101100011011110101111111000001100011001101010111101011001110011101100010100101011110011011000100011111000100001011000100000101010101100000111101011
101001011100111110010111101011100101100011011110101111111000001100011001101010111101011001110011101100010100101011110011011000100011111000100001011000100001111110001100101011111001
101001010101011000101100010100101101100011011110101111111000001100011001101010111101011001110011101100010100101011110011011000100011111000001011000011100000101010101100000111101011
101001010101011000101100010100101101100011011110101111111000001100011001101010111101011001110011101100010100101011110011011000100011111000100010010111100000101010101100000111101011
101100110000111011000101101010000010010011011110101111111000001100011001101010111101011001110011101100010100101011110011011000100011111000100111000011100000101010101100000111101011
101001010101101011000101101010000010010011011110101111111000001100011001101010111101011001110011101100010100101011110011011000100011111000100111000011100000101010101100000111101011
101100110000111011000101101010000010010011011110101111111000001100011001101010111101011001110011101100010100101011110011011000100011111000100011000011100000101010101100000111101011
101100110000111011000101101010000010010011011110101111111000001100011001101010111101011001110011101100010100101011110011011000100011111000100001011000100001111110011110111110001000
101100110000111011000101101010000010010011011110101111111000001100011001101010111101011001110011101100010100101011110011011000100011111000100001011000100000101101000110110100101100
101001011100111110010111101011100101100011011110101111111000001100011001101010111101011001110011101100010100101011110011011000100011111000100001011000100001111110001100101011110001
101001010101101011000101101010000010010011011110101111111000001100011001101010111101011001110011101100010100101011110011011000100011111000100011000011100000101010101100000111101011
101001010111000010000101101010000010010011011110101111111000001100011001101010111101011001110011101100010100101011110011011000100011111000100111000011100000101010101100000111101011
101001010101101011000101101010000010010011011110101111111000001100011001101010111101011001110011101100010100101011110011011000100011111000100001011000100001111110011110111110001000
101001010101101011000101101010000010010011011110101111111000001100011001101010111101011001110011101100010100101011110011011000100011111000100001011000100000101101000110110100101100
101001011100111110010111101011100101100011011110101111111000001100011001101010111101011001110011101100010100101011110011011000100011111000100001011000100000101010101100000111101011
101100110000111011000101101010000010010011011110101111111000001100011001101010111101011001110011101100010100101011110011011000100011111000100001011000100001111110001100000111101011
101001010111000010000101101010000010010011011110101111111000001100011001101010111101011001110011101100010100101011110011011000100011111000100001011000100001111110011110111110001000
101001010111000010000101101010000010010011011110101111111000001100011001101010111101011001110011101100010100101011110011011000100011111000100001011000100000101101000110110100101100
101001010101101011000101101010000010010011011110101111111000001100011001101010111101011001110011101100010100101011110011011000100011111000100001011000100001111110001100000111101011
101100110000111011000101101010000010010011011110101111111000001100011001101010111101011001110011101100010100101011110011011000100011111000100001011000100001111110001100101011111001
