011011111011100000100101011000101011111111101011110111011000111000010000111001001001011100110111000111100111010111100101101001111111010110000000010010111101101100110010111010000101
010001101010100101111101100110110011101001001011100000000000000111110011100110100010101100110111000111100111010111100101101001111111010110000000010010111101101100110010111010000101
011011011101100000100101011000101011111111101011110111011000111000010000111001001001011100110111000111100111010111100101101001111111010110000000010010111101101100110010111010000101
010001100101100000100101011000101011111111101011110111011000111000010000111001001001011100110111000111100111010111100101101001111111010110000000010010111101101100110010111010000101
010001101010100000100101011000101011111111101011110111011000111000010000111001001001011100110111000111100111010111100101101001111111010110000000010010111101101100110010111010000101
011011111011100000100101011000101011111111101011110111011000111000010000111001001000101100110111000111100111010111100101101001111111010110000000010010111101101100110010111010000101
010001101010100101111101100110110011101001001011100000000000000111110011100110100011111000110111000111100111010111100101101001111111010110000000010010111101101100110010111010000101
010001101010010000000101011000101011111111101011110111011000111000010000111001001001011100110111000111100111010111100101101001111111010110000000010010111101101100110010111010000101
011011110011100000100101011000101011111111101011110111011000111000010000111001001001011100110111000111100111010111100101101001111111010110000000010010111101101100110010111010000101
011011111010110011001101110011111011101001001011100000000000000111110011100110100010101100110111000111100111010111100101101001111111010110000000010010111101101100110010111010000101
010001101010100101001100000110110011101001001011100000000000000111110011100110100010101100110111000111100111010111100101101001111111010110000000010010111101101100110010111010000101
010001100101000110010101011000101011111111101011110111011000111000010000111001001001011100110111000111100111010111100101101001111111010110000000010010111101101100110010111010000101
011011111011100001001110101000110011101001001011100000000000000111110011100110100010101100110111000111100111010111100101101001111111010110000000010010111101101100110010111010000101
010001101010100101111101100110110011101001001011100000001010100111000000010111001001011100110111000111100111010111100101101001111111010110000000010010111101101100110010111010000101
011011111010100101111101100110110011101001001011100000000000000111110011100110100010101100110111000111100111010111100101101001111111010110000000010010111101101100110010111010000101
010001101011110100010001011000101011111111101011110111011000111000010000111001001001011100110111000111100111010111100101101001111111010110000000010010111101101100110010111010000101
011011110010001110010101011000101011111111101011110111011000111000010000111001001001011100110111000111100111010111100101101001111111010110000000010010111101101100110010111010000101
010001101010100101110111011000101011111111101011110111011000111000010000111001001001011100110111000111100111010111100101101001111111010110000000010010111101101100110010111010000101
100010001010010000000101011000101011111111101011110111011000111000010000111001001001011100110111000111100111010111100101101001111111010110000000010010111101101100110010111010000101
101010111100001010010001011000101011111111101011110111011000111000010000111001001001011100110111000111100111010111100101101001111111010110000000010010111101101100110010111010000101
010001101011110101001100000110110011101001001011100000000000000111110011100110100010101100110111000111100111010111100101101001111111010110000000010010111101101100110010111010000101
010001101011110111100101100110110011101001001011100000000000000111110011100110100010101100110111000111100111010111100101101001111111010110000000010010111101101100110010111010000101
010001101011100000100101011000101011111111101011110111011000111000010000111001001001011100110111000111100111010111100101101001111111010110000000010010111101101100110010111010000101
011011111011100001010101111110111011101001001011100000000000000111110011100110100010101100110111000111100111010111100101101001111111010110000000010010111101101100110010111010000101
010001101011110111100101101011110011101001001011100000000000000111110011100110100010101100110111000111100111010111100101101001111111010110000000010010111101101100110010111010000101
011011111010110000000101011000101011111111101011110111011000111000010000111001001001011100110111000111100111010111100101101001111111010110000000010010111101101100110010111010000101
010001101010100101011001000010110001010111111111010111101110110001110000100001110000101110000001000101001110010111100101101001111111010110000000010010111101101100110010111010000101
010001101011000010110111100010110001010111111111010111101110110001110000100001110000101110000001000101001110010111100101101001111111010110000000010010111101101100110010111010000101
010001101010100101011001001010110001010111111111010111101110110001110000100001110000101110000001000101001110010111100101101001111111010110000000010010111101101100110010111010000101
010001101010100101010011100010110001010111111111010111101110110001110000100001110000101110000001000101001110010111100101101001111111010110000000010010111101101100110010111010000101
010001101010100101111101100110110011101001001011100000000000000111110011100110100100111100011101010111100111010111100101101001111111010110000000010010111101101100110010111010000101
010001101011000010110111101110000111010101010110010111101110110001110000100001110000101110000001000101001110010111100101101001111111010110000000010010111101101100110010111010000101
