11100110000110011011111100100111001101110101111011100001000111000010111110101111101111010000101110011111110010111001001001000100111001100110100100011010101010010000011110111100000101
11100110000111100011100000101100111111001101111011100001000111000010111110101111101111010000101110011111110010111001001001000100111001100110100100011010101010010000011110111100000101
11100110000110010101010100011011101111001101111011100001000111000010111110101111101111010000101110011111110010111001001001000100111001100110100100011010101010010000011110111100000101
11100110000110010101001001010011000001101101111011100001000111000010111110101111101111010000101110011111110010111001001001000100111001100110100100011010101010010000011110111100000101
11100110000110010101010100011010011101000000111111101101010100001101101110101001010100011111011000100101001111111001001001000100111001100110100100011010101010010000011110111100000101
11100110000110010101010100011010011010001001011100011011011011011001011100011100000100011111011000100101001111111001001001000100111001100110100100011010101010010000011110111100000101
11100110000110011011111100010111010101001101111011100001000111000010111110101111101111010000101110011111110010111001001001000100111001100110100100011010101010010000011110111100000101
11100110000110010101010100010001010101001101111011100001000111000010111110101111101111010000101110011111110010111001001001000100111001100110100100011010101010010000011110111100000101
11100110000110010101010100011010011111101101111011100001000111000010111110101111101111010000101110011111110010111001001001000100111001100110100100011010101010010000011110111100000101
11100110000110010101010100011010011101000000110101011100011000001010001111101011101111010000101110011111110010111001001001000100111001100110100100011010101010010000011110111100000101
11100110000110010101010100010001010110101001101011001101110001111101100110110101111110001011000110100101001111111001001001000100111001100110100100011010101010010000011110111100000101
11100110000110010101010100011010011000010111001110001010010001101111100100011010000100000110000011000101000111010010011111101001100011010011001111001100000111001111110011110000100100
11100110000110010101010100010001010110101001101011001101110001111101100100011010000100000110000011000101000111010010011111101001100011010011001111001100000111001111110011110000100100
11100110000110011011111100100111001111011000001100011011011011011001011100011100000100011111011000100101001111111001001001000100111001100110100100011010101010010000011110111100000101
11100110000110010101010100101011011110111111101001110000001101110100000110101001101111001001110101111111111010010010011111101001100011010011001111001100000111001111110011110000100100
11100110000110010101010100101011011110111001011100011011011011011001011100011100000100011111011000100101001111111001001001000100111001100110100100011010101010010000011110111100000101
11100110000110010101001001010011000001101101111011100001000111000010111110101111101111010000101110011111110010111001001001000100111001100110100100011010101010010000011110111100000101
