00101111000100101001001011100101010001100100000111101010110101110000110100011111100000000011000100010101000011111111100011001001111101110110001001011100000111111011101111010010011101
00101111000100101001001011100101010001100100000111101010110101110000110100011111100000000011000111100000111110100000100101010101101011100100111001011100000111111011101111010010011101
00101111000100101001001011100101010001100100000111101010110101110000110100011111100000000011000100010101000011111111100011001001111101110110001001011011001101000010101001100110011101
00101111000100101001001011100101010001100100000111101010110101110000110100011111100000000011000100010101000011111111100011001001011001110011000111001000000100111110111101000101011101
00101111000100111100100000110011111100111110110010000001100011011101101110101010001011010101101001000000010111011111000110111111111011110101001001011100000111111011101111010010011101
00101101101000101100000001101011000110000000011101110111001111001110100101111000100010010100100010110010011101010000100101010101101011100100111001011100000111111011101111010010011101
00101111000100101001001011100101010001100100000111101010110101110000110100011111100000000011000100010101000011111111100011001001111101110110011100011001010111111000100101100110011101
00101111000100101001001011100101010001100100000111101010110101110000110100011111100000000011000111100000111110100000100101010101101011100100111001011110000101101100111001001101111101
00101111000100111100100000110011111100111110110010000001100011011101101110101010001011010101101001001111110110010100110101100100000011000110000000000110010001110011101111010010011101
00101111000100101001001011100101010001100100000111101010110101110000110100011111100000000011000100010101000011111111100010011111110100010110111001011100000111111011101111010010011101
00101111000100101001001011100101010001100100000111101010110101110000110100011111100000000011000110111001010000111100100011110000000010110000000000111110001010101010110101000101011101
00101111000100111100100000110011111100111110110010000001100011011101101110101010001011010101101001001111110110010100110101100100000011000110000111001000000100111110111101000101011101
00101111000100101001001011100100000111101100010001110111001111001110100101111000100010010100100010110010011101010000100101010101101011100100111001011100000111111011101111010010011101
00101111000100101001001011100101010001100100000111101010110101110000110100011111100000000011000100010101000011111111100011001001111101110110011100101110111011100110100101001101111101
00101111000101011100100000110011111100111110110010000001100011011101101110101010001011010101101001000000010111011111000110111111111011110101001001011100000111111011101111010010011101
00101111000100101001001011100101010001100100000111101010110101110000110100011111100000000011000111100000111110100000100101010101101011100100111001011111010010000111001010111010101101
10111011100000101010010110101000011011110111101010101000111111011011001100111011111111011001100110010011111101110011110110010000111111011110001101101000100111110000000000100111011000
