01010111001100111111110111100000101100011101010000010101000011001100000011110001110011100000101000100011000101001010100010001011100100100110111001111011111100000001101000001011000110
01010111001100111111110111100000101100011101010000010101000011001100000011110001110011100000101000100011000101001010110011101100100001100001011100000010111010100110110110100100111110
01010111001100111111110111100000101100011101010000010101000011001100000011110001110011100000101000100110000011111011011001110010001011011001011100001010010110000111001011010011101110
01010111001100111111110111100000101100011101010000010101000011001100000011110001110011100000101000100110000011111011010010011100010101001011001010100011111100000001101000001011000110
01010111001100111111110111100000101100011101010000010101000011001100000011110001110011100000101000100110000011111011011001110010001011011001011100001010010110000001011101110000101110
01010111001100111111110111100000101100011101010000010101000011001100000011110001110011100000101000100110000011111011011001110010001011011001011100001010010110000111001011010000101110
01010111001100111111110111100000101100011101010000010101000011001100000011110001110011100000101000100011000101001010110011101100100001100000000010010011111100000001101000001011000110
01010111001100111111110111100000101100011101010000010101000011001100000011110001110011100000101000100110000011111011011001110010001011011001011100001011000000001000110000000010101110
01010111001100111111110111100000101100011101010000010101000011001100000011110001110011100000101000100110000011111011011001110010001011011001011100001010010110000111001011010100000110
01010111001100111111110111100000101100011101010000010101000011001100000011110001110011100000101000100110000011111011011001110000100010010010111000000100010001011100001000001011000110
01010111001100111111110111100000101100011101010000010101000011001100000011110001110011100000101000100110000011111011011000111010100010111010101101100110010100111101101000001011000110
01010111001100111111110111100000101100011101010000010110110100101101111010011000010000000010011010010011000011010011101001111001101001101000000100100111011111001010111010100010101110
01010111001100111111110111100000101100011101010000010101000011001100000011110001110011100000101000100110000011111011011001110010001110000001111010001000010100000001101000001011000110
01010111001100111111110111100000101100011101010000010101000011001100000011110001110011100000101000100110000011111011011000111010100010111100101111000001001000111100011100001011000110
01010111001100111111110111100000101100011101010000010101000011001100000011110001110011100000101000100110000011111011011000100100000111101110001101000011100010000001101000001011000110
01010111001100111111110111100000101100011101010000010101000011001100000011110001110011100000101000100110000011111011011000111010100010111010101101100110010110010110101100010010011110
01010111001100111111110111100000101100011101010000010101000011001100000011110001110011100000101000100110000011111011011001110010001011011001011100001011000000001000110000000101100110
