01011011101100010010011001111011100010001101000101001000001101100000011000110110110000110100110001111001010101001011010001011010101110100010000111111000001000111011011110101100100111
01011011101100010010011001111011100010001101000101001000001101100000011000110110110000110100110001111001010101001011010001011010101110100010000111111000111111011111010010111010110111
01011011101100010010011001111011100010001101000101001000001101100000011000110110110000110100110001111001010101001011011011111110101010001100111100111011000110010000101101011100100111
01011011101100010010011001111011100010001101000101001000001101100000011000110110110000110100110001111001010101001011010001011010101110100010000111111000101010011000101101011100100111
01011011101100010010011001111011100010001101000101001000001101100000011000110110110000110100110001111001010101001011010001011010101110100010000111111000111111011111010010101100100111
01011011101100010010011001111011100010001101000101001000001101100000011000110110110000110100110001111001010101001011110000101100111011001110010111100011111000110000001011011100100111
01011011101100010010011001111011100010001101000101001000001101100000011000110110110000110100110001110010101000110000010110010000110000111001010111101101101011001010001110101100100111
01011011101100010010011001111011100010001101000101001000001101100000011000110110110000110100110001111001010101001011010001011010101110100010000111111000111111011110101010111010110111
01011011101100010010011001111011100010001101000101001000001101100000011000110110110000110100110001111001010101001011010001011010101110111101000111101101101011001010001110101100100111
01011011101100010010011001111011100010001101000101001000001101100000011000110110110000110100110001111001010101001011010001011010101111001110010111100011111000110000001011011100100111
01011011101100010010011001111011100010001101000101001000001101100000011000110110110000110100110001111101000011001111111011000110100001011110010101111010000100100001100001110001100111
01011011101100010010011001111011100010001101000101001000001101100000011000110110110000110100110001110010101000110101000100011100010000010110001001101001000100000010001110101100100111
01011011101100010010011001111011100010001101000101001000001101100000011000110110110000110100110001111001010101001011010001011010110111001000100000000111100001000000101101011100100111
01011011101100010010011001111011100010001101000101001000001101100000011000110110110000110100110001111001010101001011110000100111110100010111101100101110010010000101100111000001100111
01011011101100010010011001111011100010001101000100100011011011001101000010000011011011100010011100100011100000100000000111110111110100010111101100101110010010000101100111000001100111
01011011101100010010011001111011100010001101000101001000001101100000011000110110110000110100110001111001010101001011010000001100100111011101000111101101101011001010001110101100100111
01011011101100010010011001111011100010001101000101001000001101100000011000110110110000110100110001111001010101001011010001011010101110100010000111111000111111011110101110011000011010
