11100001010101010001100100100111100101001100011000001000001011000001100000010100010110011000010100111101010111000000010110100001010111011000001000001110010011101000001101111110001111
11100001010101010001100100100111100101001100011000001000001011000011000010010010011111110010011100110101000001011011110000010110010111011000001000001110010011101000001101111110001111
11100001010101010001011010101010001011010111000110011001100011100010101110011110011001001011000000100011010001001001001101011101000111010000010100100011001011110100100100000101101111
11100001010101010001100100101110100101001100011000001000001011000001100000010100010110011000010100111101010111000000010110100001010111011000001000001110010011101000001101111110001111
11100001010101010001111011110010110110011000011000000110111000000001010010100100110100101010100111100110111000011011110000010110010111011000001000001110010011101000001101111110001111
11100001010101010001111011110010110110011000011000000110111001010111011011000100000111110001100100100111010001011010110110001010000001001110101101011100010001000101101000111000110101
11100001010101010001100100100111100101001100011000001000001011000001100000010100010110011000010100111101010111000000010110100001010111011000001000001110010011010010110010100000110101
11100001010101010001100100100111100101001100011000001000001011000001100000010100010110011000010100111101010111000000010110100001010111011000001000110010111000100110000100010000000101
11100001010101010001100100100111100101001100011000001000001011000001100000010100010110011000010100111101010111000000010110100111111001111111100010100000101110011101110000100000110101
11100001010101010001011010101010001011010111000110011001100010110100101000011101001111101010010110101010110001101100011111011111010001000100011100010000101001010110100010001000000101
11100001010101010001100100100111100101001100011000001000001011000001100000010100010110011000010100111101010111000000010110100001010111011000001000110010111000100110001110100000110101
11100001010101010001100100100111100101001100011000001000001011000001100000010100010110011000010100111101010111000000010110100001100100100010000000010110110101000001000110011000110101
11100001010101010001011010101010001011010111000110011101000011001001111001100101001111101010010110101010110001101100011111011111010001000100011100010000101001010110100010001000000101
11100001010101010001100100100110110011000101111010110100101000010000100011010000100100111100111011110000000100000111100010110110111010111011101100110101100110101110010001101010111010
11100001010101010001100100100111100101001100011000001000001011000011000010010010011111110010011100110101000001011011110000010110010111011000001000001110010011010010110010100000110101
11100001010101010001011010101010001011010111000110011001100010110100101000011101001111101010010110101010110001101100011111011111101011001001111010101001101111110001111100100000110101
11010100001111111100001000101011111110100111101110101111111100110000000011010000110010001110110011011000111101011100000100111110010010001110011001101000111100101110110100011010011000
