11000101001001000101000101010010001010110001011100111110101101111111000101010111011010101010111111011110101000011111100101100111101010010001100000110110111110001111111100011000100001
11000101001001000101000101111001011111000111101001010101111011010010011111100010110001111100010010000100011101101001010010101010110010110111110101011010011110001111111100011000100001
11000101001001000101000101010010001010110001011100111110101101111111000101010111011010101010111111011000111110101111100101100111101010010001100000110110111110001111111100011000100001
00111010000111100000011111100011110011011000000110101100110010000100110010100110100100000010111101011000111110101111100101100111101010010001100000110110111110001111111100011000100001
01000100101100110110110111000000011111000111101001010101111011010010011111100010110001111100010010000100011101101001010010101010110010110111110101011010011110001111111100011000100001
00111010000111100000011111100011110011011101011100111110101101111111000101010111011010101010111111011110101000011111100101100111101010010001100000110110111110001111111100011000100001
11000101001001000101000101010010001010110001011100111110101101111111000101010111011010101011101011010110110110111100001101000011000100111001010001001100000101110000011011000001100001
00111010000111100000011111100011110011011101011100111110101101111111000101010111011010101010111111011000111110101111100101100111101010010001100000110110111110001111111100011000100001
11000101001001000101000101011011101111011000000110101100110010000100110010100110100100000010111101011000111110101111100101100111101010010001100000110110111110001111111100011000100001
10010111000011100001000001101101000111100001111111110000101001010000001100001001001011000011001000110101010001001100101011101100100011010000110111001101111101001111111100011000100001
11000101001001000101000101010010001010110001000011101011101110000000001000010101010010111001111110010011010010110000011101000011000100111001010001001100000101110000011011000001100001
11000101001001000101000101010010001010110001000011101011101101100101010011000000111001101111010100000011000010011100101011011111010010101011100100001100000101110000011011000001100001
11000101001001000101000101010010001010110001000011101011101101100101010010100000111001101111010100000011000010011100101011011111010010101011100100001100000101110000011011000001100001
00111010000111100000011111100011110011011101011100111110101101111111000101010111011010101011101011010110110110111100001101000011000100111001010001001100000101110000011011000001100001
00111101110110001101101100100111111100000110101000110011010000000011010100011001010100011111100111100111111100111100001101000011000100111001010001001100000101110000011011000001100001
00111011010001010011000011000011100101111001101110010001011001101011000011111101010010111001111110010011010010110000011101000011000100111001010001001100000101110000011011000001100001
10100010110010011000011111101110101010011101001000100111000000110010011011110001000001110111100010001111111100111101100001000000110001111001000110010011101000110001001100101000111011
