01111111100000000010001110101101100011011000101011100110100111101110100011111010000000100001000011010110110111010011011111010100110110111001011001111010100001111111100011110010110100
01111111011011100010111010010110010110100100001000101000111010010010011111100011011010110110001101000010110110100000000101011110111011101010100110011110100001111111100011110010110100
01111111100000000010001110101101100011011000101011100110100111101110100011111010000000100001000011010110110111010011011000000110110010010001100110011110100001111111100011110010110100
01111111100000000010001110101101100011011000101011100110100111101110100011111010000000100001000011010110110111010111111000101101101000011100011110011010100001111111100011110010110100
01111111011011101001001010011111100001001111110001011010110110101010001101011111101100100000010101011111011111001000111011010000110100010010110101101010100001111111100011110010110100
01111111011011101001110100010010111100001110111001010101111110001000010110001000110101101011001110011111011111001000111011010000110100010010110101101010100001111111100011110010110100
01111111011011101001110100010010111001101001100101011010110110101010001101011111101100100000010101011111011111001000111011010000110100010010110101101010100001111111100011110010110100
01111111100011111101001010000110110001110100111101010001000011100011100100100001111111110111101111000110110110100000000101011110111011101010100110011110100001111111100011110010110100
01111111100011111101001010000110110001110100111101010001000011100011000001010001110110001000001111000110110110100000000101011110111011101010100110011110100001111111100011110010110100
01111111100011111101001010000110110001110100111101010001000011100011000001011011000111000100001101100101000110010011100000010011110100010010110101101010100001111111100011110010110100
01111111011011101001001110100001101000110110000011001010000001100001111001000011111010101101100001001111011111001000111011010000110100010010110101101010100001111111100011110010110100
01111111011011101001000111111110011100100001100101011010110110101010001101011111101100100000010101011111011111001000111011010000110100010010110101101010100001111111100011110010110100
01111110101001111001100110100111110000010011110001011010110110101010001101011111101100100000010101011111011111001000111011010000110100010010110101101010100001111111100011110010110100
01111111011011101010011100011000101011010000001111011010110110101010001101011111101100100000010101011111011111001000111011010000110100010010110101101010100001111111100011110010110100
01111111011011101001110100011111000010111011010111001011101101001010100111001111101011110111101110001100000001011001010010100101110010010001100110011110100001111111100011110010110100
01111111011011101001110100010010010010110000001001100000111011100111111101111010000000100001000011010110110111010011011111010100110110111001011001111010100001111111100011110010110100
01111111011011100010111010111101010111110011010010101111000001010010100111000100001101000010101100000010001111101001111111010100110110111001011001111010100001111111100011110010110100
