10011111110000111100010011001011101010101001010010111010011011010110010101001011101101110101100110011110011010011110110011000001001111100111010011011010001010011000001001100001001110
10000000111000000101010101010111101010101001010010111010011011010110010101001011101101110101100110011110011010011110110011000001001111100111010011011010001010011000001001100001001110
10011110000110101010110110011001101010101001010010111010011011010110010101001011101101110101100110011110011010011110110011000001001111100111010011011010001010011000001001100001001110
10000010101011101110111010001010101010101001010010111010011011010110010101001011101101110101100110011110011010011110110011000001001111100111010011011010001010011000001001100001001110
10011101011000010000100010101100101010101001010010111010011011010110010101001011101101110101100110011110011010011110110011000001001111100111010011011010001010011000001001100001001110
10011111110011010111111100010110101010101001010010111010011011010110010101001011101101110101100110011110011010011110110011000001001111100111010011011010001010011000001001100001001110
10000010101011101110111010001010001010000010110100111010011011010110010101001011101101110101100110011110011010011110110011000001001111100111010011011010001010011000001001100001001110
10000010101011101110111010001010101011100000101101110010101000110100110111001101100100010001011011010001100100010011110111001101110111000101110000110110000011001001110001100001001110
01100111000010111010001111001101000010101001010010111010011011010110010101001011101101110101100110011110011010011110110011000001001111100111010011011010001010011000001001100001001110
10011111110011010111111100010110100010011010110011110110100011000110111010000011011001001110010011100010000101011000000100111010011100111100100001111101110110111010010001100001001110
10011111110100000011100010111101000111110011100111010001001101111011001111111110000110100011001011000100110110000100101001110111001001101010000110011010010000000101111001100001001110
10011111110000111100010011001011101010101001010010111010011011010110010101001011101101110101100110011110011010011110110011100010000001101101010011011010001010011000001001100001001110
10000010101011101110111010001010101011100000101101110010101000110100110111001101100100010001011011010001100100010011110111001010111101100001001111011100100000110011110001100001001110
10011111110100000011100010111101000111110011100111010001001101111011001111111110000110100011001001101000100101000100101001110111001001101010000110011010010000000101111001100001001110
10011111110011010111111100010110100010011010110011110110100011000110111010000011011001001110010011100010000101011000000100001100011010111100011111010110101011101100101001100001001110
10000010101011101110111010001010101011100000101101110010101000110100110111001101100100010001011011010001100100010011110111001101110111000101110100101010011110111100110101001101001011
10011100100100110111000010100011100101100010001001111110111010100100110010110100011110110100111110010010001111011011001001011101101000000100100010110111111011111100101001100000100010
