11111011011101111101100010001010000110100000000110011010010110011000000000101111111110111001011100110110011000110111011111001100101111110111111101011101010101001110110101001011101000
11111011011101111101100010000100101101101111000111101010001000000000101001000001101010011111101011001011101100101010011101010001101011000101011001110011101011011011111001001011101000
11111011011101111101100010001010000110100000000110011010010110011000000000101111111110111001011100110110011000110111011111001100100011000101011001110011101011011011111001001011101000
11111011011101111101100010000100101101101111000111101010001000000000101001000001101010011111101011101101110101010000001001010001101011000101011001110011101011011011111001001011101000
11111011011101111101100010001010000110100000000110011010010110011000000000101111111110111001011100110110011000110111011111001100101111110111111101011101010101001110110101010011101000
11111011011101111101100010000100101101101111000111101010001000000000101001000001101010011111101011001011100100001011000100100010100000010111110000110010111101010011101101001011101000
11111110110000101011001000010101101111011100111110101101011100000011101111011011110100110001100100111110111011011110000010011111001100010111110000110010111101010011101101001011101000
11111011011101111101100010001010000110100000000110011010010110011000000000101111111110111001011100110110011000110111011111001100100011001111111101011101010101001110110101001011101000
11111011011101111101100010001010000110100000000110011010010110011000000000101111111110111001011100110110011000110111011111001100101111110111111101011101010101001110110110000011001000
11111011011101111101100010000100101101101111000111101010001000000011101111011011110100110001100100111110111011011110000010011111001100010111110000110010111101010011101101001011101000
11111110110000101011001000010101101111011100111110101101011100000011101111011011110100110001100100111110110001100010100001001100100011000101011001110011101011011011111001001011101000
11111011011101111101100010000100101101101111000111101010001000000011101111011011110100110001100100111110110001100010100001001100100011000101011001110011101011011011111001001011101000
11111011011101111101100010001010000110100000000110011010010110011000000000101111111110111001011100110110010010000110010011010111111111110111111101011101010101001110110101001011101000
11111110110000101011001000010101101111011100111110101101011100000011101111011011110100110001100100111110111011011110000010011111001100011101000001111110000110100001101001000011111000
11111011011101111101100010000100101101101111000111101010001000000011101111011011110100110001100100111110111011011110000010011111001100011101000001111110000110100001101001000011111000
11111011011101111101100010001010000110111001110100110110110000011110010011000100000100000110000110000010000010101010101011100100010000101110100011001100110001101011000010000011001000
11111110110000101011001000010101101111011100111110101101011100000011101111011011110100110001100100111110111010011010101101010101001111101100000101110010111101010011101101001011101000
