00100001111101100011111011101000110001101000011110101100111111010000001011011010010010000101010110010111110010000001011101110111000010001100000000011010001110111111000010110110011000
00100001111000110001101100100100010100101010101101011111001111010000001011011010010010000101010110010111110010000001011101110111000010001100000000011010001110111111000010110110011000
00100001111101100011111011010001101010011111001111000111101001111101010001101111111001010011111011001101000111101010001011011010011000111001101011001100100011100000101111111100010111
00100001111110111000001111000001011011010010011110101100111111010000001011011010010010000101010110010111110010000001011101110111000010001100000000011010001110111111000010110110011000
00100001111101100011111011101011001001101010011110101100111111010000001011011010010010000101010110010111110010000001011101110111000010001100000000011010001110111111000010110110011000
00100001111101100011101110001010101001011110101011000111101001111101010001101111111001010011111011001101000111101010001011011010011000111001101011001100100011100000101111111100010111
00100001111101100011111011101000110000010100011110101100111111010000001011011010010010000101010110010111110010000001011101110111000010001100000000011010001110111111000010110110011000
00100001111101100011111011010001101010011111001100010000011100000011100100001101100000001001101110000101010001110001010011011010011000111001101011001100100011100000101111111100010111
00100001111101100011111011101000110001101000011110101100111111010000001011011010010010000101010110010111110010000001010011011010011000111001101011001100100011100000101111111100010111
00100001111000110001101100100100010100101010101101011111001111010000001011011010010010000101010110010111110010000001010011011010011000111001101011001100100011100000101111111100010111
00100001111101100011111011111010101001011110101011000111101001111101010001101111111001010011111011001101000111101010001011011010011000111001101011001100100011100000101111111100010111
00100001111101100011111011010001101010011111001100010000011100000011100100001101100000001001101110000101010001110001011010000111100011010001111100000001001111010111101111111100010111
00100001111101100011111011101011001001011110101011000111101001111101010001101111111001010011111011001101000111101010001011011010011000111001101011001100100011100000101111111100010111
00100001111000110001101100100100010100101010101101001110001101000111101111000000000001101001011000111111001111001011010011011010011000111001101011001100100011100000101111111100010111
00100001111110111000001111000001011100011001001111000111101001111101010001101111111001010011111011001101000111101010001011011010011000111001101011001100100011100000101111111100010111
00100001111000111011011101101000010010100110011000110100011001111101010001101111111001010011111011001101000111101010001011011010011000111001101011001100100011100000101111111100010111
01111011100010010111100011110110000101011111000011111111110111000001001100110010100111000100111101110011111110101101000000111000110000111011010100000111110111000100101111111100010111
