01100111001000000001011110100000011110110000011100011101010010011111110110101111111111100111010010111001101111001001010011001000000111101000011010100110100000101011011011001100001001
01100111001000000001011110100000011110110000011100011101010010011111110110101110111000000110001110110101101001111110111001000000010111111101110011001111101010001011100010001100001001
01100111001000000001011110100000011110110000011100011101010010011111110110101110111000000110001101101110010100011111011010100101111110101001010011001111101010001011100010001100001001
01100111001000000001011110100000011110110000011100011101010010011111110110101111111111100111010110010110100111111101100010000100011100111100110001011101100000101011011011001100001001
01100111001000000001011110100000011110110000011100011101010010011111110110101110010110011001100010101010110001100111111011110011101110000100110101110000100110001100111010001100001001
01100111001000000001011110100000011110110000011100011101010010011111110110101111100000110011010010111001101111001001010011001000000111101000011010100110100000101011011011001100001001
01100111001000000001011110100000011110110000011100011101010010011111110110101110010110011001100010101010110001100110010101111111101110000100110101110000100110001100111010001100001001
01100111001000000001011110100000011110110000011100011101010010011111110110101110010110011001100010101111110101111110001010100011000000000000010000001001100000101011011011001100001001
01100111001000000001011110100000011110110000011100011101010010011111110110101110111000000110001100011101011100111101000100101000000111101000011010100110100000101011011011001100001001
01100111001000000001011110100000011110110000011100011101010010011111110110101110111000000111000100010101111010101010001100100100001010011110101000001010000101111011101010001100001001
01100111001000000001011110100000011110110000011100011101010010011111110110101111100000110010011011000010000001111100110101111000000101001101100011001110001010010001100010001100001001
01100111001000000001011110100000011110110000011100011101010010011111110110101111100000110010011011111101100001100110100001100110001011010100001100001001110101011100011010001100001001
01100111001000000001011110100000011110110000011100011101010010011111110110101110111000000110001101101110010100011111001010111111101110000100110101110000100110001100111010001100001001
01100111001000000001011110100000011110110000011100011101010010011111110110101110010110011001100010101111110101111110001010100101111110101001010011001111101010001011100010001100001001
01100111001000000001011110100000011110110000011100011101010010011111110110101110111000000110001100011101011100111101000100011111100110000011100000010101111111000011100010001100001001
01100111001000000001011110100000011110110000011100011101010010011111110110101110010110011001100010101011101111100011110000011100010110110111010111110001110011101110100111000110000110
00001110100100000110000110011110010110110011011010001000011001000101111110100111100000110010001101011111100111101111000001100101011000101100010110111001101111001001100010101000001111
